time	DeviceName	AccX(g)	AccY(g)	AccZ(g)	AsX(°/s)	AsY(°/s)	AsZ(°/s)	AngleX(°)	AngleY(°)	AngleZ(°)	HX(uT)	HY(uT)	HZ(uT)	Q0()	Q1()	Q2()	Q3()	Temperature(°C)	Version()	Battery level(%)
2025-5-11 11:12:26.171	WTBenchPress#5(CEA7A127C8E8)	0.038	-1.023	0.104	-2.869	-0.549	0.000	-86.13	-2.49	130.39	7.154	18.914	-8.526	0.32257	-0.26999	-0.62146	0.66086	24.3	13111	100
2025-5-11 11:12:26.171	WTBenchPress#5(CEA7A127C8E8)	0.039	-1.023	0.104	-2.502	-0.488	0.000	-86.15	-2.49	130.37	7.154	18.914	-8.526	0.32257	-0.26999	-0.62146	0.66086	24.3	13111	100
2025-5-11 11:12:26.229	WTBenchPress#5(CEA7A127C8E8)	0.039	-1.023	0.103	-2.014	-0.427	0.000	-86.18	-2.48	130.37	7.154	18.914	-8.526	0.32257	-0.26999	-0.62146	0.66086	24.3	13111	100
2025-5-11 11:12:26.229	WTBenchPress#5(CEA7A127C8E8)	0.039	-1.023	0.103	-1.526	-0.366	0.000	-86.19	-2.48	130.36	7.154	18.914	-8.526	0.32257	-0.26999	-0.62146	0.66086	24.3	13111	100
2025-5-11 11:12:26.259	WTBenchPress#5(CEA7A127C8E8)	0.039	-1.023	0.103	-0.916	-0.366	0.000	-86.19	-2.48	130.34	7.154	18.914	-8.526	0.31998	-0.27249	-0.62650	0.65631	24.3	13111	100
2025-5-11 11:12:26.259	WTBenchPress#5(CEA7A127C8E8)	0.039	-1.023	0.103	-0.488	-0.305	0.000	-86.18	-2.47	130.32	7.154	18.914	-8.526	0.31998	-0.27249	-0.62650	0.65631	24.3	13111	100
2025-5-11 11:12:26.288	WTBenchPress#5(CEA7A127C8E8)	0.040	-1.022	0.103	0.000	-0.244	0.000	-86.16	-2.47	130.30	7.154	18.914	-8.526	0.31998	-0.27249	-0.62650	0.65631	24.3	13111	100
2025-5-11 11:12:26.289	WTBenchPress#5(CEA7A127C8E8)	0.040	-1.023	0.103	0.366	-0.244	0.000	-86.13	-2.47	130.29	7.154	18.914	-8.526	0.31998	-0.27249	-0.62650	0.65631	24.3	13111	100
2025-5-11 11:12:26.349	WTBenchPress#5(CEA7A127C8E8)	0.040	-1.023	0.104	0.671	-0.183	0.000	-86.10	-2.47	130.27	7.154	18.914	-8.526	0.31998	-0.27249	-0.62650	0.65631	24.3	13111	100
2025-5-11 11:12:26.350	WTBenchPress#5(CEA7A127C8E8)	0.040	-1.023	0.104	0.977	-0.183	0.000	-86.06	-2.46	130.25	7.154	18.914	-8.526	0.31998	-0.27249	-0.62650	0.65631	24.3	13111	100
2025-5-11 11:12:26.381	WTBenchPress#5(CEA7A127C8E8)	0.040	-1.023	0.104	1.282	-0.122	0.000	-86.02	-2.46	130.24	7.154	18.914	-8.526	0.31998	-0.27249	-0.62650	0.65631	24.3	13111	100
2025-5-11 11:12:26.381	WTBenchPress#5(CEA7A127C8E8)	0.040	-1.023	0.104	1.648	-0.122	0.000	-85.97	-2.46	130.23	7.154	18.914	-8.526	0.31998	-0.27249	-0.62650	0.65631	24.3	13111	100
2025-5-11 11:12:26.409	WTBenchPress#5(CEA7A127C8E8)	0.040	-1.023	0.104	1.892	-0.122	0.000	-85.91	-2.46	130.21	7.154	18.914	-8.526	0.31998	-0.27249	-0.62650	0.65631	24.3	13111	100
2025-5-11 11:12:26.409	WTBenchPress#5(CEA7A127C8E8)	0.040	-1.023	0.104	2.075	-0.122	0.000	-85.85	-2.45	130.20	7.154	18.914	-8.526	0.31998	-0.27249	-0.62650	0.65631	24.3	13111	100
2025-5-11 11:12:26.470	WTBenchPress#5(CEA7A127C8E8)	0.040	-1.023	0.104	2.014	-0.122	0.000	-85.79	-2.45	130.18	6.958	19.012	-8.330	0.31998	-0.27249	-0.62650	0.65631	24.3	13111	100
2025-5-11 11:12:26.470	WTBenchPress#5(CEA7A127C8E8)	0.040	-1.022	0.104	2.014	-0.061	0.000	-85.73	-2.44	130.17	6.958	19.012	-8.330	0.31998	-0.27249	-0.62650	0.65631	24.3	13111	100
2025-5-11 11:12:26.500	WTBenchPress#5(CEA7A127C8E8)	0.040	-1.023	0.104	1.953	-0.122	0.000	-85.68	-2.44	130.17	6.958	19.012	-8.330	0.31998	-0.27249	-0.62650	0.65631	24.3	13111	100
2025-5-11 11:12:26.500	WTBenchPress#5(CEA7A127C8E8)	0.039	-1.023	0.104	1.892	-0.122	0.000	-85.62	-2.44	130.16	6.958	19.012	-8.330	0.31998	-0.27249	-0.62650	0.65631	24.3	13111	100
2025-5-11 11:12:26.528	WTBenchPress#5(CEA7A127C8E8)	0.040	-1.023	0.105	1.770	-0.122	0.000	-85.57	-2.44	130.15	6.958	19.012	-8.330	0.31998	-0.27249	-0.62650	0.65631	24.3	13111	100
2025-5-11 11:12:26.529	WTBenchPress#5(CEA7A127C8E8)	0.039	-1.024	0.105	1.587	-0.122	0.000	-85.52	-2.44	130.14	6.958	19.012	-8.330	0.31998	-0.27249	-0.62650	0.65631	24.3	13111	100
2025-5-11 11:12:26.591	WTBenchPress#5(CEA7A127C8E8)	0.039	-1.023	0.105	1.404	-0.122	0.000	-85.47	-2.43	130.14	6.958	19.012	-8.330	0.31998	-0.27249	-0.62650	0.65631	24.3	13111	100
2025-5-11 11:12:26.592	WTBenchPress#5(CEA7A127C8E8)	0.038	-1.023	0.105	1.160	-0.122	0.000	-85.44	-2.43	130.14	6.958	19.012	-8.330	0.31998	-0.27249	-0.62650	0.65631	24.3	13111	100
2025-5-11 11:12:26.621	WTBenchPress#5(CEA7A127C8E8)	0.039	-1.023	0.105	0.916	-0.183	0.000	-85.40	-2.43	130.13	6.958	19.012	-8.330	0.31998	-0.27249	-0.62650	0.65631	24.3	13111	100
2025-5-11 11:12:26.621	WTBenchPress#5(CEA7A127C8E8)	0.038	-1.023	0.105	0.610	-0.183	0.000	-85.37	-2.43	130.13	6.958	19.012	-8.330	0.32285	-0.27155	-0.62109	0.66040	24.3	13111	100
2025-5-11 11:12:26.650	WTBenchPress#5(CEA7A127C8E8)	0.039	-1.023	0.105	0.244	-0.183	0.000	-85.35	-2.42	130.13	6.958	19.012	-8.330	0.32285	-0.27155	-0.62109	0.66040	24.3	13111	100
2025-5-11 11:12:26.650	WTBenchPress#5(CEA7A127C8E8)	0.038	-1.024	0.105	-0.183	-0.244	0.000	-85.34	-2.42	130.13	6.958	19.012	-8.330	0.32285	-0.27155	-0.62109	0.66040	24.3	13111	100
2025-5-11 11:12:26.739	WTBenchPress#5(CEA7A127C8E8)	0.039	-1.023	0.106	-0.549	-0.305	0.000	-85.33	-2.42	130.13	6.958	19.012	-8.330	0.32285	-0.27155	-0.62109	0.66040	24.3	13111	100
2025-5-11 11:12:26.739	WTBenchPress#5(CEA7A127C8E8)	0.039	-1.024	0.105	-1.038	-0.305	0.000	-85.34	-2.42	130.13	6.958	19.012	-8.330	0.32285	-0.27155	-0.62109	0.66040	24.3	13111	100
2025-5-11 11:12:26.739	WTBenchPress#5(CEA7A127C8E8)	0.039	-1.023	0.106	-1.343	-0.305	0.000	-85.35	-2.42	130.14	6.958	19.012	-8.330	0.32285	-0.27155	-0.62109	0.66040	24.3	13111	100
2025-5-11 11:12:26.739	WTBenchPress#5(CEA7A127C8E8)	0.039	-1.023	0.104	-1.587	-0.305	0.000	-85.36	-2.41	130.15	6.958	19.012	-8.330	0.32285	-0.27155	-0.62109	0.66040	24.3	13111	100
2025-5-11 11:12:26.768	WTBenchPress#5(CEA7A127C8E8)	0.040	-1.023	0.104	-1.831	-0.427	0.000	-85.38	-2.41	130.16	6.958	19.012	-8.330	0.32285	-0.27155	-0.62109	0.66040	24.3	13111	100
2025-5-11 11:12:26.768	WTBenchPress#5(CEA7A127C8E8)	0.040	-1.023	0.105	-2.197	-0.427	0.000	-85.41	-2.41	130.17	6.958	19.012	-8.330	0.32285	-0.27155	-0.62109	0.66040	24.3	13111	100
2025-5-11 11:12:26.829	WTBenchPress#5(CEA7A127C8E8)	0.041	-1.023	0.106	-2.563	-0.427	0.000	-85.44	-2.41	130.18	6.958	19.012	-8.330	0.32285	-0.27155	-0.62109	0.66040	24.3	13111	100
2025-5-11 11:12:26.829	WTBenchPress#5(CEA7A127C8E8)	0.040	-1.023	0.105	-2.930	-0.427	0.000	-85.48	-2.41	130.19	6.958	19.012	-8.330	0.32285	-0.27155	-0.62109	0.66040	24.3	13111	100
2025-5-11 11:12:26.858	WTBenchPress#5(CEA7A127C8E8)	0.040	-1.022	0.106	-3.235	-0.488	0.000	-85.53	-2.40	130.20	7.056	18.816	-8.624	0.32285	-0.27155	-0.62109	0.66040	24.3	13111	100
2025-5-11 11:12:26.859	WTBenchPress#5(CEA7A127C8E8)	0.041	-1.022	0.105	-3.601	-0.549	-0.305	-85.58	-2.41	130.21	7.056	18.816	-8.624	0.32285	-0.27155	-0.62109	0.66040	24.3	13111	100
2025-5-11 11:12:26.918	WTBenchPress#5(CEA7A127C8E8)	0.041	-1.025	0.106	-3.906	-0.610	-0.305	-85.64	-2.41	130.22	7.056	18.816	-8.624	0.32285	-0.27155	-0.62109	0.66040	24.3	13111	100
2025-5-11 11:12:26.918	WTBenchPress#5(CEA7A127C8E8)	0.041	-1.024	0.105	-4.028	-0.610	-0.244	-85.70	-2.41	130.22	7.056	18.816	-8.624	0.32285	-0.27155	-0.62109	0.66040	24.3	13111	100
2025-5-11 11:12:26.948	WTBenchPress#5(CEA7A127C8E8)	0.040	-1.024	0.104	-3.967	-0.610	-0.183	-85.76	-2.42	130.23	7.056	18.816	-8.624	0.32285	-0.27155	-0.62109	0.66040	24.3	13111	100
2025-5-11 11:12:26.948	WTBenchPress#5(CEA7A127C8E8)	0.040	-1.023	0.104	-3.906	-0.671	-0.183	-85.83	-2.42	130.23	7.056	18.816	-8.624	0.32285	-0.27155	-0.62109	0.66040	24.3	13111	100
2025-5-11 11:12:26.978	WTBenchPress#5(CEA7A127C8E8)	0.040	-1.021	0.103	-3.845	-0.671	-0.244	-85.88	-2.42	130.23	7.056	18.816	-8.624	0.32285	-0.27155	-0.62109	0.66040	24.3	13111	100
2025-5-11 11:12:26.978	WTBenchPress#5(CEA7A127C8E8)	0.041	-1.022	0.103	-3.723	-0.732	-0.244	-85.94	-2.43	130.23	7.056	18.816	-8.624	0.32285	-0.27155	-0.62109	0.66040	24.3	13111	100
2025-5-11 11:12:27.9	WTBenchPress#5(CEA7A127C8E8)	0.040	-1.024	0.103	-3.601	-0.732	-0.244	-85.98	-2.43	130.23	7.056	18.816	-8.624	0.32285	-0.27155	-0.62109	0.66040	24.3	13111	100
2025-5-11 11:12:27.9	WTBenchPress#5(CEA7A127C8E8)	0.040	-1.025	0.103	-3.479	-0.732	-0.244	-86.03	-2.43	130.23	7.056	18.816	-8.624	0.32285	-0.27155	-0.62109	0.66040	24.3	13111	100
2025-5-11 11:12:27.69	WTBenchPress#5(CEA7A127C8E8)	0.039	-1.022	0.103	-3.296	-0.732	-0.183	-86.08	-2.44	130.22	7.056	18.816	-8.624	0.32068	-0.27310	-0.62558	0.65659	24.3	13111	100
2025-5-11 11:12:27.69	WTBenchPress#5(CEA7A127C8E8)	0.039	-1.022	0.104	-2.991	-0.793	-0.244	-86.12	-2.44	130.21	7.056	18.816	-8.624	0.32068	-0.27310	-0.62558	0.65659	24.3	13111	100
2025-5-11 11:12:27.98	WTBenchPress#5(CEA7A127C8E8)	0.039	-1.024	0.101	-2.747	-0.793	-0.244	-86.15	-2.44	130.21	7.056	18.816	-8.624	0.32068	-0.27310	-0.62558	0.65659	24.3	13111	100
2025-5-11 11:12:27.98	WTBenchPress#5(CEA7A127C8E8)	0.039	-1.021	0.101	-2.258	-0.793	-0.183	-86.17	-2.44	130.20	7.056	18.816	-8.624	0.32068	-0.27310	-0.62558	0.65659	24.3	13111	100
2025-5-11 11:12:27.128	WTBenchPress#5(CEA7A127C8E8)	0.039	-1.022	0.102	-1.465	-0.732	-0.244	-86.18	-2.45	130.19	7.056	18.816	-8.624	0.32068	-0.27310	-0.62558	0.65659	24.3	13111	100
2025-5-11 11:12:27.129	WTBenchPress#5(CEA7A127C8E8)	0.039	-1.025	0.103	-1.038	-0.732	-0.183	-86.18	-2.45	130.19	7.056	18.816	-8.624	0.32068	-0.27310	-0.62558	0.65659	24.3	13111	100
2025-5-11 11:12:27.189	WTBenchPress#5(CEA7A127C8E8)	0.039	-1.024	0.102	-0.732	-0.732	-0.122	-86.17	-2.45	130.19	7.056	18.816	-8.624	0.32068	-0.27310	-0.62558	0.65659	24.3	13111	100
2025-5-11 11:12:27.189	WTBenchPress#5(CEA7A127C8E8)	0.038	-1.020	0.105	-0.305	-0.671	-0.122	-86.15	-2.45	130.18	7.056	18.816	-8.624	0.32068	-0.27310	-0.62558	0.65659	24.3	13111	100
2025-5-11 11:12:27.218	WTBenchPress#5(CEA7A127C8E8)	0.039	-1.025	0.102	0.061	-0.610	-0.122	-86.13	-2.46	130.18	7.056	18.816	-8.624	0.32068	-0.27310	-0.62558	0.65659	24.3	13111	100
2025-5-11 11:12:27.218	WTBenchPress#5(CEA7A127C8E8)	0.038	-1.022	0.103	0.000	-0.610	-0.183	-86.11	-2.46	130.17	7.056	19.012	-8.134	0.32068	-0.27310	-0.62558	0.65659	24.3	13111	100
2025-5-11 11:12:27.248	WTBenchPress#5(CEA7A127C8E8)	0.039	-1.021	0.104	0.488	-0.610	-0.183	-86.07	-2.46	130.16	7.056	19.012	-8.134	0.32068	-0.27310	-0.62558	0.65659	24.3	13111	100
2025-5-11 11:12:27.249	WTBenchPress#5(CEA7A127C8E8)	0.039	-1.026	0.103	0.977	-0.549	-0.122	-86.03	-2.46	130.15	7.056	19.012	-8.134	0.32068	-0.27310	-0.62558	0.65659	24.3	13111	100
2025-5-11 11:12:27.308	WTBenchPress#5(CEA7A127C8E8)	0.039	-1.026	0.101	1.343	-0.488	-0.061	-85.98	-2.46	130.14	7.056	19.012	-8.134	0.32068	-0.27310	-0.62558	0.65659	24.3	13111	100
2025-5-11 11:12:27.308	WTBenchPress#5(CEA7A127C8E8)	0.039	-1.021	0.104	1.953	-0.488	-0.061	-85.92	-2.46	130.13	7.056	19.012	-8.134	0.32068	-0.27310	-0.62558	0.65659	24.3	13111	100
2025-5-11 11:12:27.339	WTBenchPress#5(CEA7A127C8E8)	0.040	-1.021	0.104	2.319	-0.427	-0.061	-85.86	-2.45	130.13	7.056	19.012	-8.134	0.32068	-0.27310	-0.62558	0.65659	24.3	13111	100
2025-5-11 11:12:27.339	WTBenchPress#5(CEA7A127C8E8)	0.040	-1.021	0.106	1.709	-0.427	-0.122	-85.80	-2.45	130.12	7.056	19.012	-8.134	0.32068	-0.27310	-0.62558	0.65659	24.3	13111	100
2025-5-11 11:12:27.405	WTBenchPress#5(CEA7A127C8E8)	0.040	-1.023	0.107	1.465	-0.366	-0.183	-85.75	-2.45	130.12	7.056	19.012	-8.134	0.32068	-0.27310	-0.62558	0.65659	24.3	13111	100
2025-5-11 11:12:27.405	WTBenchPress#5(CEA7A127C8E8)	0.041	-1.019	0.103	1.465	-0.366	-0.122	-85.70	-2.45	130.11	7.056	19.012	-8.134	0.32068	-0.27310	-0.62558	0.65659	24.3	13111	100
2025-5-11 11:12:27.429	WTBenchPress#5(CEA7A127C8E8)	0.041	-1.030	0.101	2.075	-0.305	0.000	-85.65	-2.45	130.11	7.056	19.012	-8.134	0.32068	-0.27310	-0.62558	0.65659	24.3	13111	100
2025-5-11 11:12:27.429	WTBenchPress#5(CEA7A127C8E8)	0.040	-1.027	0.106	1.770	-0.305	0.000	-85.59	-2.45	130.10	7.056	19.012	-8.134	0.32272	-0.27222	-0.62222	0.65915	24.3	13111	100
2025-5-11 11:12:27.459	WTBenchPress#5(CEA7A127C8E8)	0.040	-1.018	0.107	2.075	-0.244	0.000	-85.54	-2.44	130.09	7.056	19.012	-8.134	0.32272	-0.27222	-0.62222	0.65915	24.3	13111	100
2025-5-11 11:12:27.459	WTBenchPress#5(CEA7A127C8E8)	0.040	-1.024	0.106	1.892	-0.244	0.000	-85.48	-2.44	130.09	7.056	19.012	-8.134	0.32272	-0.27222	-0.62222	0.65915	24.3	13111	100
2025-5-11 11:12:27.518	WTBenchPress#5(CEA7A127C8E8)	0.040	-1.023	0.107	0.854	-0.305	0.000	-85.44	-2.44	130.09	7.056	19.012	-8.134	0.32272	-0.27222	-0.62222	0.65915	24.3	13111	100
2025-5-11 11:12:27.518	WTBenchPress#5(CEA7A127C8E8)	0.041	-1.020	0.109	0.366	-0.305	0.000	-85.41	-2.44	130.09	7.056	19.012	-8.134	0.32272	-0.27222	-0.62222	0.65915	24.3	13111	100
2025-5-11 11:12:27.549	WTBenchPress#5(CEA7A127C8E8)	0.041	-1.027	0.105	0.000	-0.244	0.000	-85.39	-2.44	130.09	7.056	19.012	-8.134	0.32272	-0.27222	-0.62222	0.65915	24.3	13111	100
2025-5-11 11:12:27.549	WTBenchPress#5(CEA7A127C8E8)	0.040	-1.025	0.105	-0.305	-0.305	0.000	-85.37	-2.43	130.10	7.056	19.012	-8.134	0.32272	-0.27222	-0.62222	0.65915	24.3	13111	100
2025-5-11 11:12:27.579	WTBenchPress#5(CEA7A127C8E8)	0.041	-1.023	0.104	-0.122	-0.305	0.000	-85.36	-2.43	130.11	7.056	19.012	-8.134	0.32272	-0.27222	-0.62222	0.65915	24.3	13111	100
2025-5-11 11:12:27.579	WTBenchPress#5(CEA7A127C8E8)	0.040	-1.023	0.105	-0.305	-0.305	0.000	-85.35	-2.43	130.11	7.056	19.012	-8.134	0.32272	-0.27222	-0.62222	0.65915	24.3	13111	100
2025-5-11 11:12:27.669	WTBenchPress#5(CEA7A127C8E8)	0.040	-1.024	0.108	-0.732	-0.305	0.000	-85.34	-2.43	130.12	7.056	19.012	-8.134	0.32272	-0.27222	-0.62222	0.65915	24.3	13111	100
2025-5-11 11:12:27.669	WTBenchPress#5(CEA7A127C8E8)	0.039	-1.022	0.111	-1.404	-0.305	0.000	-85.35	-2.43	130.12	7.056	19.012	-8.134	0.32272	-0.27222	-0.62222	0.65915	24.3	13111	100
2025-5-11 11:12:27.670	WTBenchPress#5(CEA7A127C8E8)	0.038	-1.025	0.105	-2.380	-0.305	0.000	-85.36	-2.43	130.13	7.154	18.816	-8.624	0.32272	-0.27222	-0.62222	0.65915	24.3	13111	100
2025-5-11 11:12:27.670	WTBenchPress#5(CEA7A127C8E8)	0.038	-1.020	0.105	-3.052	-0.366	-0.305	-85.40	-2.43	130.13	7.154	18.816	-8.624	0.32272	-0.27222	-0.62222	0.65915	24.3	13111	100
2025-5-11 11:12:27.706	WTBenchPress#5(CEA7A127C8E8)	0.039	-1.021	0.104	-2.686	-0.366	-0.305	-85.44	-2.43	130.14	7.154	18.816	-8.624	0.32272	-0.27222	-0.62222	0.65915	24.3	13111	100
2025-5-11 11:12:27.706	WTBenchPress#5(CEA7A127C8E8)	0.039	-1.029	0.101	-2.930	-0.366	-0.366	-85.48	-2.43	130.15	7.154	18.816	-8.624	0.32272	-0.27222	-0.62222	0.65915	24.3	13111	100
2025-5-11 11:12:27.821	WTBenchPress#5(CEA7A127C8E8)	0.039	-1.023	0.108	-2.869	-0.366	-0.305	-85.52	-2.44	130.16	7.154	18.816	-8.624	0.32272	-0.27222	-0.62222	0.65915	24.3	13111	100
2025-5-11 11:12:27.822	WTBenchPress#5(CEA7A127C8E8)	0.037	-1.023	0.105	-2.991	-0.366	-0.183	-85.56	-2.44	130.17	7.154	18.816	-8.624	0.32272	-0.27222	-0.62222	0.65915	24.3	13111	100
2025-5-11 11:12:27.822	WTBenchPress#5(CEA7A127C8E8)	0.038	-1.026	0.104	-3.418	-0.366	-0.244	-85.61	-2.44	130.18	7.154	18.816	-8.624	0.32272	-0.27222	-0.62222	0.65915	24.3	13111	100
2025-5-11 11:12:27.822	WTBenchPress#5(CEA7A127C8E8)	0.039	-1.020	0.105	-3.845	-0.366	-0.305	-85.66	-2.44	130.19	7.154	18.816	-8.624	0.32272	-0.27222	-0.62222	0.65915	24.3	13111	100
2025-5-11 11:12:27.823	WTBenchPress#5(CEA7A127C8E8)	0.039	-1.021	0.104	-3.784	-0.427	-0.244	-85.72	-2.45	130.19	7.154	18.816	-8.624	0.32272	-0.27222	-0.62222	0.65915	24.3	13111	100
2025-5-11 11:12:27.823	WTBenchPress#5(CEA7A127C8E8)	0.039	-1.027	0.102	-3.845	-0.427	-0.305	-85.78	-2.45	130.19	7.154	18.816	-8.624	0.32272	-0.27222	-0.62222	0.65915	24.3	13111	100
2025-5-11 11:12:27.879	WTBenchPress#5(CEA7A127C8E8)	0.039	-1.023	0.103	-3.784	-0.427	-0.305	-85.84	-2.46	130.20	7.154	18.816	-8.624	0.32138	-0.27246	-0.62433	0.65771	24.3	13111	100
2025-5-11 11:12:27.879	WTBenchPress#5(CEA7A127C8E8)	0.039	-1.023	0.104	-3.418	-0.427	-0.244	-85.89	-2.46	130.20	7.154	18.816	-8.624	0.32138	-0.27246	-0.62433	0.65771	24.3	13111	100
2025-5-11 11:12:27.908	WTBenchPress#5(CEA7A127C8E8)	0.040	-1.024	0.104	-3.479	-0.427	-0.305	-85.94	-2.46	130.20	7.154	18.816	-8.624	0.32138	-0.27246	-0.62433	0.65771	24.3	13111	100
2025-5-11 11:12:27.908	WTBenchPress#5(CEA7A127C8E8)	0.039	-1.024	0.104	-3.540	-0.488	-0.244	-85.98	-2.46	130.20	7.154	18.816	-8.624	0.32138	-0.27246	-0.62433	0.65771	24.3	13111	100
2025-5-11 11:12:27.939	WTBenchPress#5(CEA7A127C8E8)	0.040	-1.021	0.105	-3.479	-0.488	-0.305	-86.03	-2.47	130.19	7.154	18.816	-8.624	0.32138	-0.27246	-0.62433	0.65771	24.3	13111	100
2025-5-11 11:12:27.939	WTBenchPress#5(CEA7A127C8E8)	0.041	-1.021	0.104	-3.296	-0.488	-0.305	-86.08	-2.47	130.19	7.154	18.816	-8.624	0.32138	-0.27246	-0.62433	0.65771	24.3	13111	100
2025-5-11 11:12:28.4	WTBenchPress#5(CEA7A127C8E8)	0.041	-1.026	0.101	-3.052	-0.488	-0.305	-86.12	-2.47	130.18	7.154	18.816	-8.624	0.32138	-0.27246	-0.62433	0.65771	24.3	13111	100
2025-5-11 11:12:28.4	WTBenchPress#5(CEA7A127C8E8)	0.040	-1.022	0.101	-2.502	-0.488	-0.244	-86.15	-2.48	130.17	7.154	18.816	-8.624	0.32138	-0.27246	-0.62433	0.65771	24.3	13111	100
2025-5-11 11:12:28.31	WTBenchPress#5(CEA7A127C8E8)	0.041	-1.021	0.098	-1.282	-0.488	-0.244	-86.17	-2.48	130.16	7.154	18.816	-8.624	0.32138	-0.27246	-0.62433	0.65771	24.3	13111	100
2025-5-11 11:12:28.32	WTBenchPress#5(CEA7A127C8E8)	0.041	-1.023	0.100	-0.061	-0.488	-0.183	-86.15	-2.48	130.15	7.154	19.012	-8.232	0.32138	-0.27246	-0.62433	0.65771	24.3	13111	100
2025-5-11 11:12:28.61	WTBenchPress#5(CEA7A127C8E8)	0.040	-1.027	0.104	0.549	-0.427	-0.183	-86.13	-2.48	130.14	7.154	19.012	-8.232	0.32138	-0.27246	-0.62433	0.65771	24.3	13111	100
2025-5-11 11:12:28.61	WTBenchPress#5(CEA7A127C8E8)	0.040	-1.026	0.107	0.183	-0.427	-0.122	-86.10	-2.48	130.13	7.154	19.012	-8.232	0.32138	-0.27246	-0.62433	0.65771	24.3	13111	100
2025-5-11 11:12:28.118	WTBenchPress#5(CEA7A127C8E8)	0.040	-1.022	0.108	-0.305	-0.488	-0.122	-86.08	-2.48	130.12	7.154	19.012	-8.232	0.32138	-0.27246	-0.62433	0.65771	24.3	13111	100
2025-5-11 11:12:28.118	WTBenchPress#5(CEA7A127C8E8)	0.039	-1.021	0.105	-0.916	-0.488	-0.183	-86.07	-2.48	130.11	7.154	19.012	-8.232	0.32138	-0.27246	-0.62433	0.65771	24.3	13111	100
2025-5-11 11:12:28.178	WTBenchPress#5(CEA7A127C8E8)	0.040	-1.021	0.103	-0.854	-0.549	-0.305	-86.07	-2.49	130.10	7.154	19.012	-8.232	0.32138	-0.27246	-0.62433	0.65771	24.3	13111	100
2025-5-11 11:12:28.179	WTBenchPress#5(CEA7A127C8E8)	0.041	-1.023	0.099	-0.305	-0.488	-0.244	-86.06	-2.49	130.09	7.154	19.012	-8.232	0.32138	-0.27246	-0.62433	0.65771	24.3	13111	100
2025-5-11 11:12:28.179	WTBenchPress#5(CEA7A127C8E8)	0.040	-1.024	0.098	0.916	-0.488	-0.183	-86.03	-2.49	130.08	7.154	19.012	-8.232	0.32138	-0.27246	-0.62433	0.65771	24.3	13111	100
2025-5-11 11:12:28.179	WTBenchPress#5(CEA7A127C8E8)	0.040	-1.025	0.099	2.258	-0.427	-0.122	-85.97	-2.49	130.07	7.154	19.012	-8.232	0.32138	-0.27246	-0.62433	0.65771	24.3	13111	100
2025-5-11 11:12:28.240	WTBenchPress#5(CEA7A127C8E8)	0.039	-1.025	0.102	3.235	-0.366	0.000	-85.89	-2.49	130.06	7.154	19.012	-8.232	0.32138	-0.27246	-0.62433	0.65771	24.3	13111	100
2025-5-11 11:12:28.240	WTBenchPress#5(CEA7A127C8E8)	0.032	-1.021	0.107	3.357	-0.366	0.000	-85.81	-2.49	130.06	7.154	19.012	-8.232	0.32138	-0.27246	-0.62433	0.65771	24.3	13111	100
2025-5-11 11:12:28.268	WTBenchPress#5(CEA7A127C8E8)	-0.047	-1.106	0.195	2.563	-0.305	0.916	-85.73	-2.47	130.05	7.154	19.012	-8.232	0.32269	-0.27280	-0.62317	0.65802	24.3	13111	100
2025-5-11 11:12:28.268	WTBenchPress#5(CEA7A127C8E8)	0.010	-0.943	0.345	-28.748	-9.460	-3.235	-86.11	-2.52	130.14	7.154	19.012	-8.232	0.32269	-0.27280	-0.62317	0.65802	24.3	13111	100
2025-5-11 11:12:28.305	WTBenchPress#5(CEA7A127C8E8)	0.049	-0.882	0.076	-44.189	-16.174	-6.165	-86.87	-2.63	130.35	7.154	19.012	-8.232	0.32269	-0.27280	-0.62317	0.65802	24.3	13111	100
2025-5-11 11:12:28.305	WTBenchPress#5(CEA7A127C8E8)	0.078	-1.018	-0.016	-32.471	-18.066	-4.883	-87.53	-2.74	130.63	7.154	19.012	-8.232	0.32269	-0.27280	-0.62317	0.65802	24.3	13111	100
2025-5-11 11:12:28.359	WTBenchPress#5(CEA7A127C8E8)	0.088	-1.063	-0.014	-14.526	-18.555	-1.709	-87.88	-2.79	130.94	7.154	19.012	-8.232	0.32269	-0.27280	-0.62317	0.65802	24.3	13111	100
2025-5-11 11:12:28.359	WTBenchPress#5(CEA7A127C8E8)	0.083	-1.088	-0.040	1.770	-17.517	2.075	-87.91	-2.77	131.24	7.154	19.012	-8.232	0.32269	-0.27280	-0.62317	0.65802	24.3	13111	100
2025-5-11 11:12:28.388	WTBenchPress#5(CEA7A127C8E8)	0.157	-1.070	0.128	21.179	-16.602	5.493	-87.58	-2.70	131.52	7.154	19.012	-8.232	0.32269	-0.27280	-0.62317	0.65802	24.3	13111	100
2025-5-11 11:12:28.388	WTBenchPress#5(CEA7A127C8E8)	0.119	-1.012	0.331	4.700	-12.024	4.333	-87.39	-2.63	131.68	7.154	19.012	-8.232	0.32269	-0.27280	-0.62317	0.65802	24.3	13111	100
2025-5-11 11:12:28.420	WTBenchPress#5(CEA7A127C8E8)	0.108	-1.087	-0.182	31.372	-10.132	6.104	-86.87	-2.54	131.78	7.154	19.012	-8.232	0.32269	-0.27280	-0.62317	0.65802	24.3	13111	100
2025-5-11 11:12:28.420	WTBenchPress#5(CEA7A127C8E8)	0.071	-0.928	-0.426	92.651	-5.859	10.010	-85.36	-2.40	131.89	7.154	19.012	-8.232	0.32269	-0.27280	-0.62317	0.65802	24.3	13111	100
2025-5-11 11:12:28.479	WTBenchPress#5(CEA7A127C8E8)	-0.019	-0.951	-0.169	146.179	-0.854	13.367	-82.80	-2.19	131.99	6.860	18.326	-8.526	0.32269	-0.27280	-0.62317	0.65802	24.3	13111	100
2025-5-11 11:12:28.479	WTBenchPress#5(CEA7A127C8E8)	-0.106	-0.989	0.086	145.264	5.005	13.550	-80.02	-1.94	132.04	6.860	18.326	-8.526	0.32269	-0.27280	-0.62317	0.65802	24.3	13111	100
2025-5-11 11:12:28.508	WTBenchPress#5(CEA7A127C8E8)	-0.105	-0.957	0.162	105.835	9.521	7.446	-77.85	-1.76	132.02	6.860	18.326	-8.526	0.32269	-0.27280	-0.62317	0.65802	24.3	13111	100
2025-5-11 11:12:28.508	WTBenchPress#5(CEA7A127C8E8)	-0.068	-0.959	0.313	33.936	10.498	-4.822	-76.94	-1.75	131.94	6.860	18.326	-8.526	0.32269	-0.27280	-0.62317	0.65802	24.3	13111	100
2025-5-11 11:12:28.539	WTBenchPress#5(CEA7A127C8E8)	0.006	-0.945	0.461	-78.430	9.583	-18.433	-78.02	-1.99	131.82	6.860	18.326	-8.526	0.32269	-0.27280	-0.62317	0.65802	24.3	13111	100
2025-5-11 11:12:28.539	WTBenchPress#5(CEA7A127C8E8)	0.071	-0.890	0.208	-179.382	7.019	-26.550	-81.12	-2.42	131.68	6.860	18.326	-8.526	0.32269	-0.27280	-0.62317	0.65802	24.3	13111	100
2025-5-11 11:12:28.604	WTBenchPress#5(CEA7A127C8E8)	0.046	-1.078	-0.179	-163.269	9.399	-19.348	-84.45	-2.78	131.52	6.860	18.326	-8.526	0.32269	-0.27280	-0.62317	0.65802	24.3	13111	100
2025-5-11 11:12:28.604	WTBenchPress#5(CEA7A127C8E8)	0.004	-1.240	-0.284	-83.313	9.888	-10.010	-86.51	-2.99	131.40	6.860	18.326	-8.526	0.32269	-0.27280	-0.62317	0.65802	24.3	13111	100
2025-5-11 11:12:28.631	WTBenchPress#5(CEA7A127C8E8)	0.051	-1.182	-0.173	-7.080	6.897	-6.775	-86.68	-3.09	131.36	6.860	18.326	-8.526	0.32269	-0.27280	-0.62317	0.65802	24.3	13111	100
2025-5-11 11:12:28.631	WTBenchPress#5(CEA7A127C8E8)	0.143	-0.985	0.013	26.855	4.211	-6.653	-86.18	-3.19	131.36	6.860	18.326	-8.526	0.32269	-0.27280	-0.62317	0.65802	24.3	13111	100
2025-5-11 11:12:28.661	WTBenchPress#5(CEA7A127C8E8)	0.166	-1.014	0.290	4.089	2.808	-5.859	-86.12	-3.29	131.35	6.860	18.326	-8.526	0.32269	-0.27280	-0.62317	0.65802	24.3	13111	100
2025-5-11 11:12:28.661	WTBenchPress#5(CEA7A127C8E8)	0.145	-0.991	0.308	-42.847	4.150	-3.052	-86.95	-3.35	131.24	6.860	18.326	-8.526	0.31766	-0.26456	-0.63519	0.65231	24.3	13111	100
2025-5-11 11:12:28.720	WTBenchPress#5(CEA7A127C8E8)	0.125	-0.764	0.237	-66.467	5.859	-2.747	-88.23	-3.41	131.02	6.860	18.326	-8.526	0.31766	-0.26456	-0.63519	0.65231	24.3	13111	100
2025-5-11 11:12:28.720	WTBenchPress#5(CEA7A127C8E8)	0.095	-0.743	0.340	-79.834	7.446	-2.014	-89.71	-3.48	130.69	6.860	18.326	-8.526	0.31766	-0.26456	-0.63519	0.65231	24.3	13111	100
2025-5-11 11:12:28.748	WTBenchPress#5(CEA7A127C8E8)	0.053	-0.769	0.266	-90.088	6.531	-3.052	-91.37	-3.59	130.28	6.860	18.326	-8.526	0.31766	-0.26456	-0.63519	0.65231	24.3	13111	100
2025-5-11 11:12:28.748	WTBenchPress#5(CEA7A127C8E8)	0.018	-0.831	0.232	-68.298	5.249	-2.747	-92.58	-3.71	129.84	6.860	18.326	-8.526	0.31766	-0.26456	-0.63519	0.65231	24.3	13111	100
2025-5-11 11:12:28.808	WTBenchPress#5(CEA7A127C8E8)	-0.028	-0.839	0.245	-36.499	3.906	-3.357	-93.13	-3.85	129.36	6.860	18.326	-8.526	0.31766	-0.26456	-0.63519	0.65231	24.3	13111	100
2025-5-11 11:12:28.808	WTBenchPress#5(CEA7A127C8E8)	-0.083	-0.778	0.297	-10.010	3.601	-4.761	-93.13	-4.02	128.84	6.860	18.326	-8.526	0.31766	-0.26456	-0.63519	0.65231	24.3	13111	100
2025-5-11 11:12:28.839	WTBenchPress#5(CEA7A127C8E8)	-0.083	-0.831	0.196	-0.610	4.028	-6.409	-92.93	-4.20	128.27	6.860	18.326	-8.526	0.31766	-0.26456	-0.63519	0.65231	24.3	13111	100
2025-5-11 11:12:28.839	WTBenchPress#5(CEA7A127C8E8)	-0.097	-0.819	-0.053	17.639	4.333	-5.920	-92.40	-4.35	127.74	6.860	18.326	-8.526	0.31766	-0.26456	-0.63519	0.65231	24.3	13111	100
2025-5-11 11:12:28.868	WTBenchPress#5(CEA7A127C8E8)	-0.040	-0.797	0.081	15.259	3.357	-6.592	-91.92	-4.47	127.30	6.860	18.326	-8.526	0.31766	-0.26456	-0.63519	0.65231	24.3	13111	100
2025-5-11 11:12:28.868	WTBenchPress#5(CEA7A127C8E8)	0.016	-0.884	-0.177	4.822	1.953	-6.592	-91.70	-4.56	126.99	6.860	19.110	-4.116	0.31766	-0.26456	-0.63519	0.65231	24.3	13111	100
2025-5-11 11:12:28.929	WTBenchPress#5(CEA7A127C8E8)	0.107	-0.867	-0.244	-0.183	0.000	-6.531	-91.64	-4.63	126.84	6.860	19.110	-4.116	0.31766	-0.26456	-0.63519	0.65231	24.3	13111	100
2025-5-11 11:12:28.929	WTBenchPress#5(CEA7A127C8E8)	0.120	-0.898	-0.358	-17.029	-2.808	-6.714	-91.97	-4.71	126.85	6.860	19.110	-4.116	0.31766	-0.26456	-0.63519	0.65231	24.3	13111	100
2025-5-11 11:12:28.958	WTBenchPress#5(CEA7A127C8E8)	0.126	-0.907	-0.482	-12.878	-5.066	-5.676	-92.29	-4.78	127.00	6.860	19.110	-4.116	0.31766	-0.26456	-0.63519	0.65231	24.3	13111	100
2025-5-11 11:12:28.959	WTBenchPress#5(CEA7A127C8E8)	0.143	-0.906	-0.401	-2.075	-5.981	-4.700	-92.44	-4.85	127.20	6.860	19.110	-4.116	0.31766	-0.26456	-0.63519	0.65231	24.3	13111	100
2025-5-11 11:12:28.989	WTBenchPress#5(CEA7A127C8E8)	0.170	-0.878	-0.322	-4.700	-6.714	-3.723	-92.66	-4.91	127.42	6.860	19.110	-4.116	0.31766	-0.26456	-0.63519	0.65231	24.3	13111	100
2025-5-11 11:12:28.989	WTBenchPress#5(CEA7A127C8E8)	0.199	-0.832	-0.252	-11.475	-7.446	-3.357	-93.03	-4.98	127.66	6.860	19.110	-4.116	0.31766	-0.26456	-0.63519	0.65231	24.3	13111	100
2025-5-11 11:12:29.49	WTBenchPress#5(CEA7A127C8E8)	0.115	-0.898	-0.241	-21.423	-8.911	-3.113	-93.60	-5.05	127.89	6.860	19.110	-4.116	0.31766	-0.26456	-0.63519	0.65231	24.3	13111	100
2025-5-11 11:12:29.50	WTBenchPress#5(CEA7A127C8E8)	0.097	-0.826	-0.087	-19.775	-9.399	-0.488	-94.12	-5.09	128.11	6.860	19.110	-4.116	0.31766	-0.26456	-0.63519	0.65231	24.3	13111	100
2025-5-11 11:12:29.78	WTBenchPress#5(CEA7A127C8E8)	0.104	-0.797	-0.010	-16.602	-7.996	-1.038	-94.61	-5.11	128.29	6.860	19.110	-4.116	0.32449	-0.29303	-0.67459	0.59467	24.3	13111	100
2025-5-11 11:12:29.78	WTBenchPress#5(CEA7A127C8E8)	0.047	-0.832	0.038	-14.099	-6.531	-1.038	-95.02	-5.15	128.39	6.860	19.110	-4.116	0.32449	-0.29303	-0.67459	0.59467	24.3	13111	100
2025-5-11 11:12:29.109	WTBenchPress#5(CEA7A127C8E8)	0.036	-0.842	0.074	-10.742	-5.005	-0.488	-95.33	-5.17	128.40	6.860	19.110	-4.116	0.32449	-0.29303	-0.67459	0.59467	24.3	13111	100
2025-5-11 11:12:29.109	WTBenchPress#5(CEA7A127C8E8)	0.023	-0.813	0.125	-13.977	-3.662	-0.671	-95.58	-5.20	128.33	6.860	19.110	-4.116	0.32449	-0.29303	-0.67459	0.59467	24.3	13111	100
2025-5-11 11:12:29.168	WTBenchPress#5(CEA7A127C8E8)	-0.023	-0.919	0.097	-9.216	-2.136	-0.183	-95.81	-5.21	128.18	6.860	19.110	-4.116	0.32449	-0.29303	-0.67459	0.59467	24.3	13111	100
2025-5-11 11:12:29.169	WTBenchPress#5(CEA7A127C8E8)	0.006	-0.871	0.122	10.193	0.427	2.441	-95.85	-5.21	127.94	6.860	19.110	-4.116	0.32449	-0.29303	-0.67459	0.59467	24.3	13111	100
2025-5-11 11:12:29.202	WTBenchPress#5(CEA7A127C8E8)	0.030	-0.871	0.183	14.526	2.747	3.174	-95.55	-5.16	127.60	6.860	19.110	-4.116	0.32449	-0.29303	-0.67459	0.59467	24.3	13111	100
2025-5-11 11:12:29.202	WTBenchPress#5(CEA7A127C8E8)	0.034	-0.890	0.087	3.479	3.052	2.563	-95.21	-5.11	127.19	6.860	19.110	-4.116	0.32449	-0.29303	-0.67459	0.59467	24.3	13111	100
2025-5-11 11:12:29.231	WTBenchPress#5(CEA7A127C8E8)	0.055	-0.882	-0.021	-1.770	2.563	3.479	-95.06	-5.06	126.76	6.860	19.110	-4.116	0.32449	-0.29303	-0.67459	0.59467	24.3	13111	100
2025-5-11 11:12:29.231	WTBenchPress#5(CEA7A127C8E8)	0.078	-0.854	-0.145	6.226	1.587	3.906	-94.96	-4.99	126.37	6.860	19.110	-4.116	0.32449	-0.29303	-0.67459	0.59467	24.3	13111	100
2025-5-11 11:12:29.289	WTBenchPress#5(CEA7A127C8E8)	0.014	-0.939	-0.104	16.663	0.183	3.296	-94.71	-4.91	126.05	7.546	16.464	-2.058	0.32449	-0.29303	-0.67459	0.59467	24.3	13111	100
2025-5-11 11:12:29.289	WTBenchPress#5(CEA7A127C8E8)	-0.009	-0.936	-0.104	9.827	-0.183	3.601	-94.37	-4.82	125.80	7.546	16.464	-2.058	0.32449	-0.29303	-0.67459	0.59467	24.3	13111	100
2025-5-11 11:12:29.318	WTBenchPress#5(CEA7A127C8E8)	0.054	-1.055	-0.007	-5.676	0.793	4.578	-94.22	-4.73	125.57	7.546	16.464	-2.058	0.32449	-0.29303	-0.67459	0.59467	24.3	13111	100
2025-5-11 11:12:29.318	WTBenchPress#5(CEA7A127C8E8)	0.081	-1.058	-0.056	-15.137	1.770	4.517	-94.35	-4.61	125.34	7.546	16.464	-2.058	0.32449	-0.29303	-0.67459	0.59467	24.3	13111	100
2025-5-11 11:12:29.349	WTBenchPress#5(CEA7A127C8E8)	0.134	-0.927	-0.049	-6.226	2.319	3.906	-94.56	-4.51	125.10	7.546	16.464	-2.058	0.32449	-0.29303	-0.67459	0.59467	24.3	13111	100
2025-5-11 11:12:29.349	WTBenchPress#5(CEA7A127C8E8)	0.134	-1.111	0.002	-9.277	1.587	2.380	-94.67	-4.43	124.86	7.546	16.464	-2.058	0.32449	-0.29303	-0.67459	0.59467	24.3	13111	100
2025-5-11 11:12:29.408	WTBenchPress#5(CEA7A127C8E8)	0.092	-1.120	-0.027	-13.916	0.122	1.221	-94.84	-4.38	124.63	7.546	16.464	-2.058	0.32449	-0.29303	-0.67459	0.59467	24.3	13111	100
2025-5-11 11:12:29.408	WTBenchPress#5(CEA7A127C8E8)	0.068	-1.117	-0.009	-18.188	-0.549	-0.671	-95.10	-4.37	124.43	7.546	16.464	-2.058	0.32449	-0.29303	-0.67459	0.59467	24.3	13111	100
2025-5-11 11:12:29.440	WTBenchPress#5(CEA7A127C8E8)	0.070	-1.180	0.033	-31.982	-0.793	-2.197	-95.48	-4.40	124.24	7.546	16.464	-2.058	0.32449	-0.29303	-0.67459	0.59467	24.3	13111	100
2025-5-11 11:12:29.440	WTBenchPress#5(CEA7A127C8E8)	0.073	-1.347	-0.063	-43.091	-0.610	-3.052	-96.12	-4.45	124.05	7.546	16.464	-2.058	0.32449	-0.29303	-0.67459	0.59467	24.3	13111	100
2025-5-11 11:12:29.469	WTBenchPress#5(CEA7A127C8E8)	0.100	-1.286	-0.156	-28.442	-0.122	-2.563	-96.77	-4.51	123.85	7.546	16.464	-2.058	0.32449	-0.29303	-0.67459	0.59467	24.3	13111	100
2025-5-11 11:12:29.469	WTBenchPress#5(CEA7A127C8E8)	0.104	-1.292	-0.109	-23.132	-0.549	-3.723	-97.23	-4.57	123.67	7.546	16.464	-2.058	0.33817	-0.33109	-0.67380	0.56738	24.3	13111	100
2025-5-11 11:12:29.532	WTBenchPress#5(CEA7A127C8E8)	0.243	-1.345	-0.147	-30.273	-1.709	-4.089	-97.72	-4.64	123.51	7.546	16.464	-2.058	0.33817	-0.33109	-0.67380	0.56738	24.3	13111	100
2025-5-11 11:12:29.532	WTBenchPress#5(CEA7A127C8E8)	0.146	-2.800	-0.446	-34.973	-2.502	-3.906	-98.32	-4.72	123.37	7.546	16.464	-2.058	0.33817	-0.33109	-0.67380	0.56738	24.3	13111	100
2025-5-11 11:12:29.561	WTBenchPress#5(CEA7A127C8E8)	0.136	-1.427	-0.280	-32.227	-3.052	-3.357	-98.97	-4.78	123.29	7.546	16.464	-2.058	0.33817	-0.33109	-0.67380	0.56738	24.3	13111	100
2025-5-11 11:12:29.561	WTBenchPress#5(CEA7A127C8E8)	0.135	-1.396	-0.308	-17.761	-3.052	-2.869	-99.45	-4.83	123.22	7.546	16.464	-2.058	0.33817	-0.33109	-0.67380	0.56738	24.3	13111	100
2025-5-11 11:12:29.591	WTBenchPress#5(CEA7A127C8E8)	0.134	-1.402	-0.263	-12.024	-2.930	-3.052	-99.73	-4.88	123.15	7.546	16.464	-2.058	0.33817	-0.33109	-0.67380	0.56738	24.3	13111	100
2025-5-11 11:12:29.591	WTBenchPress#5(CEA7A127C8E8)	0.136	-1.446	-0.252	-15.259	-3.235	-3.357	-99.99	-4.94	123.07	7.546	16.464	-2.058	0.33817	-0.33109	-0.67380	0.56738	24.3	13111	100
2025-5-11 11:12:29.649	WTBenchPress#5(CEA7A127C8E8)	0.117	-1.493	-0.279	-16.846	-3.540	-3.174	-100.30	-4.99	123.01	7.546	16.464	-2.058	0.33817	-0.33109	-0.67380	0.56738	24.3	13111	100
2025-5-11 11:12:29.649	WTBenchPress#5(CEA7A127C8E8)	0.097	-1.491	-0.272	-8.484	-3.052	-2.686	-100.54	-5.04	122.95	7.546	16.464	-2.058	0.33817	-0.33109	-0.67380	0.56738	24.3	13111	100
2025-5-11 11:12:29.678	WTBenchPress#5(CEA7A127C8E8)	0.109	-1.464	-0.173	-1.709	-2.075	-2.258	-100.63	-5.08	122.86	7.546	16.464	-2.058	0.33817	-0.33109	-0.67380	0.56738	24.3	13111	100
2025-5-11 11:12:29.678	WTBenchPress#5(CEA7A127C8E8)	0.123	-1.492	-0.128	-5.737	-1.282	-2.258	-100.68	-5.11	122.75	7.840	15.778	-0.882	0.33817	-0.33109	-0.67380	0.56738	24.3	13111	100
2025-5-11 11:12:29.709	WTBenchPress#5(CEA7A127C8E8)	0.130	-1.498	-0.148	-5.127	-0.671	-1.770	-100.76	-5.15	122.61	7.840	15.778	-0.882	0.33817	-0.33109	-0.67380	0.56738	24.3	13111	100
2025-5-11 11:12:29.709	WTBenchPress#5(CEA7A127C8E8)	0.114	-1.464	-0.152	6.042	-0.061	-0.977	-100.71	-5.17	122.45	7.840	15.778	-0.882	0.33817	-0.33109	-0.67380	0.56738	24.3	13111	100
2025-5-11 11:12:29.768	WTBenchPress#5(CEA7A127C8E8)	0.095	-1.460	-0.050	15.015	0.122	-0.793	-100.46	-5.19	122.27	7.840	15.778	-0.882	0.33817	-0.33109	-0.67380	0.56738	24.3	13111	100
2025-5-11 11:12:29.768	WTBenchPress#5(CEA7A127C8E8)	0.087	-1.491	0.015	11.536	0.244	-0.061	-100.15	-5.20	122.08	7.840	15.778	-0.882	0.33817	-0.33109	-0.67380	0.56738	24.3	13111	100
2025-5-11 11:12:29.801	WTBenchPress#5(CEA7A127C8E8)	0.096	-1.473	0.020	6.348	0.488	1.099	-99.90	-5.19	121.87	7.840	15.778	-0.882	0.33817	-0.33109	-0.67380	0.56738	24.3	13111	100
2025-5-11 11:12:29.801	WTBenchPress#5(CEA7A127C8E8)	0.083	-1.457	-0.035	8.667	1.465	2.808	-99.68	-5.15	121.61	7.840	15.778	-0.882	0.33817	-0.33109	-0.67380	0.56738	24.3	13111	100
2025-5-11 11:12:29.830	WTBenchPress#5(CEA7A127C8E8)	0.049	-1.420	-0.060	19.897	1.953	4.700	-99.32	-5.08	121.34	7.840	15.778	-0.882	0.33817	-0.33109	-0.67380	0.56738	24.3	13111	100
2025-5-11 11:12:29.830	WTBenchPress#5(CEA7A127C8E8)	0.003	-1.449	0.034	18.555	1.404	5.920	-98.86	-4.98	121.06	7.840	15.778	-0.882	0.33817	-0.33109	-0.67380	0.56738	24.3	13111	100
2025-5-11 11:12:29.888	WTBenchPress#5(CEA7A127C8E8)	0.002	-1.448	-0.009	1.648	0.671	7.568	-98.58	-4.85	120.80	7.840	15.778	-0.882	0.34995	-0.35117	-0.67136	0.55078	24.3	13111	100
2025-5-11 11:12:29.888	WTBenchPress#5(CEA7A127C8E8)	0.026	-1.399	-0.132	-3.845	0.610	9.399	-98.55	-4.66	120.54	7.840	15.778	-0.882	0.34995	-0.35117	-0.67136	0.55078	24.3	13111	100
2025-5-11 11:12:29.919	WTBenchPress#5(CEA7A127C8E8)	0.040	-1.354	-0.180	9.888	0.488	10.498	-98.35	-4.45	120.29	7.840	15.778	-0.882	0.34995	-0.35117	-0.67136	0.55078	24.3	13111	100
2025-5-11 11:12:29.920	WTBenchPress#5(CEA7A127C8E8)	0.064	-1.348	-0.139	11.475	-0.732	11.108	-98.07	-4.21	120.09	7.840	15.778	-0.882	0.34995	-0.35117	-0.67136	0.55078	24.3	13111	100
2025-5-11 11:12:29.949	WTBenchPress#5(CEA7A127C8E8)	0.034	-1.292	-0.256	10.864	-3.174	11.292	-97.81	-3.97	119.93	7.840	15.778	-0.882	0.34995	-0.35117	-0.67136	0.55078	24.3	13111	100
2025-5-11 11:12:29.949	WTBenchPress#5(CEA7A127C8E8)	0.070	-1.198	-0.299	20.752	-5.066	10.803	-97.42	-3.72	119.83	7.840	15.778	-0.882	0.34995	-0.35117	-0.67136	0.55078	24.3	13111	100
2025-5-11 11:12:30.8	WTBenchPress#5(CEA7A127C8E8)	0.150	-1.241	-0.209	38.147	-5.981	10.132	-96.75	-3.49	119.79	7.840	15.778	-0.882	0.34995	-0.35117	-0.67136	0.55078	24.3	13111	100
2025-5-11 11:12:30.8	WTBenchPress#5(CEA7A127C8E8)	0.130	-1.121	-0.220	43.030	-8.850	10.864	-95.94	-3.25	119.81	7.840	15.778	-0.882	0.34995	-0.35117	-0.67136	0.55078	24.3	13111	100
2025-5-11 11:12:30.41	WTBenchPress#5(CEA7A127C8E8)	-0.029	-1.012	-0.130	35.950	-13.489	10.315	-95.22	-3.02	119.93	7.840	15.778	-0.882	0.34995	-0.35117	-0.67136	0.55078	24.3	13111	100
2025-5-11 11:12:30.41	WTBenchPress#5(CEA7A127C8E8)	-0.058	-1.071	-0.033	24.780	-14.709	8.545	-94.71	-2.82	120.09	7.840	15.778	-0.882	0.34995	-0.35117	-0.67136	0.55078	24.3	13111	100
2025-5-11 11:12:30.69	WTBenchPress#5(CEA7A127C8E8)	0.073	-0.999	-0.074	30.762	-9.766	8.057	-94.17	-2.64	120.18	7.840	15.778	-0.882	0.34995	-0.35117	-0.67136	0.55078	24.3	13111	100
2025-5-11 11:12:30.69	WTBenchPress#5(CEA7A127C8E8)	0.166	-0.848	-0.135	49.805	-4.456	8.484	-93.31	-2.46	120.17	9.016	16.758	-1.862	0.34995	-0.35117	-0.67136	0.55078	24.3	13111	100
2025-5-11 11:12:30.129	WTBenchPress#5(CEA7A127C8E8)	0.139	-0.846	-0.096	57.983	-3.601	5.066	-92.24	-2.33	120.15	9.016	16.758	-1.862	0.34995	-0.35117	-0.67136	0.55078	24.3	13111	100
2025-5-11 11:12:30.129	WTBenchPress#5(CEA7A127C8E8)	0.054	-0.826	0.050	42.603	-4.639	0.000	-91.37	-2.32	120.15	9.016	16.758	-1.862	0.34995	-0.35117	-0.67136	0.55078	24.3	13111	100
2025-5-11 11:12:30.159	WTBenchPress#5(CEA7A127C8E8)	0.041	-0.700	0.048	22.949	-1.587	-3.113	-90.86	-2.40	120.09	9.016	16.758	-1.862	0.34995	-0.35117	-0.67136	0.55078	24.3	13111	100
2025-5-11 11:12:30.159	WTBenchPress#5(CEA7A127C8E8)	-0.009	-0.896	-0.064	12.085	2.258	-3.296	-90.60	-2.48	119.97	9.016	16.758	-1.862	0.34995	-0.35117	-0.67136	0.55078	24.3	13111	100
2025-5-11 11:12:30.219	WTBenchPress#5(CEA7A127C8E8)	0.028	-0.805	-0.213	14.954	3.113	-2.930	-90.37	-2.55	119.83	9.016	16.758	-1.862	0.34995	-0.35117	-0.67136	0.55078	24.3	13111	100
2025-5-11 11:12:30.219	WTBenchPress#5(CEA7A127C8E8)	0.033	-0.713	-0.155	20.325	2.625	-3.906	-90.06	-2.64	119.75	9.016	16.758	-1.862	0.34995	-0.35117	-0.67136	0.55078	24.3	13111	100
2025-5-11 11:12:30.251	WTBenchPress#5(CEA7A127C8E8)	-0.011	-0.773	0.020	10.071	2.136	-5.127	-89.88	-2.74	119.69	9.016	16.758	-1.862	0.34995	-0.35117	-0.67136	0.55078	24.3	13111	100
2025-5-11 11:12:30.251	WTBenchPress#5(CEA7A127C8E8)	0.003	-0.811	0.035	-6.958	3.052	-3.906	-89.99	-2.82	119.61	9.016	16.758	-1.862	0.34995	-0.35117	-0.67136	0.55078	24.3	13111	100
2025-5-11 11:12:30.281	WTBenchPress#5(CEA7A127C8E8)	0.061	-0.805	-0.030	-19.409	4.456	-1.648	-90.36	-2.86	119.50	9.016	16.758	-1.862	0.34995	-0.35117	-0.67136	0.55078	24.3	13111	100
2025-5-11 11:12:30.281	WTBenchPress#5(CEA7A127C8E8)	0.117	-0.729	-0.099	-5.432	5.493	-0.977	-90.57	-2.87	119.38	9.016	16.758	-1.862	0.37067	-0.34317	-0.62186	0.59836	24.3	13111	100
2025-5-11 11:12:30.339	WTBenchPress#5(CEA7A127C8E8)	0.127	-0.708	-0.106	13.245	5.310	-2.197	-90.35	-2.92	119.26	9.016	16.758	-1.862	0.37067	-0.34317	-0.62186	0.59836	24.3	13111	100
2025-5-11 11:12:30.339	WTBenchPress#5(CEA7A127C8E8)	0.099	-0.730	-0.029	14.648	3.235	-4.761	-90.11	-3.03	119.19	9.016	16.758	-1.862	0.37067	-0.34317	-0.62186	0.59836	24.3	13111	100
2025-5-11 11:12:30.368	WTBenchPress#5(CEA7A127C8E8)	0.019	-0.708	0.058	4.333	1.404	-5.981	-90.06	-3.17	119.14	9.016	16.758	-1.862	0.37067	-0.34317	-0.62186	0.59836	24.3	13111	100
2025-5-11 11:12:30.368	WTBenchPress#5(CEA7A127C8E8)	-0.064	-0.727	0.116	1.099	3.113	-4.578	-90.05	-3.28	119.03	9.016	16.758	-1.862	0.37067	-0.34317	-0.62186	0.59836	24.3	13111	100
2025-5-11 11:12:30.401	WTBenchPress#5(CEA7A127C8E8)	-0.121	-0.682	0.143	14.282	7.385	-3.967	-89.75	-3.36	118.82	9.016	16.758	-1.862	0.37067	-0.34317	-0.62186	0.59836	24.3	13111	100
2025-5-11 11:12:30.401	WTBenchPress#5(CEA7A127C8E8)	-0.094	-0.654	0.226	16.296	11.230	-5.432	-89.38	-3.44	118.51	9.016	16.758	-1.862	0.37067	-0.34317	-0.62186	0.59836	24.3	13111	100
2025-5-11 11:12:30.461	WTBenchPress#5(CEA7A127C8E8)	-0.028	-0.641	0.284	-3.296	12.390	-7.813	-89.36	-3.56	118.14	9.016	16.758	-1.862	0.37067	-0.34317	-0.62186	0.59836	24.3	13111	100
2025-5-11 11:12:30.461	WTBenchPress#5(CEA7A127C8E8)	0.023	-0.723	0.245	-16.418	13.245	-9.155	-89.56	-3.70	117.70	9.016	16.758	-1.862	0.37067	-0.34317	-0.62186	0.59836	24.3	13111	100
2025-5-11 11:12:30.491	WTBenchPress#5(CEA7A127C8E8)	0.050	-0.808	0.186	-4.578	14.160	-8.301	-89.51	-3.82	117.22	9.016	16.758	-1.862	0.37067	-0.34317	-0.62186	0.59836	24.3	13111	100
2025-5-11 11:12:30.491	WTBenchPress#5(CEA7A127C8E8)	0.063	-0.832	0.209	-1.648	13.489	-6.836	-89.39	-3.93	116.76	7.938	17.150	-4.998	0.37067	-0.34317	-0.62186	0.59836	24.3	13111	100
2025-5-11 11:12:30.521	WTBenchPress#5(CEA7A127C8E8)	0.080	-0.949	0.157	-11.353	11.780	-4.578	-89.47	-4.00	116.34	7.938	17.150	-4.998	0.37067	-0.34317	-0.62186	0.59836	24.3	13111	100
2025-5-11 11:12:30.521	WTBenchPress#5(CEA7A127C8E8)	0.047	-1.029	0.051	-5.615	9.705	-1.953	-89.46	-4.02	115.99	7.938	17.150	-4.998	0.37067	-0.34317	-0.62186	0.59836	24.3	13111	100
2025-5-11 11:12:30.578	WTBenchPress#5(CEA7A127C8E8)	0.113	-0.540	0.042	-4.517	7.568	0.183	-89.44	-4.00	115.73	7.938	17.150	-4.998	0.37067	-0.34317	-0.62186	0.59836	24.3	13111	100
2025-5-11 11:12:30.578	WTBenchPress#5(CEA7A127C8E8)	0.121	-1.143	0.044	-20.996	5.249	1.099	-89.77	-3.97	115.53	7.938	17.150	-4.998	0.37067	-0.34317	-0.62186	0.59836	24.3	13111	100
2025-5-11 11:12:30.609	WTBenchPress#5(CEA7A127C8E8)	0.124	-1.219	-0.028	-33.203	3.357	2.625	-90.36	-3.92	115.41	7.938	17.150	-4.998	0.37067	-0.34317	-0.62186	0.59836	24.3	13111	100
2025-5-11 11:12:30.609	WTBenchPress#5(CEA7A127C8E8)	0.114	-1.255	-0.109	-35.034	2.075	4.456	-91.01	-3.83	115.33	7.938	17.150	-4.998	0.37067	-0.34317	-0.62186	0.59836	24.3	13111	100
2025-5-11 11:12:30.639	WTBenchPress#5(CEA7A127C8E8)	0.100	-1.268	-0.127	-28.625	0.977	6.958	-91.54	-3.70	115.30	7.938	17.150	-4.998	0.37067	-0.34317	-0.62186	0.59836	24.3	13111	100
2025-5-11 11:12:30.640	WTBenchPress#5(CEA7A127C8E8)	0.081	-1.276	-0.146	-19.226	0.061	9.216	-91.91	-3.53	115.29	7.938	17.150	-4.998	0.37067	-0.34317	-0.62186	0.59836	24.3	13111	100
2025-5-11 11:12:30.701	WTBenchPress#5(CEA7A127C8E8)	0.045	-1.250	-0.201	-4.517	-0.061	11.230	-92.00	-3.31	115.31	7.938	17.150	-4.998	0.38861	-0.36777	-0.61688	0.57712	24.3	13111	100
2025-5-11 11:12:30.701	WTBenchPress#5(CEA7A127C8E8)	-0.002	-1.220	-0.159	12.817	-0.183	11.414	-91.76	-3.09	115.35	7.938	17.150	-4.998	0.38861	-0.36777	-0.61688	0.57712	24.3	13111	100
2025-5-11 11:12:30.731	WTBenchPress#5(CEA7A127C8E8)	-0.027	-1.119	-0.103	17.578	0.671	8.850	-91.45	-2.91	115.40	7.938	17.150	-4.998	0.38861	-0.36777	-0.61688	0.57712	24.3	13111	100
2025-5-11 11:12:30.731	WTBenchPress#5(CEA7A127C8E8)	-0.059	-1.101	-0.119	22.400	0.366	7.080	-91.10	-2.74	115.46	7.938	17.150	-4.998	0.38861	-0.36777	-0.61688	0.57712	24.3	13111	100
2025-5-11 11:12:30.789	WTBenchPress#5(CEA7A127C8E8)	-0.075	-1.063	-0.107	24.841	-0.977	5.066	-90.69	-2.61	115.55	7.938	17.150	-4.998	0.38861	-0.36777	-0.61688	0.57712	24.3	13111	100
2025-5-11 11:12:30.790	WTBenchPress#5(CEA7A127C8E8)	-0.065	-1.054	-0.053	8.545	-3.235	3.052	-90.33	-2.50	115.69	7.938	17.150	-4.998	0.38861	-0.36777	-0.61688	0.57712	24.3	13111	100
2025-5-11 11:12:30.819	WTBenchPress#5(CEA7A127C8E8)	-0.041	-1.045	-0.086	-4.761	-5.127	2.136	-90.28	-2.43	115.88	7.938	17.150	-4.998	0.38861	-0.36777	-0.61688	0.57712	24.3	13111	100
2025-5-11 11:12:30.819	WTBenchPress#5(CEA7A127C8E8)	0.002	-1.053	-0.066	-7.751	-5.859	1.709	-90.44	-2.36	116.13	7.938	17.150	-4.998	0.38861	-0.36777	-0.61688	0.57712	24.3	13111	100
2025-5-11 11:12:30.879	WTBenchPress#5(CEA7A127C8E8)	0.015	-1.000	-0.085	-0.732	-5.188	1.526	-90.62	-2.29	116.38	7.938	17.150	-4.998	0.38861	-0.36777	-0.61688	0.57712	24.3	13111	100
2025-5-11 11:12:30.879	WTBenchPress#5(CEA7A127C8E8)	0.034	-1.013	-0.004	7.996	-4.272	1.160	-90.64	-2.23	116.61	7.938	17.150	-4.998	0.38861	-0.36777	-0.61688	0.57712	24.3	13111	100
2025-5-11 11:12:30.881	WTBenchPress#5(CEA7A127C8E8)	0.050	-0.985	0.062	8.301	-3.723	0.977	-90.52	-2.18	116.81	7.938	17.150	-4.998	0.38861	-0.36777	-0.61688	0.57712	24.3	13111	100
2025-5-11 11:12:30.881	WTBenchPress#5(CEA7A127C8E8)	0.062	-0.943	0.111	2.380	-3.784	-0.244	-90.42	-2.14	116.98	8.722	18.914	-5.194	0.38861	-0.36777	-0.61688	0.57712	24.3	13111	100
2025-5-11 11:12:30.939	WTBenchPress#5(CEA7A127C8E8)	0.088	-0.946	0.136	-2.441	-3.357	-1.221	-90.41	-2.13	117.12	8.722	18.914	-5.194	0.38861	-0.36777	-0.61688	0.57712	24.3	13111	100
2025-5-11 11:12:30.939	WTBenchPress#5(CEA7A127C8E8)	0.112	-0.936	0.115	-2.380	-2.625	-0.793	-90.44	-2.14	117.21	8.722	18.914	-5.194	0.38861	-0.36777	-0.61688	0.57712	24.3	13111	100
2025-5-11 11:12:30.969	WTBenchPress#5(CEA7A127C8E8)	0.119	-0.970	0.137	-4.028	-1.953	-0.305	-90.48	-2.15	117.26	8.722	18.914	-5.194	0.38861	-0.36777	-0.61688	0.57712	24.3	13111	100
2025-5-11 11:12:30.969	WTBenchPress#5(CEA7A127C8E8)	0.118	-0.970	0.089	-2.747	-0.732	0.854	-90.51	-2.15	117.27	8.722	18.914	-5.194	0.38861	-0.36777	-0.61688	0.57712	24.3	13111	100
2025-5-11 11:12:31.0	WTBenchPress#5(CEA7A127C8E8)	0.108	-0.945	0.105	2.380	0.549	1.831	-90.49	-2.15	117.23	8.722	18.914	-5.194	0.38861	-0.36777	-0.61688	0.57712	24.3	13111	100
2025-5-11 11:12:31.0	WTBenchPress#5(CEA7A127C8E8)	0.083	-0.988	0.117	-0.916	1.953	2.075	-90.41	-2.14	117.15	8.722	18.914	-5.194	0.38861	-0.36777	-0.61688	0.57712	24.3	13111	100
2025-5-11 11:12:31.61	WTBenchPress#5(CEA7A127C8E8)	0.071	-0.982	0.079	-1.648	3.723	2.930	-90.38	-2.12	117.03	8.722	18.914	-5.194	0.38861	-0.36777	-0.61688	0.57712	24.3	13111	100
2025-5-11 11:12:31.61	WTBenchPress#5(CEA7A127C8E8)	0.045	-0.984	0.054	2.441	5.310	3.357	-90.33	-2.09	116.87	8.722	18.914	-5.194	0.38861	-0.36777	-0.61688	0.57712	24.3	13111	100
2025-5-11 11:12:31.89	WTBenchPress#5(CEA7A127C8E8)	0.022	-0.986	0.045	6.042	6.653	3.357	-90.21	-2.06	116.70	8.722	18.914	-5.194	0.38861	-0.36777	-0.61688	0.57712	24.3	13111	100
2025-5-11 11:12:31.89	WTBenchPress#5(CEA7A127C8E8)	0.010	-0.988	0.043	5.005	7.263	2.930	-90.04	-2.02	116.51	8.722	18.914	-5.194	0.38306	-0.36176	-0.60727	0.59457	24.3	13111	100
2025-5-11 11:12:31.149	WTBenchPress#5(CEA7A127C8E8)	-0.010	-1.009	0.008	-1.404	7.080	2.319	-89.92	-1.99	116.33	8.722	18.914	-5.194	0.38306	-0.36176	-0.60727	0.59457	24.3	13111	100
2025-5-11 11:12:31.149	WTBenchPress#5(CEA7A127C8E8)	-0.029	-1.024	-0.064	2.869	6.714	2.136	-89.89	-1.96	116.19	8.722	18.914	-5.194	0.38306	-0.36176	-0.60727	0.59457	24.3	13111	100
2025-5-11 11:12:31.178	WTBenchPress#5(CEA7A127C8E8)	-0.033	-1.016	-0.025	3.357	6.042	1.587	-89.80	-1.92	116.09	8.722	18.914	-5.194	0.38306	-0.36176	-0.60727	0.59457	24.3	13111	100
2025-5-11 11:12:31.178	WTBenchPress#5(CEA7A127C8E8)	-0.036	-1.011	-0.061	-2.075	5.249	0.061	-89.77	-1.91	116.03	8.722	18.914	-5.194	0.38306	-0.36176	-0.60727	0.59457	24.3	13111	100
2025-5-11 11:12:31.208	WTBenchPress#5(CEA7A127C8E8)	-0.065	-1.010	-0.080	-1.160	4.639	-1.160	-89.80	-1.91	116.02	8.722	18.914	-5.194	0.38306	-0.36176	-0.60727	0.59457	24.3	13111	100
2025-5-11 11:12:31.208	WTBenchPress#5(CEA7A127C8E8)	-0.067	-1.031	-0.145	2.563	4.150	-3.052	-89.79	-1.93	116.04	8.722	18.914	-5.194	0.38306	-0.36176	-0.60727	0.59457	24.3	13111	100
2025-5-11 11:12:31.238	WTBenchPress#5(CEA7A127C8E8)	-0.037	-0.986	-0.114	9.033	2.380	-4.883	-89.70	-1.98	116.13	8.722	18.914	-5.194	0.38306	-0.36176	-0.60727	0.59457	24.3	13111	100
2025-5-11 11:12:31.239	WTBenchPress#5(CEA7A127C8E8)	0.010	-0.954	-0.061	-6.714	0.549	-7.996	-89.72	-2.08	116.28	8.722	18.914	-5.194	0.38306	-0.36176	-0.60727	0.59457	24.3	13111	100
2025-5-11 11:12:31.299	WTBenchPress#5(CEA7A127C8E8)	0.058	-1.018	-0.248	-3.052	0.122	-8.545	-89.86	-2.21	116.47	8.722	18.914	-5.194	0.38306	-0.36176	-0.60727	0.59457	24.3	13111	100
2025-5-11 11:12:31.299	WTBenchPress#5(CEA7A127C8E8)	0.086	-0.982	-0.063	21.484	0.610	-6.897	-89.75	-2.34	116.68	8.722	18.914	-5.194	0.38306	-0.36176	-0.60727	0.59457	24.3	13111	100
2025-5-11 11:12:31.330	WTBenchPress#5(CEA7A127C8E8)	0.110	-0.948	-0.019	9.460	0.122	-6.104	-89.50	-2.45	116.88	8.330	20.090	-6.566	0.38306	-0.36176	-0.60727	0.59457	24.3	13111	100
2025-5-11 11:12:31.330	WTBenchPress#5(CEA7A127C8E8)	0.113	-0.918	0.052	-16.785	-0.610	-5.249	-89.63	-2.55	117.08	8.330	20.090	-6.566	0.38306	-0.36176	-0.60727	0.59457	24.3	13111	100
2025-5-11 11:12:31.358	WTBenchPress#5(CEA7A127C8E8)	0.087	-0.898	0.010	-20.020	-1.099	-3.479	-90.03	-2.64	117.26	8.330	20.090	-6.566	0.38306	-0.36176	-0.60727	0.59457	24.3	13111	100
2025-5-11 11:12:31.358	WTBenchPress#5(CEA7A127C8E8)	0.075	-0.798	0.089	-22.461	-1.404	-1.038	-90.48	-2.69	117.42	8.330	20.090	-6.566	0.38306	-0.36176	-0.60727	0.59457	24.3	13111	100
2025-5-11 11:12:31.419	WTBenchPress#5(CEA7A127C8E8)	0.068	-0.938	0.288	-41.504	-1.770	-0.427	-91.11	-2.71	117.55	8.330	20.090	-6.566	0.38306	-0.36176	-0.60727	0.59457	24.3	13111	100
2025-5-11 11:12:31.419	WTBenchPress#5(CEA7A127C8E8)	0.073	-1.005	0.168	-57.373	-2.380	-0.916	-92.05	-2.73	117.63	8.330	20.090	-6.566	0.38306	-0.36176	-0.60727	0.59457	24.3	13111	100
2025-5-11 11:12:31.449	WTBenchPress#5(CEA7A127C8E8)	0.068	-1.056	0.065	-30.273	-2.136	0.671	-92.85	-2.75	117.65	8.330	20.090	-6.566	0.38306	-0.36176	-0.60727	0.59457	24.3	13111	100
2025-5-11 11:12:31.450	WTBenchPress#5(CEA7A127C8E8)	0.044	-1.020	0.041	3.113	-1.831	3.113	-93.04	-2.72	117.65	8.330	20.090	-6.566	0.38306	-0.36176	-0.60727	0.59457	24.3	13111	100
2025-5-11 11:12:31.478	WTBenchPress#5(CEA7A127C8E8)	0.019	-0.971	0.089	23.132	-1.831	4.333	-92.70	-2.66	117.65	8.330	20.090	-6.566	0.38306	-0.36176	-0.60727	0.59457	24.3	13111	100
2025-5-11 11:12:31.479	WTBenchPress#5(CEA7A127C8E8)	0.004	-1.015	0.119	20.142	-1.953	4.089	-92.20	-2.58	117.63	8.330	20.090	-6.566	0.37280	-0.35956	-0.62436	0.58463	24.3	13111	100
2025-5-11 11:12:31.539	WTBenchPress#5(CEA7A127C8E8)	-0.015	-1.029	0.075	15.747	-1.892	2.930	-91.76	-2.52	117.62	8.330	20.090	-6.566	0.37280	-0.35956	-0.62436	0.58463	24.3	13111	100
2025-5-11 11:12:31.539	WTBenchPress#5(CEA7A127C8E8)	-0.030	-0.977	0.009	22.400	-0.977	1.953	-91.31	-2.47	117.62	8.330	20.090	-6.566	0.37280	-0.35956	-0.62436	0.58463	24.3	13111	100
2025-5-11 11:12:31.569	WTBenchPress#5(CEA7A127C8E8)	-0.029	-1.000	0.041	33.081	0.916	1.953	-90.70	-2.42	117.62	8.330	20.090	-6.566	0.37280	-0.35956	-0.62436	0.58463	24.3	13111	100
2025-5-11 11:12:31.569	WTBenchPress#5(CEA7A127C8E8)	-0.027	-1.020	0.092	31.494	2.563	1.587	-90.02	-2.38	117.60	8.330	20.090	-6.566	0.37280	-0.35956	-0.62436	0.58463	24.3	13111	100
2025-5-11 11:12:31.599	WTBenchPress#5(CEA7A127C8E8)	-0.025	-0.999	0.078	24.475	3.723	0.122	-89.45	-2.35	117.57	8.330	20.090	-6.566	0.37280	-0.35956	-0.62436	0.58463	24.3	13111	100
2025-5-11 11:12:31.599	WTBenchPress#5(CEA7A127C8E8)	-0.010	-0.985	0.058	23.438	5.066	-1.404	-88.93	-2.33	117.54	8.330	20.090	-6.566	0.37280	-0.35956	-0.62436	0.58463	24.3	13111	100
2025-5-11 11:12:31.661	WTBenchPress#5(CEA7A127C8E8)	0.000	-1.006	0.065	26.245	7.019	-2.319	-88.39	-2.35	117.49	8.330	20.090	-6.566	0.37280	-0.35956	-0.62436	0.58463	24.3	13111	100
2025-5-11 11:12:31.661	WTBenchPress#5(CEA7A127C8E8)	0.017	-1.037	0.105	28.931	9.399	-2.686	-87.80	-2.36	117.42	8.330	20.090	-6.566	0.37280	-0.35956	-0.62436	0.58463	24.3	13111	100
2025-5-11 11:12:31.688	WTBenchPress#5(CEA7A127C8E8)	0.027	-1.025	0.131	28.564	11.414	-3.479	-87.19	-2.38	117.31	8.330	20.090	-6.566	0.37280	-0.35956	-0.62436	0.58463	24.3	13111	100
2025-5-11 11:12:31.689	WTBenchPress#5(CEA7A127C8E8)	0.034	-1.010	0.143	25.818	12.268	-4.883	-86.63	-2.43	117.18	8.232	19.600	-8.330	0.37280	-0.35956	-0.62436	0.58463	24.3	13111	100
2025-5-11 11:12:31.749	WTBenchPress#5(CEA7A127C8E8)	0.040	-0.990	0.122	23.987	12.146	-6.348	-86.11	-2.52	117.05	8.232	19.600	-8.330	0.37280	-0.35956	-0.62436	0.58463	24.3	13111	100
2025-5-11 11:12:31.749	WTBenchPress#5(CEA7A127C8E8)	0.052	-0.987	0.094	28.748	12.024	-7.019	-85.53	-2.61	116.94	8.232	19.600	-8.330	0.37280	-0.35956	-0.62436	0.58463	24.3	13111	100
2025-5-11 11:12:31.779	WTBenchPress#5(CEA7A127C8E8)	0.053	-1.015	0.118	35.156	12.024	-7.019	-84.84	-2.71	116.85	8.232	19.600	-8.330	0.37280	-0.35956	-0.62436	0.58463	24.3	13111	100
2025-5-11 11:12:31.779	WTBenchPress#5(CEA7A127C8E8)	0.057	-1.063	0.135	37.109	11.841	-6.409	-84.10	-2.80	116.77	8.232	19.600	-8.330	0.37280	-0.35956	-0.62436	0.58463	24.3	13111	100
2025-5-11 11:12:31.808	WTBenchPress#5(CEA7A127C8E8)	0.050	-1.095	0.113	39.429	11.658	-4.517	-83.31	-2.86	116.72	8.232	19.600	-8.330	0.37280	-0.35956	-0.62436	0.58463	24.3	13111	100
2025-5-11 11:12:31.808	WTBenchPress#5(CEA7A127C8E8)	0.058	-1.083	0.092	45.349	11.353	-1.892	-82.44	-2.88	116.70	8.232	19.600	-8.330	0.37280	-0.35956	-0.62436	0.58463	24.3	13111	100
2025-5-11 11:12:31.869	WTBenchPress#5(CEA7A127C8E8)	0.054	-1.039	0.096	51.514	10.437	0.061	-81.46	-2.85	116.72	8.232	19.600	-8.330	0.37280	-0.35956	-0.62436	0.58463	24.3	13111	100
2025-5-11 11:12:31.870	WTBenchPress#5(CEA7A127C8E8)	0.073	-0.982	0.097	56.519	9.155	0.427	-80.39	-2.82	116.78	8.232	19.600	-8.330	0.37280	-0.35956	-0.62436	0.58463	24.3	13111	100
2025-5-11 11:12:31.900	WTBenchPress#5(CEA7A127C8E8)	0.079	-1.032	0.273	53.955	7.751	-0.732	-79.33	-2.80	116.88	8.232	19.600	-8.330	0.37280	-0.35956	-0.62436	0.58463	24.3	13111	100
2025-5-11 11:12:31.900	WTBenchPress#5(CEA7A127C8E8)	0.051	-1.021	0.326	31.006	8.301	-1.526	-78.62	-2.80	116.97	8.232	19.600	-8.330	0.41782	-0.31357	-0.54877	0.65256	24.3	13111	100
2025-5-11 11:12:31.931	WTBenchPress#5(CEA7A127C8E8)	0.042	-0.981	0.296	9.277	7.324	-3.235	-78.34	-2.83	117.06	8.232	19.600	-8.330	0.41782	-0.31357	-0.54877	0.65256	24.3	13111	100
2025-5-11 11:12:31.931	WTBenchPress#5(CEA7A127C8E8)	0.048	-0.941	0.269	-12.939	4.944	-5.859	-78.49	-2.92	117.18	8.232	19.600	-8.330	0.41782	-0.31357	-0.54877	0.65256	24.3	13111	100
2025-5-11 11:12:31.988	WTBenchPress#5(CEA7A127C8E8)	0.071	-0.961	0.218	-29.663	2.808	-8.301	-78.99	-3.05	117.33	8.232	19.600	-8.330	0.41782	-0.31357	-0.54877	0.65256	24.3	13111	100
2025-5-11 11:12:31.988	WTBenchPress#5(CEA7A127C8E8)	0.080	-1.009	0.152	-34.180	1.587	-8.118	-79.63	-3.20	117.50	8.232	19.600	-8.330	0.41782	-0.31357	-0.54877	0.65256	24.3	13111	100
2025-5-11 11:12:32.20	WTBenchPress#5(CEA7A127C8E8)	0.079	-1.058	0.112	-32.043	0.977	-5.005	-80.27	-3.30	117.71	8.232	19.600	-8.330	0.41782	-0.31357	-0.54877	0.65256	24.3	13111	100
2025-5-11 11:12:32.20	WTBenchPress#5(CEA7A127C8E8)	0.072	-1.063	0.074	-24.231	0.610	-1.221	-80.74	-3.32	117.93	8.232	19.600	-8.330	0.41782	-0.31357	-0.54877	0.65256	24.3	13111	100
2025-5-11 11:12:32.49	WTBenchPress#5(CEA7A127C8E8)	0.057	-1.105	0.063	-12.634	0.244	2.319	-81.01	-3.27	118.18	8.232	19.600	-8.330	0.41782	-0.31357	-0.54877	0.65256	24.3	13111	100
2025-5-11 11:12:32.50	WTBenchPress#5(CEA7A127C8E8)	0.039	-1.138	0.086	-4.578	-0.488	4.883	-81.12	-3.19	118.45	8.232	19.600	-8.330	0.41782	-0.31357	-0.54877	0.65256	24.3	13111	100
2025-5-11 11:12:32.109	WTBenchPress#5(CEA7A127C8E8)	0.025	-1.056	0.065	0.122	-1.648	5.981	-81.14	-3.08	118.75	8.232	19.600	-8.330	0.41782	-0.31357	-0.54877	0.65256	24.3	13111	100
2025-5-11 11:12:32.109	WTBenchPress#5(CEA7A127C8E8)	0.015	-0.976	0.027	10.986	-2.747	5.432	-80.96	-2.98	119.08	8.232	19.600	-8.330	0.41782	-0.31357	-0.54877	0.65256	24.3	13111	100
2025-5-11 11:12:32.138	WTBenchPress#5(CEA7A127C8E8)	0.010	-0.944	0.053	21.301	-4.089	4.028	-80.58	-2.92	119.44	7.938	17.248	-12.838	0.41782	-0.31357	-0.54877	0.65256	24.3	13111	100
2025-5-11 11:12:32.139	WTBenchPress#5(CEA7A127C8E8)	0.014	-0.967	0.104	22.095	-5.615	1.770	-80.20	-2.91	119.82	7.938	17.248	-12.838	0.41782	-0.31357	-0.54877	0.65256	24.3	13111	100
2025-5-11 11:12:32.199	WTBenchPress#5(CEA7A127C8E8)	0.021	-0.987	0.129	15.808	-7.202	-0.244	-79.94	-2.94	120.23	7.938	17.248	-12.838	0.41782	-0.31357	-0.54877	0.65256	24.3	13111	100
2025-5-11 11:12:32.199	WTBenchPress#5(CEA7A127C8E8)	0.027	-1.008	0.139	6.409	-8.850	-1.221	-79.87	-2.99	120.66	7.938	17.248	-12.838	0.41782	-0.31357	-0.54877	0.65256	24.3	13111	100
2025-5-11 11:12:32.261	WTBenchPress#5(CEA7A127C8E8)	0.032	-1.028	0.165	-5.676	-10.193	-1.221	-80.04	-3.04	121.11	7.938	17.248	-12.838	0.41782	-0.31357	-0.54877	0.65256	24.3	13111	100
2025-5-11 11:12:32.261	WTBenchPress#5(CEA7A127C8E8)	0.035	-1.058	0.149	-16.235	-11.230	-0.793	-80.41	-3.09	121.58	7.938	17.248	-12.838	0.41782	-0.31357	-0.54877	0.65256	24.3	13111	100
2025-5-11 11:12:32.262	WTBenchPress#5(CEA7A127C8E8)	0.032	-1.060	0.129	-22.583	-12.085	0.366	-80.91	-3.11	122.05	7.938	17.248	-12.838	0.41782	-0.31357	-0.54877	0.65256	24.3	13111	100
2025-5-11 11:12:32.262	WTBenchPress#5(CEA7A127C8E8)	0.032	-1.034	0.112	-24.963	-12.878	1.160	-81.45	-3.11	122.54	7.938	17.248	-12.838	0.41782	-0.31357	-0.54877	0.65256	24.3	13111	100
2025-5-11 11:12:32.289	WTBenchPress#5(CEA7A127C8E8)	0.032	-1.019	0.099	-24.597	-13.611	1.404	-81.97	-3.11	123.03	7.938	17.248	-12.838	0.41782	-0.31357	-0.54877	0.65256	24.3	13111	100
2025-5-11 11:12:32.290	WTBenchPress#5(CEA7A127C8E8)	0.035	-1.014	0.100	-22.888	-14.343	1.160	-82.46	-3.11	123.52	7.938	17.248	-12.838	0.37042	-0.29343	-0.59113	0.65356	24.3	13111	100
2025-5-11 11:12:32.349	WTBenchPress#5(CEA7A127C8E8)	0.042	-1.020	0.108	-22.278	-15.076	0.732	-82.94	-3.12	124.02	7.938	17.248	-12.838	0.37042	-0.29343	-0.59113	0.65356	24.3	13111	100
2025-5-11 11:12:32.349	WTBenchPress#5(CEA7A127C8E8)	0.048	-1.028	0.121	-23.438	-15.808	0.305	-83.43	-3.14	124.51	7.938	17.248	-12.838	0.37042	-0.29343	-0.59113	0.65356	24.3	13111	100
2025-5-11 11:12:32.378	WTBenchPress#5(CEA7A127C8E8)	0.050	-1.030	0.130	-26.489	-16.418	0.244	-83.97	-3.15	124.99	7.938	17.248	-12.838	0.37042	-0.29343	-0.59113	0.65356	24.3	13111	100
2025-5-11 11:12:32.379	WTBenchPress#5(CEA7A127C8E8)	0.057	-1.036	0.129	-29.480	-16.907	0.305	-84.57	-3.17	125.46	7.938	17.248	-12.838	0.37042	-0.29343	-0.59113	0.65356	24.3	13111	100
2025-5-11 11:12:32.409	WTBenchPress#5(CEA7A127C8E8)	0.061	-1.039	0.133	-34.119	-17.639	1.038	-85.22	-3.18	125.93	7.938	17.248	-12.838	0.37042	-0.29343	-0.59113	0.65356	24.3	13111	100
2025-5-11 11:12:32.409	WTBenchPress#5(CEA7A127C8E8)	0.060	-1.038	0.130	-37.415	-17.944	1.343	-85.91	-3.17	126.37	7.938	17.248	-12.838	0.37042	-0.29343	-0.59113	0.65356	24.3	13111	100
2025-5-11 11:12:32.471	WTBenchPress#5(CEA7A127C8E8)	0.061	-1.026	0.117	-39.124	-18.127	1.404	-86.65	-3.16	126.79	7.938	17.248	-12.838	0.37042	-0.29343	-0.59113	0.65356	24.3	13111	100
2025-5-11 11:12:32.471	WTBenchPress#5(CEA7A127C8E8)	0.061	-1.022	0.110	-39.856	-18.250	1.404	-87.41	-3.14	127.19	7.938	17.248	-12.838	0.37042	-0.29343	-0.59113	0.65356	24.3	13111	100
2025-5-11 11:12:32.530	WTBenchPress#5(CEA7A127C8E8)	0.063	-1.019	0.095	-38.940	-18.250	1.221	-88.17	-3.13	127.58	7.938	17.248	-12.838	0.37042	-0.29343	-0.59113	0.65356	24.3	13111	100
2025-5-11 11:12:32.530	WTBenchPress#5(CEA7A127C8E8)	0.065	-1.026	0.088	-35.950	-18.188	1.160	-88.88	-3.11	127.93	7.056	19.110	-7.840	0.37042	-0.29343	-0.59113	0.65356	24.3	13111	100
2025-5-11 11:12:32.531	WTBenchPress#5(CEA7A127C8E8)	0.064	-1.030	0.083	-31.921	-17.944	1.221	-89.54	-3.09	128.25	7.056	19.110	-7.840	0.37042	-0.29343	-0.59113	0.65356	24.3	13111	100
2025-5-11 11:12:32.531	WTBenchPress#5(CEA7A127C8E8)	0.064	-1.030	0.077	-26.917	-17.639	1.404	-90.10	-3.07	128.55	7.056	19.110	-7.840	0.37042	-0.29343	-0.59113	0.65356	24.3	13111	100
2025-5-11 11:12:32.589	WTBenchPress#5(CEA7A127C8E8)	0.062	-1.026	0.070	-20.508	-17.090	1.648	-90.55	-3.04	128.80	7.056	19.110	-7.840	0.37042	-0.29343	-0.59113	0.65356	24.3	13111	100
2025-5-11 11:12:32.589	WTBenchPress#5(CEA7A127C8E8)	0.059	-1.024	0.072	-13.977	-16.541	1.892	-90.88	-3.02	129.02	7.056	19.110	-7.840	0.37042	-0.29343	-0.59113	0.65356	24.3	13111	100
2025-5-11 11:12:32.618	WTBenchPress#5(CEA7A127C8E8)	0.056	-1.021	0.075	-8.118	-15.930	2.075	-91.07	-2.98	129.20	7.056	19.110	-7.840	0.37042	-0.29343	-0.59113	0.65356	24.3	13111	100
2025-5-11 11:12:32.618	WTBenchPress#5(CEA7A127C8E8)	0.052	-1.016	0.076	-2.625	-15.259	2.197	-91.15	-2.95	129.36	7.056	19.110	-7.840	0.37042	-0.29343	-0.59113	0.65356	24.3	13111	100
2025-5-11 11:12:32.649	WTBenchPress#5(CEA7A127C8E8)	0.049	-1.010	0.078	3.113	-14.465	2.136	-91.12	-2.91	129.49	7.056	19.110	-7.840	0.37042	-0.29343	-0.59113	0.65356	24.3	13111	100
2025-5-11 11:12:32.649	WTBenchPress#5(CEA7A127C8E8)	0.045	-1.012	0.082	9.094	-13.672	1.953	-90.97	-2.88	129.59	7.056	19.110	-7.840	0.37042	-0.29343	-0.59113	0.65356	24.3	13111	100
2025-5-11 11:12:32.709	WTBenchPress#5(CEA7A127C8E8)	0.041	-1.016	0.089	14.648	-12.756	1.953	-90.71	-2.85	129.69	7.056	19.110	-7.840	0.37042	-0.29343	-0.59113	0.65356	24.3	13111	100
2025-5-11 11:12:32.709	WTBenchPress#5(CEA7A127C8E8)	0.037	-1.014	0.100	19.348	-11.841	1.892	-90.35	-2.82	129.76	7.056	19.110	-7.840	0.37042	-0.29343	-0.59113	0.65356	24.3	13111	100
2025-5-11 11:12:32.739	WTBenchPress#5(CEA7A127C8E8)	0.033	-1.013	0.109	22.583	-10.925	1.831	-89.90	-2.79	129.81	7.056	19.110	-7.840	0.31561	-0.28391	-0.64685	0.63342	24.3	13111	100
2025-5-11 11:12:32.739	WTBenchPress#5(CEA7A127C8E8)	0.031	-1.009	0.119	24.597	-9.949	1.526	-89.38	-2.76	129.84	7.056	19.110	-7.840	0.31561	-0.28391	-0.64685	0.63342	24.3	13111	100
2025-5-11 11:12:32.768	WTBenchPress#5(CEA7A127C8E8)	0.028	-1.010	0.128	25.330	-8.972	1.160	-88.85	-2.74	129.86	7.056	19.110	-7.840	0.31561	-0.28391	-0.64685	0.63342	24.3	13111	100
2025-5-11 11:12:32.768	WTBenchPress#5(CEA7A127C8E8)	0.027	-1.009	0.134	25.208	-8.057	0.732	-88.30	-2.72	129.87	7.056	19.110	-7.840	0.31561	-0.28391	-0.64685	0.63342	24.3	13111	100
2025-5-11 11:12:32.829	WTBenchPress#5(CEA7A127C8E8)	0.026	-1.010	0.141	24.109	-7.080	0.366	-87.76	-2.72	129.86	7.056	19.110	-7.840	0.31561	-0.28391	-0.64685	0.63342	24.3	13111	100
2025-5-11 11:12:32.829	WTBenchPress#5(CEA7A127C8E8)	0.026	-1.012	0.142	22.827	-6.104	0.000	-87.25	-2.72	129.84	7.056	19.110	-7.840	0.31561	-0.28391	-0.64685	0.63342	24.3	13111	100
2025-5-11 11:12:32.858	WTBenchPress#5(CEA7A127C8E8)	0.027	-1.016	0.141	21.912	-5.066	-0.366	-86.76	-2.72	129.81	7.056	19.110	-7.840	0.31561	-0.28391	-0.64685	0.63342	24.3	13111	100
2025-5-11 11:12:32.858	WTBenchPress#5(CEA7A127C8E8)	0.029	-1.016	0.137	21.729	-4.028	-0.671	-86.29	-2.74	129.78	7.056	19.110	-7.840	0.31561	-0.28391	-0.64685	0.63342	24.3	13111	100
2025-5-11 11:12:32.889	WTBenchPress#5(CEA7A127C8E8)	0.031	-1.021	0.131	22.949	-2.869	-0.854	-85.80	-2.75	129.73	7.056	19.110	-7.840	0.31561	-0.28391	-0.64685	0.63342	24.3	13111	100
2025-5-11 11:12:32.889	WTBenchPress#5(CEA7A127C8E8)	0.032	-1.020	0.129	24.963	-1.648	-0.977	-85.30	-2.76	129.67	7.056	19.110	-7.840	0.31561	-0.28391	-0.64685	0.63342	24.3	13111	100
2025-5-11 11:12:32.949	WTBenchPress#5(CEA7A127C8E8)	0.033	-1.020	0.131	27.161	-0.427	-1.099	-84.75	-2.77	129.61	6.566	18.718	-7.252	0.31561	-0.28391	-0.64685	0.63342	24.3	13111	100
2025-5-11 11:12:32.949	WTBenchPress#5(CEA7A127C8E8)	0.034	-1.023	0.138	28.687	0.671	-1.221	-84.17	-2.79	129.53	6.566	18.718	-7.252	0.31561	-0.28391	-0.64685	0.63342	24.3	13111	100
2025-5-11 11:12:32.978	WTBenchPress#5(CEA7A127C8E8)	0.038	-1.029	0.146	28.503	1.831	-1.404	-83.58	-2.80	129.46	6.566	18.718	-7.252	0.31561	-0.28391	-0.64685	0.63342	24.3	13111	100
2025-5-11 11:12:32.979	WTBenchPress#5(CEA7A127C8E8)	0.040	-1.027	0.153	26.855	2.930	-1.465	-83.02	-2.81	129.38	6.566	18.718	-7.252	0.31561	-0.28391	-0.64685	0.63342	24.3	13111	100
2025-5-11 11:12:33.14	WTBenchPress#5(CEA7A127C8E8)	0.041	-1.024	0.154	24.475	3.967	-1.526	-82.50	-2.82	129.30	6.566	18.718	-7.252	0.31561	-0.28391	-0.64685	0.63342	24.3	13111	100
2025-5-11 11:12:33.14	WTBenchPress#5(CEA7A127C8E8)	0.042	-1.019	0.159	21.362	4.944	-1.587	-82.03	-2.82	129.21	6.566	18.718	-7.252	0.31561	-0.28391	-0.64685	0.63342	24.3	13111	100
2025-5-11 11:12:33.71	WTBenchPress#5(CEA7A127C8E8)	0.043	-1.022	0.159	17.456	5.859	-1.770	-81.64	-2.83	129.11	6.566	18.718	-7.252	0.31561	-0.28391	-0.64685	0.63342	24.3	13111	100
2025-5-11 11:12:33.71	WTBenchPress#5(CEA7A127C8E8)	0.044	-1.016	0.157	13.306	6.714	-2.014	-81.34	-2.84	129.01	6.566	18.718	-7.252	0.31561	-0.28391	-0.64685	0.63342	24.3	13111	100
2025-5-11 11:12:33.101	WTBenchPress#5(CEA7A127C8E8)	0.048	-1.019	0.155	9.399	7.507	-2.258	-81.11	-2.86	128.91	6.566	18.718	-7.252	0.31561	-0.28391	-0.64685	0.63342	24.3	13111	100
2025-5-11 11:12:33.101	WTBenchPress#5(CEA7A127C8E8)	0.050	-1.030	0.156	5.737	8.240	-2.441	-80.96	-2.87	128.80	6.566	18.718	-7.252	0.34369	-0.26328	-0.59302	0.67880	24.3	13111	100
2025-5-11 11:12:33.160	WTBenchPress#5(CEA7A127C8E8)	0.051	-1.033	0.148	2.380	9.033	-2.441	-80.88	-2.88	128.68	6.566	18.718	-7.252	0.34369	-0.26328	-0.59302	0.67880	24.3	13111	100
2025-5-11 11:12:33.160	WTBenchPress#5(CEA7A127C8E8)	0.051	-1.021	0.142	0.610	9.766	-2.197	-80.84	-2.89	128.56	6.566	18.718	-7.252	0.34369	-0.26328	-0.59302	0.67880	24.3	13111	100
2025-5-11 11:12:33.188	WTBenchPress#5(CEA7A127C8E8)	0.050	-1.020	0.147	-1.221	10.437	-2.014	-80.85	-2.89	128.43	6.566	18.718	-7.252	0.34369	-0.26328	-0.59302	0.67880	24.3	13111	100
2025-5-11 11:12:33.189	WTBenchPress#5(CEA7A127C8E8)	0.050	-1.025	0.150	-5.432	10.986	-2.136	-80.92	-2.90	128.29	6.566	18.718	-7.252	0.34369	-0.26328	-0.59302	0.67880	24.3	13111	100
2025-5-11 11:12:33.218	WTBenchPress#5(CEA7A127C8E8)	0.049	-1.018	0.146	-10.254	11.353	-2.075	-81.07	-2.91	128.15	6.566	18.718	-7.252	0.34369	-0.26328	-0.59302	0.67880	24.3	13111	100
2025-5-11 11:12:33.218	WTBenchPress#5(CEA7A127C8E8)	0.047	-1.019	0.138	-13.794	11.719	-2.258	-81.31	-2.91	128.00	6.566	18.718	-7.252	0.34369	-0.26328	-0.59302	0.67880	24.3	13111	100
2025-5-11 11:12:33.281	WTBenchPress#5(CEA7A127C8E8)	0.047	-1.017	0.142	-16.724	11.902	-2.441	-81.61	-2.92	127.85	6.566	18.718	-7.252	0.34369	-0.26328	-0.59302	0.67880	24.3	13111	100
2025-5-11 11:12:33.281	WTBenchPress#5(CEA7A127C8E8)	0.045	-1.020	0.134	-20.142	12.085	-2.686	-81.98	-2.93	127.69	6.566	18.718	-7.252	0.34369	-0.26328	-0.59302	0.67880	24.3	13111	100
2025-5-11 11:12:33.313	WTBenchPress#5(CEA7A127C8E8)	0.045	-1.023	0.139	-22.766	12.085	-3.052	-82.41	-2.95	127.52	6.566	18.718	-7.252	0.34369	-0.26328	-0.59302	0.67880	24.3	13111	100
2025-5-11 11:12:33.313	WTBenchPress#5(CEA7A127C8E8)	0.046	-1.020	0.144	-27.588	12.085	-3.418	-82.91	-2.98	127.36	6.762	17.738	-9.702	0.34369	-0.26328	-0.59302	0.67880	24.3	13111	100
2025-5-11 11:12:33.390	WTBenchPress#5(CEA7A127C8E8)	0.046	-1.020	0.131	-32.593	11.902	-3.662	-83.51	-3.02	127.19	6.762	17.738	-9.702	0.34369	-0.26328	-0.59302	0.67880	24.3	13111	100
2025-5-11 11:12:33.390	WTBenchPress#5(CEA7A127C8E8)	0.046	-1.025	0.122	-35.889	11.902	-3.723	-84.18	-3.06	127.01	6.762	17.738	-9.702	0.34369	-0.26328	-0.59302	0.67880	24.3	13111	100
2025-5-11 11:12:33.430	WTBenchPress#5(CEA7A127C8E8)	0.045	-1.022	0.114	-37.903	11.780	-3.784	-84.89	-3.10	126.83	6.762	17.738	-9.702	0.34369	-0.26328	-0.59302	0.67880	24.3	13111	100
2025-5-11 11:12:33.430	WTBenchPress#5(CEA7A127C8E8)	0.045	-1.023	0.098	-38.635	11.719	-3.662	-85.62	-3.15	126.64	6.762	17.738	-9.702	0.34369	-0.26328	-0.59302	0.67880	24.3	13111	100
2025-5-11 11:12:33.431	WTBenchPress#5(CEA7A127C8E8)	0.044	-1.027	0.077	-36.743	11.658	-3.357	-86.31	-3.20	126.45	6.762	17.738	-9.702	0.34369	-0.26328	-0.59302	0.67880	24.3	13111	100
2025-5-11 11:12:33.431	WTBenchPress#5(CEA7A127C8E8)	0.043	-1.024	0.070	-32.898	11.536	-2.991	-86.94	-3.24	126.25	6.762	17.738	-9.702	0.34369	-0.26328	-0.59302	0.67880	24.3	13111	100
2025-5-11 11:12:33.460	WTBenchPress#5(CEA7A127C8E8)	0.042	-1.029	0.060	-27.893	11.414	-2.808	-87.47	-3.27	126.05	6.762	17.738	-9.702	0.34369	-0.26328	-0.59302	0.67880	24.3	13111	100
2025-5-11 11:12:33.460	WTBenchPress#5(CEA7A127C8E8)	0.041	-1.027	0.055	-21.240	11.230	-2.563	-87.88	-3.31	125.85	6.762	17.738	-9.702	0.34369	-0.26328	-0.59302	0.67880	24.3	13111	100
2025-5-11 11:12:33.520	WTBenchPress#5(CEA7A127C8E8)	0.041	-1.027	0.058	-14.221	10.986	-2.441	-88.15	-3.33	125.66	6.762	17.738	-9.702	0.34369	-0.26328	-0.59302	0.67880	24.3	13111	100
2025-5-11 11:12:33.520	WTBenchPress#5(CEA7A127C8E8)	0.042	-1.028	0.075	-9.277	10.681	-2.380	-88.31	-3.36	125.47	6.762	17.738	-9.702	0.34369	-0.26328	-0.59302	0.67880	24.3	13111	100
2025-5-11 11:12:33.549	WTBenchPress#5(CEA7A127C8E8)	0.041	-1.027	0.089	-7.996	10.193	-2.380	-88.43	-3.39	125.30	6.762	17.738	-9.702	0.34769	-0.30164	-0.62891	0.62650	24.3	13111	100
2025-5-11 11:12:33.549	WTBenchPress#5(CEA7A127C8E8)	0.041	-1.018	0.097	-8.606	9.644	-2.319	-88.54	-3.42	125.12	6.762	17.738	-9.702	0.34769	-0.30164	-0.62891	0.62650	24.3	13111	100
2025-5-11 11:12:33.579	WTBenchPress#5(CEA7A127C8E8)	0.042	-1.015	0.101	-10.315	8.972	-2.380	-88.69	-3.45	124.96	6.762	17.738	-9.702	0.34769	-0.30164	-0.62891	0.62650	24.3	13111	100
2025-5-11 11:12:33.579	WTBenchPress#5(CEA7A127C8E8)	0.043	-1.018	0.101	-12.817	8.301	-2.380	-88.88	-3.48	124.82	6.762	17.738	-9.702	0.34769	-0.30164	-0.62891	0.62650	24.3	13111	100
2025-5-11 11:12:33.639	WTBenchPress#5(CEA7A127C8E8)	0.045	-1.022	0.092	-14.404	7.568	-2.258	-89.10	-3.51	124.68	6.762	17.738	-9.702	0.34769	-0.30164	-0.62891	0.62650	24.3	13111	100
2025-5-11 11:12:33.639	WTBenchPress#5(CEA7A127C8E8)	0.046	-1.024	0.082	-13.977	6.836	-2.075	-89.32	-3.54	124.55	6.762	17.738	-9.702	0.34769	-0.30164	-0.62891	0.62650	24.3	13111	100
2025-5-11 11:12:33.669	WTBenchPress#5(CEA7A127C8E8)	0.048	-1.024	0.084	-12.451	6.165	-1.709	-89.52	-3.56	124.43	6.762	17.738	-9.702	0.34769	-0.30164	-0.62891	0.62650	24.3	13111	100
2025-5-11 11:12:33.669	WTBenchPress#5(CEA7A127C8E8)	0.051	-1.035	0.087	-12.695	5.493	-1.404	-89.70	-3.57	124.32	6.762	17.738	-9.702	0.34769	-0.30164	-0.62891	0.62650	24.3	13111	100
2025-5-11 11:12:33.698	WTBenchPress#5(CEA7A127C8E8)	0.048	-1.036	0.067	-12.207	4.700	-0.671	-89.89	-3.57	124.23	6.762	17.738	-9.702	0.34769	-0.30164	-0.62891	0.62650	24.3	13111	100
2025-5-11 11:12:33.699	WTBenchPress#5(CEA7A127C8E8)	0.049	-1.013	0.050	-10.010	4.028	-0.305	-90.03	-3.57	124.15	6.762	17.738	-9.702	0.34769	-0.30164	-0.62891	0.62650	24.3	13111	100
2025-5-11 11:12:33.759	WTBenchPress#5(CEA7A127C8E8)	0.052	-1.016	0.038	-3.906	3.296	-0.183	-90.05	-3.56	124.09	7.252	19.796	-7.056	0.34769	-0.30164	-0.62891	0.62650	24.3	13111	100
2025-5-11 11:12:33.759	WTBenchPress#5(CEA7A127C8E8)	0.055	-1.031	0.038	2.502	2.625	-0.122	-89.96	-3.55	124.04	7.252	19.796	-7.056	0.34769	-0.30164	-0.62891	0.62650	24.3	13111	100
2025-5-11 11:12:33.790	WTBenchPress#5(CEA7A127C8E8)	0.055	-1.041	0.024	9.583	1.892	0.305	-89.73	-3.53	124.02	7.252	19.796	-7.056	0.34769	-0.30164	-0.62891	0.62650	24.3	13111	100
2025-5-11 11:12:33.790	WTBenchPress#5(CEA7A127C8E8)	0.056	-1.023	0.037	16.174	1.221	0.977	-89.37	-3.50	124.02	7.252	19.796	-7.056	0.34769	-0.30164	-0.62891	0.62650	24.3	13111	100
2025-5-11 11:12:33.819	WTBenchPress#5(CEA7A127C8E8)	0.054	-1.026	0.040	21.118	0.488	1.465	-88.92	-3.47	124.06	7.252	19.796	-7.056	0.34769	-0.30164	-0.62891	0.62650	24.3	13111	100
2025-5-11 11:12:33.819	WTBenchPress#5(CEA7A127C8E8)	0.053	-1.026	0.056	23.743	-0.366	1.770	-88.43	-3.42	124.11	7.252	19.796	-7.056	0.34769	-0.30164	-0.62891	0.62650	24.3	13111	100
2025-5-11 11:12:33.881	WTBenchPress#5(CEA7A127C8E8)	0.052	-1.024	0.066	24.597	-1.160	2.014	-87.92	-3.38	124.19	7.252	19.796	-7.056	0.34769	-0.30164	-0.62891	0.62650	24.3	13111	100
2025-5-11 11:12:33.881	WTBenchPress#5(CEA7A127C8E8)	0.050	-1.027	0.077	22.583	-2.014	2.075	-87.47	-3.33	124.29	7.252	19.796	-7.056	0.34769	-0.30164	-0.62891	0.62650	24.3	13111	100
2025-5-11 11:12:33.941	WTBenchPress#5(CEA7A127C8E8)	0.051	-1.030	0.082	19.165	-2.930	2.014	-87.08	-3.29	124.41	7.252	19.796	-7.056	0.34769	-0.30164	-0.62891	0.62650	24.3	13111	100
2025-5-11 11:12:33.942	WTBenchPress#5(CEA7A127C8E8)	0.051	-1.029	0.072	16.418	-3.845	1.953	-86.75	-3.25	124.56	7.252	19.796	-7.056	0.35501	-0.30017	-0.61658	0.63528	24.3	13111	100
2025-5-11 11:12:33.942	WTBenchPress#5(CEA7A127C8E8)	0.049	-1.026	0.059	16.296	-4.639	2.014	-86.43	-3.21	124.73	7.252	19.796	-7.056	0.35501	-0.30017	-0.61658	0.63528	24.3	13111	100
2025-5-11 11:12:33.942	WTBenchPress#5(CEA7A127C8E8)	0.048	-1.025	0.054	18.066	-5.371	2.136	-86.08	-3.17	124.93	7.252	19.796	-7.056	0.35501	-0.30017	-0.61658	0.63528	24.3	13111	100
2025-5-11 11:12:33.998	WTBenchPress#5(CEA7A127C8E8)	0.049	-1.030	0.057	19.958	-6.104	2.075	-85.69	-3.14	125.14	7.252	19.796	-7.056	0.35501	-0.30017	-0.61658	0.63528	24.3	13111	100
2025-5-11 11:12:33.998	WTBenchPress#5(CEA7A127C8E8)	0.048	-1.031	0.065	20.752	-6.775	2.075	-85.30	-3.10	125.38	7.252	19.796	-7.056	0.35501	-0.30017	-0.61658	0.63528	24.3	13111	100
2025-5-11 11:12:34.29	WTBenchPress#5(CEA7A127C8E8)	0.049	-1.030	0.072	20.142	-7.446	2.075	-84.92	-3.07	125.63	7.252	19.796	-7.056	0.35501	-0.30017	-0.61658	0.63528	24.3	13111	100
2025-5-11 11:12:34.29	WTBenchPress#5(CEA7A127C8E8)	0.048	-1.027	0.077	18.372	-8.118	2.075	-84.58	-3.04	125.90	7.252	19.796	-7.056	0.35501	-0.30017	-0.61658	0.63528	24.3	13111	100
2025-5-11 11:12:34.58	WTBenchPress#5(CEA7A127C8E8)	0.046	-1.023	0.083	15.625	-8.667	2.075	-84.30	-3.02	126.19	7.252	19.796	-7.056	0.35501	-0.30017	-0.61658	0.63528	24.3	13111	100
2025-5-11 11:12:34.58	WTBenchPress#5(CEA7A127C8E8)	0.044	-1.024	0.083	12.329	-9.277	1.953	-84.09	-2.99	126.49	7.252	19.796	-7.056	0.35501	-0.30017	-0.61658	0.63528	24.3	13111	100
2025-5-11 11:12:34.120	WTBenchPress#5(CEA7A127C8E8)	0.044	-1.020	0.086	6.653	-10.376	1.526	-83.95	-2.98	126.81	7.252	19.796	-7.056	0.35501	-0.30017	-0.61658	0.63528	24.3	13111	100
2025-5-11 11:12:34.120	WTBenchPress#5(CEA7A127C8E8)	0.045	-1.024	0.086	3.357	-10.803	1.221	-83.86	-2.97	127.13	7.252	19.796	-7.056	0.35501	-0.30017	-0.61658	0.63528	24.3	13111	100
2025-5-11 11:12:34.149	WTBenchPress#5(CEA7A127C8E8)	0.045	-1.026	0.087	0.183	-11.230	1.038	-83.85	-2.97	127.46	7.154	18.326	-9.800	0.35501	-0.30017	-0.61658	0.63528	24.3	13111	100
2025-5-11 11:12:34.149	WTBenchPress#5(CEA7A127C8E8)	0.045	-1.027	0.084	-2.930	-11.536	0.854	-83.89	-2.97	127.79	7.154	18.326	-9.800	0.35501	-0.30017	-0.61658	0.63528	24.3	13111	100
2025-5-11 11:12:34.178	WTBenchPress#5(CEA7A127C8E8)	0.046	-1.027	0.079	-4.272	-11.719	0.916	-83.99	-2.97	128.12	7.154	18.326	-9.800	0.35501	-0.30017	-0.61658	0.63528	24.3	13111	100
2025-5-11 11:12:34.178	WTBenchPress#5(CEA7A127C8E8)	0.043	-1.029	0.081	-4.883	-11.841	1.038	-84.11	-2.98	128.46	7.154	18.326	-9.800	0.35501	-0.30017	-0.61658	0.63528	24.3	13111	100
2025-5-11 11:12:34.239	WTBenchPress#5(CEA7A127C8E8)	0.047	-1.031	0.089	-5.920	-11.841	1.099	-84.24	-2.97	128.78	7.154	18.326	-9.800	0.35501	-0.30017	-0.61658	0.63528	24.3	13111	100
2025-5-11 11:12:34.239	WTBenchPress#5(CEA7A127C8E8)	0.043	-1.030	0.076	-5.493	-11.719	1.282	-84.38	-2.97	129.09	7.154	18.326	-9.800	0.35501	-0.30017	-0.61658	0.63528	24.3	13111	100
2025-5-11 11:12:34.269	WTBenchPress#5(CEA7A127C8E8)	0.045	-1.022	0.089	-4.761	-11.658	1.221	-84.51	-2.96	129.40	7.154	18.326	-9.800	0.35501	-0.30017	-0.61658	0.63528	24.3	13111	100
2025-5-11 11:12:34.269	WTBenchPress#5(CEA7A127C8E8)	0.046	-1.033	0.101	-5.798	-11.475	1.160	-84.63	-2.96	129.70	7.154	18.326	-9.800	0.35501	-0.30017	-0.61658	0.63528	24.3	13111	100
2025-5-11 11:12:34.301	WTBenchPress#5(CEA7A127C8E8)	0.044	-1.034	0.113	-8.606	-11.292	1.404	-84.78	-2.95	129.98	7.154	18.326	-9.800	0.35501	-0.30017	-0.61658	0.63528	24.3	13111	100
2025-5-11 11:12:34.301	WTBenchPress#5(CEA7A127C8E8)	0.045	-1.028	0.125	-13.000	-11.108	1.404	-84.99	-2.94	130.26	7.154	18.326	-9.800	0.35501	-0.30017	-0.61658	0.63528	24.3	13111	100
2025-5-11 11:12:34.359	WTBenchPress#5(CEA7A127C8E8)	0.046	-1.030	0.125	-18.005	-10.864	1.221	-85.28	-2.92	130.51	7.154	18.326	-9.800	0.32236	-0.26627	-0.62415	0.65994	24.3	13111	100
2025-5-11 11:12:34.359	WTBenchPress#5(CEA7A127C8E8)	0.045	-1.036	0.123	-22.461	-10.559	1.221	-85.66	-2.91	130.74	7.154	18.326	-9.800	0.32236	-0.26627	-0.62415	0.65994	24.3	13111	100
2025-5-11 11:12:34.419	WTBenchPress#5(CEA7A127C8E8)	0.042	-1.038	0.117	-25.635	-10.193	1.343	-86.11	-2.89	130.95	7.154	18.326	-9.800	0.32236	-0.26627	-0.62415	0.65994	24.3	13111	100
2025-5-11 11:12:34.419	WTBenchPress#5(CEA7A127C8E8)	0.042	-1.023	0.094	-25.757	-9.766	1.404	-86.61	-2.88	131.13	7.154	18.326	-9.800	0.32236	-0.26627	-0.62415	0.65994	24.3	13111	100
2025-5-11 11:12:34.421	WTBenchPress#5(CEA7A127C8E8)	0.043	-1.013	0.082	-22.461	-9.216	1.282	-87.08	-2.86	131.29	7.154	18.326	-9.800	0.32236	-0.26627	-0.62415	0.65994	24.3	13111	100
2025-5-11 11:12:34.421	WTBenchPress#5(CEA7A127C8E8)	0.044	-1.019	0.090	-18.616	-8.606	0.977	-87.48	-2.84	131.42	7.154	18.326	-9.800	0.32236	-0.26627	-0.62415	0.65994	24.3	13111	100
2025-5-11 11:12:34.479	WTBenchPress#5(CEA7A127C8E8)	0.043	-1.031	0.093	-15.869	-8.057	0.854	-87.81	-2.82	131.52	7.154	18.326	-9.800	0.32236	-0.26627	-0.62415	0.65994	24.3	13111	100
2025-5-11 11:12:34.479	WTBenchPress#5(CEA7A127C8E8)	0.044	-1.020	0.092	-12.695	-7.263	0.793	-88.08	-2.81	131.60	7.154	18.326	-9.800	0.32236	-0.26627	-0.62415	0.65994	24.3	13111	100
2025-5-11 11:12:34.512	WTBenchPress#5(CEA7A127C8E8)	0.045	-1.022	0.097	-8.606	-6.531	0.854	-88.28	-2.80	131.65	7.154	18.326	-9.800	0.32236	-0.26627	-0.62415	0.65994	24.3	13111	100
2025-5-11 11:12:34.512	WTBenchPress#5(CEA7A127C8E8)	0.043	-1.032	0.110	-6.409	-5.798	0.977	-88.39	-2.79	131.67	7.154	18.326	-9.800	0.32236	-0.26627	-0.62415	0.65994	24.3	13111	100
2025-5-11 11:12:34.569	WTBenchPress#5(CEA7A127C8E8)	0.041	-1.023	0.116	-5.676	-5.066	1.160	-88.47	-2.76	131.66	7.154	18.326	-9.800	0.32236	-0.26627	-0.62415	0.65994	24.3	13111	100
2025-5-11 11:12:34.569	WTBenchPress#5(CEA7A127C8E8)	0.040	-1.015	0.121	-5.737	-4.272	1.099	-88.53	-2.75	131.62	6.762	19.306	-6.370	0.32236	-0.26627	-0.62415	0.65994	24.3	13111	100
2025-5-11 11:12:34.630	WTBenchPress#5(CEA7A127C8E8)	0.039	-1.012	0.125	-7.019	-3.662	0.854	-88.61	-2.73	131.56	6.762	19.306	-6.370	0.32236	-0.26627	-0.62415	0.65994	24.3	13111	100
2025-5-11 11:12:34.630	WTBenchPress#5(CEA7A127C8E8)	0.039	-1.009	0.121	-8.301	-2.930	0.366	-88.71	-2.72	131.47	6.762	19.306	-6.370	0.32236	-0.26627	-0.62415	0.65994	24.3	13111	100
2025-5-11 11:12:34.630	WTBenchPress#5(CEA7A127C8E8)	0.041	-1.008	0.114	-8.301	-2.258	-0.122	-88.81	-2.72	131.36	6.762	19.306	-6.370	0.32236	-0.26627	-0.62415	0.65994	24.3	13111	100
2025-5-11 11:12:34.630	WTBenchPress#5(CEA7A127C8E8)	0.043	-1.016	0.108	-6.775	-1.465	-0.427	-88.91	-2.73	131.24	6.762	19.306	-6.370	0.32236	-0.26627	-0.62415	0.65994	24.3	13111	100
2025-5-11 11:12:34.692	WTBenchPress#5(CEA7A127C8E8)	0.043	-1.022	0.101	-3.723	-0.671	-0.488	-88.95	-2.75	131.09	6.762	19.306	-6.370	0.32236	-0.26627	-0.62415	0.65994	24.3	13111	100
2025-5-11 11:12:34.692	WTBenchPress#5(CEA7A127C8E8)	0.043	-1.022	0.092	1.160	0.244	-0.305	-88.91	-2.76	130.92	6.762	19.306	-6.370	0.32236	-0.26627	-0.62415	0.65994	24.3	13111	100
2025-5-11 11:12:34.723	WTBenchPress#5(CEA7A127C8E8)	0.042	-1.017	0.090	7.019	1.160	-0.244	-88.78	-2.76	130.75	6.762	19.306	-6.370	0.32236	-0.26627	-0.62415	0.65994	24.3	13111	100
2025-5-11 11:12:34.723	WTBenchPress#5(CEA7A127C8E8)	0.041	-1.017	0.096	12.390	2.014	-0.305	-88.52	-2.77	130.56	6.762	19.306	-6.370	0.31613	-0.27618	-0.63931	0.64417	24.3	13111	100
