time	DeviceName	AccX(g)	AccY(g)	AccZ(g)	AsX(°/s)	AsY(°/s)	AsZ(°/s)	AngleX(°)	AngleY(°)	AngleZ(°)	HX(uT)	HY(uT)	HZ(uT)	Q0()	Q1()	Q2()	Q3()	Temperature(°C)	Version()	Battery level(%)
2025-5-11 11:7:18.684	WTBenchPress#5(CEA7A127C8E8)	0.054	-1.018	0.144	-2.319	-0.488	-0.061	-83.47	-3.23	137.43	4.802	15.582	-8.624	0.28821	-0.22192	-0.62775	0.68814	26.1	13111	100
2025-5-11 11:7:18.684	WTBenchPress#5(CEA7A127C8E8)	0.053	-1.020	0.146	-2.747	-0.610	-0.061	-83.50	-3.23	137.44	4.802	15.582	-8.624	0.28821	-0.22192	-0.62775	0.68814	26.1	13111	100
2025-5-11 11:7:18.714	WTBenchPress#5(CEA7A127C8E8)	0.053	-1.019	0.145	-2.747	-0.671	-0.061	-83.54	-3.23	137.45	4.802	15.582	-8.624	0.28821	-0.22192	-0.62775	0.68814	26.1	13111	100
2025-5-11 11:7:18.715	WTBenchPress#5(CEA7A127C8E8)	0.054	-1.019	0.149	-1.770	-0.671	-0.061	-83.57	-3.23	137.46	4.802	15.582	-8.624	0.28821	-0.22192	-0.62775	0.68814	26.1	13111	100
2025-5-11 11:7:18.771	WTBenchPress#5(CEA7A127C8E8)	0.055	-1.018	0.150	-0.610	-0.488	-0.061	-83.58	-3.23	137.46	4.802	15.582	-8.624	0.28821	-0.22192	-0.62775	0.68814	26.1	13111	100
2025-5-11 11:7:18.772	WTBenchPress#5(CEA7A127C8E8)	0.055	-1.017	0.157	0.732	-0.305	-0.122	-83.56	-3.22	137.46	4.802	15.582	-8.624	0.28821	-0.22192	-0.62775	0.68814	26.1	13111	100
2025-5-11 11:7:18.803	WTBenchPress#5(CEA7A127C8E8)	0.053	-1.016	0.160	1.587	0.000	-0.183	-83.52	-3.22	137.46	4.802	15.582	-8.624	0.28821	-0.22192	-0.62775	0.68814	26.1	13111	100
2025-5-11 11:7:18.803	WTBenchPress#5(CEA7A127C8E8)	0.053	-1.017	0.160	2.319	0.244	-0.183	-83.46	-3.23	137.45	4.802	15.582	-8.624	0.28821	-0.22192	-0.62775	0.68814	26.1	13111	100
2025-5-11 11:7:18.836	WTBenchPress#5(CEA7A127C8E8)	0.051	-1.017	0.160	2.991	0.488	-0.244	-83.39	-3.23	137.43	4.802	15.582	-8.624	0.28821	-0.22192	-0.62775	0.68814	26.1	13111	100
2025-5-11 11:7:18.836	WTBenchPress#5(CEA7A127C8E8)	0.050	-1.018	0.159	3.784	0.732	-0.305	-83.30	-3.23	137.41	4.802	15.582	-8.624	0.28821	-0.22192	-0.62775	0.68814	26.1	13111	100
2025-5-11 11:7:18.893	WTBenchPress#5(CEA7A127C8E8)	0.049	-1.017	0.159	4.578	0.977	-0.305	-83.20	-3.23	137.38	4.802	15.680	-8.428	0.28821	-0.22192	-0.62775	0.68814	26.1	13111	100
2025-5-11 11:7:18.893	WTBenchPress#5(CEA7A127C8E8)	0.048	-1.014	0.159	5.432	1.160	-0.366	-83.08	-3.23	137.35	4.802	15.680	-8.428	0.28821	-0.22192	-0.62775	0.68814	26.1	13111	100
2025-5-11 11:7:18.922	WTBenchPress#5(CEA7A127C8E8)	0.048	-1.016	0.161	5.798	1.282	-0.488	-82.95	-3.23	137.32	4.802	15.680	-8.428	0.28821	-0.22192	-0.62775	0.68814	26.1	13111	100
2025-5-11 11:7:18.922	WTBenchPress#5(CEA7A127C8E8)	0.048	-1.017	0.166	5.493	1.404	-0.610	-82.81	-3.24	137.28	4.802	15.680	-8.428	0.28821	-0.22192	-0.62775	0.68814	26.1	13111	100
2025-5-11 11:7:18.952	WTBenchPress#5(CEA7A127C8E8)	0.047	-1.018	0.167	4.700	1.526	-0.610	-82.68	-3.24	137.26	4.802	15.680	-8.428	0.28821	-0.22192	-0.62775	0.68814	26.1	13111	100
2025-5-11 11:7:18.952	WTBenchPress#5(CEA7A127C8E8)	0.047	-1.018	0.164	4.150	1.709	-0.610	-82.57	-3.24	137.23	4.802	15.680	-8.428	0.28821	-0.22192	-0.62775	0.68814	26.1	13111	100
2025-5-11 11:7:19.42	WTBenchPress#5(CEA7A127C8E8)	0.047	-1.018	0.161	4.028	1.770	-0.671	-82.47	-3.24	137.20	4.802	15.680	-8.428	0.28821	-0.22192	-0.62775	0.68814	26.1	13111	100
2025-5-11 11:7:19.43	WTBenchPress#5(CEA7A127C8E8)	0.048	-1.018	0.161	4.211	1.892	-0.671	-82.37	-3.25	137.18	4.802	15.680	-8.428	0.28821	-0.22192	-0.62775	0.68814	26.1	13111	100
2025-5-11 11:7:19.44	WTBenchPress#5(CEA7A127C8E8)	0.048	-1.020	0.160	4.517	2.014	-0.671	-82.27	-3.25	137.16	4.802	15.680	-8.428	0.28821	-0.22192	-0.62775	0.68814	26.1	13111	100
2025-5-11 11:7:19.44	WTBenchPress#5(CEA7A127C8E8)	0.048	-1.019	0.161	4.761	2.136	-0.671	-82.16	-3.25	137.15	4.802	15.680	-8.428	0.28821	-0.22192	-0.62775	0.68814	26.1	13111	100
2025-5-11 11:7:19.75	WTBenchPress#5(CEA7A127C8E8)	0.049	-1.017	0.163	4.700	2.197	-0.610	-82.05	-3.25	137.14	4.802	15.680	-8.428	0.28821	-0.22192	-0.62775	0.68814	26.1	13111	100
2025-5-11 11:7:19.75	WTBenchPress#5(CEA7A127C8E8)	0.050	-1.017	0.167	4.089	2.258	-0.610	-81.94	-3.25	137.13	4.802	15.680	-8.428	0.29315	-0.21954	-0.61774	0.69580	26.1	13111	100
2025-5-11 11:7:19.140	WTBenchPress#5(CEA7A127C8E8)	0.050	-1.019	0.170	2.625	2.258	-0.671	-81.86	-3.25	137.12	4.802	15.680	-8.428	0.29315	-0.21954	-0.61774	0.69580	26.1	13111	100
2025-5-11 11:7:19.140	WTBenchPress#5(CEA7A127C8E8)	0.052	-1.018	0.168	0.977	2.258	-0.671	-81.81	-3.25	137.11	4.802	15.680	-8.428	0.29315	-0.21954	-0.61774	0.69580	26.1	13111	100
2025-5-11 11:7:19.164	WTBenchPress#5(CEA7A127C8E8)	0.052	-1.017	0.164	0.061	2.197	-0.671	-81.79	-3.25	137.10	4.802	15.680	-8.428	0.29315	-0.21954	-0.61774	0.69580	26.1	13111	100
2025-5-11 11:7:19.164	WTBenchPress#5(CEA7A127C8E8)	0.053	-1.015	0.161	-0.244	2.197	-0.671	-81.78	-3.25	137.10	4.802	15.680	-8.428	0.29315	-0.21954	-0.61774	0.69580	26.1	13111	100
2025-5-11 11:7:19.192	WTBenchPress#5(CEA7A127C8E8)	0.054	-1.019	0.163	-0.366	2.197	-0.671	-81.77	-3.25	137.09	4.802	15.680	-8.428	0.29315	-0.21954	-0.61774	0.69580	26.1	13111	100
2025-5-11 11:7:19.192	WTBenchPress#5(CEA7A127C8E8)	0.055	-1.018	0.163	-0.488	2.136	-0.671	-81.76	-3.25	137.09	4.802	15.680	-8.428	0.29315	-0.21954	-0.61774	0.69580	26.1	13111	100
2025-5-11 11:7:19.283	WTBenchPress#5(CEA7A127C8E8)	0.055	-1.017	0.163	-0.916	2.014	-0.671	-81.77	-3.25	137.09	4.802	15.680	-8.428	0.29315	-0.21954	-0.61774	0.69580	26.1	13111	100
2025-5-11 11:7:19.283	WTBenchPress#5(CEA7A127C8E8)	0.055	-1.019	0.165	-1.709	1.892	-0.549	-81.78	-3.25	137.10	4.802	15.680	-8.428	0.29315	-0.21954	-0.61774	0.69580	26.1	13111	100
2025-5-11 11:7:19.283	WTBenchPress#5(CEA7A127C8E8)	0.055	-1.015	0.165	-2.563	1.831	-0.549	-81.80	-3.25	137.10	4.900	15.288	-9.506	0.29315	-0.21954	-0.61774	0.69580	26.1	13111	100
2025-5-11 11:7:19.284	WTBenchPress#5(CEA7A127C8E8)	0.055	-1.018	0.165	-3.479	1.648	-0.549	-81.85	-3.26	137.11	4.900	15.288	-9.506	0.29315	-0.21954	-0.61774	0.69580	26.1	13111	100
2025-5-11 11:7:19.311	WTBenchPress#5(CEA7A127C8E8)	0.054	-1.016	0.164	-4.395	1.404	-0.610	-81.92	-3.26	137.11	4.900	15.288	-9.506	0.29315	-0.21954	-0.61774	0.69580	26.1	13111	100
2025-5-11 11:7:19.311	WTBenchPress#5(CEA7A127C8E8)	0.055	-1.017	0.163	-5.066	1.221	-0.610	-82.00	-3.26	137.13	4.900	15.288	-9.506	0.29315	-0.21954	-0.61774	0.69580	26.1	13111	100
2025-5-11 11:7:19.372	WTBenchPress#5(CEA7A127C8E8)	0.054	-1.018	0.162	-5.310	0.977	-0.610	-82.08	-3.27	137.14	4.900	15.288	-9.506	0.29315	-0.21954	-0.61774	0.69580	26.1	13111	100
2025-5-11 11:7:19.372	WTBenchPress#5(CEA7A127C8E8)	0.053	-1.018	0.161	-5.554	0.854	-0.549	-82.18	-3.27	137.15	4.900	15.288	-9.506	0.29315	-0.21954	-0.61774	0.69580	26.1	13111	100
2025-5-11 11:7:19.403	WTBenchPress#5(CEA7A127C8E8)	0.053	-1.018	0.162	-5.859	0.610	-0.488	-82.28	-3.28	137.17	4.900	15.288	-9.506	0.29315	-0.21954	-0.61774	0.69580	26.1	13111	100
2025-5-11 11:7:19.403	WTBenchPress#5(CEA7A127C8E8)	0.052	-1.018	0.161	-6.104	0.427	-0.488	-82.38	-3.28	137.19	4.900	15.288	-9.506	0.29315	-0.21954	-0.61774	0.69580	26.1	13111	100
2025-5-11 11:7:19.435	WTBenchPress#5(CEA7A127C8E8)	0.052	-1.018	0.160	-6.165	0.183	-0.427	-82.48	-3.29	137.21	4.900	15.288	-9.506	0.29315	-0.21954	-0.61774	0.69580	26.1	13111	100
2025-5-11 11:7:19.435	WTBenchPress#5(CEA7A127C8E8)	0.051	-1.016	0.172	-6.714	0.000	-0.427	-82.59	-3.29	137.24	4.900	15.288	-9.506	0.29315	-0.21954	-0.61774	0.69580	26.1	13111	100
2025-5-11 11:7:19.493	WTBenchPress#5(CEA7A127C8E8)	0.055	-1.018	0.201	-12.390	-0.244	-0.488	-82.78	-3.30	137.26	4.900	15.288	-9.506	0.29059	-0.22101	-0.62427	0.69055	26.1	13111	100
2025-5-11 11:7:19.493	WTBenchPress#5(CEA7A127C8E8)	0.050	-1.026	0.181	-20.264	-0.549	-0.366	-83.12	-3.30	137.29	4.900	15.288	-9.506	0.29059	-0.22101	-0.62427	0.69055	26.1	13111	100
2025-5-11 11:7:19.522	WTBenchPress#5(CEA7A127C8E8)	0.050	-0.999	0.153	-24.536	-0.732	-0.305	-83.56	-3.31	137.30	4.900	15.288	-9.506	0.29059	-0.22101	-0.62427	0.69055	26.1	13111	100
2025-5-11 11:7:19.522	WTBenchPress#5(CEA7A127C8E8)	0.052	-1.022	0.138	-23.682	-0.732	-0.549	-84.00	-3.31	137.31	4.900	15.288	-9.506	0.29059	-0.22101	-0.62427	0.69055	26.1	13111	100
2025-5-11 11:7:19.552	WTBenchPress#5(CEA7A127C8E8)	0.050	-1.031	0.106	-19.653	-0.549	-0.427	-84.38	-3.32	137.32	4.900	15.288	-9.506	0.29059	-0.22101	-0.62427	0.69055	26.1	13111	100
2025-5-11 11:7:19.552	WTBenchPress#5(CEA7A127C8E8)	0.050	-1.014	0.085	-10.071	-0.305	-0.244	-84.59	-3.32	137.32	4.900	15.288	-9.506	0.29059	-0.22101	-0.62427	0.69055	26.1	13111	100
2025-5-11 11:7:19.612	WTBenchPress#5(CEA7A127C8E8)	0.050	-1.025	0.093	0.916	0.061	-0.122	-84.60	-3.32	137.32	4.900	15.288	-9.506	0.29059	-0.22101	-0.62427	0.69055	26.1	13111	100
2025-5-11 11:7:19.612	WTBenchPress#5(CEA7A127C8E8)	0.050	-1.030	0.118	8.484	0.244	-0.061	-84.45	-3.31	137.31	4.900	15.288	-9.506	0.29059	-0.22101	-0.62427	0.69055	26.1	13111	100
2025-5-11 11:7:19.644	WTBenchPress#5(CEA7A127C8E8)	0.050	-1.020	0.150	9.338	0.305	-0.122	-84.24	-3.31	137.31	4.900	15.288	-9.506	0.29059	-0.22101	-0.62427	0.69055	26.1	13111	100
2025-5-11 11:7:19.644	WTBenchPress#5(CEA7A127C8E8)	0.050	-1.020	0.161	5.920	0.183	-0.183	-84.08	-3.31	137.30	4.900	15.288	-9.506	0.29059	-0.22101	-0.62427	0.69055	26.1	13111	100
2025-5-11 11:7:19.674	WTBenchPress#5(CEA7A127C8E8)	0.051	-1.013	0.177	-0.061	0.000	-0.183	-84.03	-3.30	137.30	4.900	15.288	-9.506	0.29059	-0.22101	-0.62427	0.69055	26.1	13111	100
2025-5-11 11:7:19.674	WTBenchPress#5(CEA7A127C8E8)	0.050	-1.019	0.161	-6.104	-0.122	-0.244	-84.10	-3.30	137.29	4.900	15.974	-8.526	0.29059	-0.22101	-0.62427	0.69055	26.1	13111	100
2025-5-11 11:7:19.734	WTBenchPress#5(CEA7A127C8E8)	0.050	-1.015	0.143	-8.606	-0.183	-0.244	-84.23	-3.30	137.30	4.900	15.974	-8.526	0.29059	-0.22101	-0.62427	0.69055	26.1	13111	100
2025-5-11 11:7:19.734	WTBenchPress#5(CEA7A127C8E8)	0.050	-1.023	0.119	-6.714	-0.061	-0.244	-84.34	-3.30	137.29	4.900	15.974	-8.526	0.29059	-0.22101	-0.62427	0.69055	26.1	13111	100
2025-5-11 11:7:19.764	WTBenchPress#5(CEA7A127C8E8)	0.051	-1.024	0.097	0.061	0.061	-0.183	-84.35	-3.30	137.30	4.900	15.974	-8.526	0.29059	-0.22101	-0.62427	0.69055	26.1	13111	100
2025-5-11 11:7:19.764	WTBenchPress#5(CEA7A127C8E8)	0.051	-1.026	0.112	7.813	0.183	-0.061	-84.22	-3.30	137.30	4.900	15.974	-8.526	0.29059	-0.22101	-0.62427	0.69055	26.1	13111	100
2025-5-11 11:7:19.792	WTBenchPress#5(CEA7A127C8E8)	0.050	-1.022	0.137	10.437	0.244	0.122	-84.00	-3.28	137.31	4.900	15.974	-8.526	0.29059	-0.22101	-0.62427	0.69055	26.1	13111	100
2025-5-11 11:7:19.792	WTBenchPress#5(CEA7A127C8E8)	0.051	-1.015	0.155	8.911	0.122	0.000	-83.80	-3.28	137.32	4.900	15.974	-8.526	0.29059	-0.22101	-0.62427	0.69055	26.1	13111	100
2025-5-11 11:7:19.852	WTBenchPress#5(CEA7A127C8E8)	0.051	-1.021	0.166	3.906	0.000	-0.122	-83.68	-3.28	137.33	4.900	15.974	-8.526	0.29059	-0.22101	-0.62427	0.69055	26.1	13111	100
2025-5-11 11:7:19.852	WTBenchPress#5(CEA7A127C8E8)	0.052	-1.016	0.155	-0.732	-0.183	-0.183	-83.66	-3.27	137.33	4.900	15.974	-8.526	0.29059	-0.22101	-0.62427	0.69055	26.1	13111	100
2025-5-11 11:7:19.881	WTBenchPress#5(CEA7A127C8E8)	0.053	-1.018	0.139	-2.808	-0.305	-0.183	-83.68	-3.27	137.34	4.900	15.974	-8.526	0.28860	-0.22266	-0.62885	0.68671	26.1	13111	100
2025-5-11 11:7:19.881	WTBenchPress#5(CEA7A127C8E8)	0.053	-1.018	0.120	-1.099	-0.305	-0.183	-83.68	-3.27	137.35	4.900	15.974	-8.526	0.28860	-0.22266	-0.62885	0.68671	26.1	13111	100
2025-5-11 11:7:19.913	WTBenchPress#5(CEA7A127C8E8)	0.055	-1.025	0.119	2.930	-0.244	-0.244	-83.61	-3.27	137.37	4.900	15.974	-8.526	0.28860	-0.22266	-0.62885	0.68671	26.1	13111	100
2025-5-11 11:7:19.913	WTBenchPress#5(CEA7A127C8E8)	0.054	-1.029	0.127	6.226	-0.244	-0.061	-83.47	-3.27	137.39	4.900	15.974	-8.526	0.28860	-0.22266	-0.62885	0.68671	26.1	13111	100
2025-5-11 11:7:19.973	WTBenchPress#5(CEA7A127C8E8)	0.052	-1.018	0.140	7.141	-0.183	0.122	-83.32	-3.26	137.42	4.900	15.974	-8.526	0.28860	-0.22266	-0.62885	0.68671	26.1	13111	100
2025-5-11 11:7:19.973	WTBenchPress#5(CEA7A127C8E8)	0.053	-1.010	0.149	5.493	-0.305	0.061	-83.20	-3.26	137.44	4.900	15.974	-8.526	0.28860	-0.22266	-0.62885	0.68671	26.1	13111	100
2025-5-11 11:7:20.4	WTBenchPress#5(CEA7A127C8E8)	0.054	-1.023	0.159	2.319	-0.427	-0.061	-83.14	-3.26	137.47	4.900	15.974	-8.526	0.28860	-0.22266	-0.62885	0.68671	26.1	13111	100
2025-5-11 11:7:20.4	WTBenchPress#5(CEA7A127C8E8)	0.054	-1.028	0.146	-1.038	-0.549	-0.122	-83.15	-3.26	137.49	4.900	15.974	-8.526	0.28860	-0.22266	-0.62885	0.68671	26.1	13111	100
2025-5-11 11:7:20.64	WTBenchPress#5(CEA7A127C8E8)	0.054	-1.025	0.148	-2.869	-0.671	-0.183	-83.19	-3.26	137.53	4.900	15.974	-8.526	0.28860	-0.22266	-0.62885	0.68671	26.1	13111	100
2025-5-11 11:7:20.64	WTBenchPress#5(CEA7A127C8E8)	0.052	-1.020	0.133	-3.296	-0.671	-0.122	-83.25	-3.26	137.56	4.900	15.974	-8.526	0.28860	-0.22266	-0.62885	0.68671	26.1	13111	100
2025-5-11 11:7:20.95	WTBenchPress#5(CEA7A127C8E8)	0.052	-1.021	0.131	-1.953	-0.671	0.000	-83.28	-3.26	137.60	4.900	15.778	-8.918	0.28860	-0.22266	-0.62885	0.68671	26.1	13111	100
2025-5-11 11:7:20.95	WTBenchPress#5(CEA7A127C8E8)	0.052	-1.019	0.130	-0.427	-0.671	0.000	-83.27	-3.25	137.64	4.900	15.778	-8.918	0.28860	-0.22266	-0.62885	0.68671	26.1	13111	100
2025-5-11 11:7:20.125	WTBenchPress#5(CEA7A127C8E8)	0.053	-1.021	0.139	0.671	-0.610	0.000	-83.25	-3.25	137.67	4.900	15.778	-8.918	0.28860	-0.22266	-0.62885	0.68671	26.1	13111	100
2025-5-11 11:7:20.125	WTBenchPress#5(CEA7A127C8E8)	0.051	-1.024	0.144	0.061	-0.610	0.000	-83.24	-3.25	137.70	4.900	15.778	-8.918	0.28860	-0.22266	-0.62885	0.68671	26.1	13111	100
2025-5-11 11:7:20.182	WTBenchPress#5(CEA7A127C8E8)	0.052	-1.015	0.148	-1.709	-0.732	0.000	-83.26	-3.25	137.74	4.900	15.778	-8.918	0.28860	-0.22266	-0.62885	0.68671	26.1	13111	100
2025-5-11 11:7:20.182	WTBenchPress#5(CEA7A127C8E8)	0.050	-1.019	0.147	-3.784	-0.732	0.000	-83.32	-3.25	137.76	4.900	15.778	-8.918	0.28860	-0.22266	-0.62885	0.68671	26.1	13111	100
2025-5-11 11:7:20.213	WTBenchPress#5(CEA7A127C8E8)	0.050	-1.021	0.147	-5.493	-0.793	-0.305	-83.41	-3.25	137.79	4.900	15.778	-8.918	0.28860	-0.22266	-0.62885	0.68671	26.1	13111	100
2025-5-11 11:7:20.213	WTBenchPress#5(CEA7A127C8E8)	0.051	-1.021	0.138	-6.104	-0.793	-0.244	-83.52	-3.25	137.82	4.900	15.778	-8.918	0.28860	-0.22266	-0.62885	0.68671	26.1	13111	100
2025-5-11 11:7:20.245	WTBenchPress#5(CEA7A127C8E8)	0.052	-1.023	0.138	-5.798	-0.732	-0.183	-83.62	-3.25	137.85	4.900	15.778	-8.918	0.28860	-0.22266	-0.62885	0.68671	26.1	13111	100
2025-5-11 11:7:20.245	WTBenchPress#5(CEA7A127C8E8)	0.051	-1.019	0.132	-4.761	-0.671	-0.122	-83.69	-3.25	137.87	4.900	15.778	-8.918	0.28860	-0.22266	-0.62885	0.68671	26.1	13111	100
2025-5-11 11:7:20.302	WTBenchPress#5(CEA7A127C8E8)	0.051	-1.021	0.137	-3.662	-0.610	-0.183	-83.75	-3.25	137.88	4.900	15.778	-8.918	0.28494	-0.22003	-0.63046	0.68759	26.1	13111	100
2025-5-11 11:7:20.303	WTBenchPress#5(CEA7A127C8E8)	0.051	-1.023	0.144	-3.296	-0.488	-0.244	-83.79	-3.25	137.89	4.900	15.778	-8.918	0.28494	-0.22003	-0.63046	0.68759	26.1	13111	100
2025-5-11 11:7:20.336	WTBenchPress#5(CEA7A127C8E8)	0.051	-1.019	0.144	-3.906	-0.488	-0.244	-83.84	-3.25	137.90	4.900	15.778	-8.918	0.28494	-0.22003	-0.63046	0.68759	26.1	13111	100
2025-5-11 11:7:20.336	WTBenchPress#5(CEA7A127C8E8)	0.051	-1.021	0.143	-4.761	-0.427	-0.244	-83.91	-3.25	137.91	4.900	15.778	-8.918	0.28494	-0.22003	-0.63046	0.68759	26.1	13111	100
2025-5-11 11:7:20.361	WTBenchPress#5(CEA7A127C8E8)	0.051	-1.018	0.142	-5.249	-0.427	-0.244	-83.98	-3.25	137.92	4.900	15.778	-8.918	0.28494	-0.22003	-0.63046	0.68759	26.1	13111	100
2025-5-11 11:7:20.361	WTBenchPress#5(CEA7A127C8E8)	0.052	-1.020	0.136	-5.005	-0.366	-0.244	-84.06	-3.26	137.92	4.900	15.778	-8.918	0.28494	-0.22003	-0.63046	0.68759	26.1	13111	100
2025-5-11 11:7:20.421	WTBenchPress#5(CEA7A127C8E8)	0.052	-1.018	0.133	-3.906	-0.305	-0.244	-84.13	-3.26	137.93	4.900	15.778	-8.918	0.28494	-0.22003	-0.63046	0.68759	26.1	13111	100
2025-5-11 11:7:20.422	WTBenchPress#5(CEA7A127C8E8)	0.051	-1.027	0.131	-2.136	-0.183	-0.183	-84.18	-3.26	137.93	4.900	15.778	-8.918	0.28494	-0.22003	-0.63046	0.68759	26.1	13111	100
2025-5-11 11:7:20.455	WTBenchPress#5(CEA7A127C8E8)	0.053	-1.017	0.137	-1.038	-0.122	-0.244	-84.19	-3.26	137.93	4.900	15.778	-8.918	0.28494	-0.22003	-0.63046	0.68759	26.1	13111	100
2025-5-11 11:7:20.455	WTBenchPress#5(CEA7A127C8E8)	0.052	-1.024	0.136	-0.122	-0.061	-0.183	-84.19	-3.26	137.92	4.900	15.778	-8.918	0.28494	-0.22003	-0.63046	0.68759	26.1	13111	100
2025-5-11 11:7:20.485	WTBenchPress#5(CEA7A127C8E8)	0.052	-1.018	0.147	-0.610	-0.061	-0.122	-84.17	-3.26	137.92	4.900	15.778	-8.918	0.28494	-0.22003	-0.63046	0.68759	26.1	13111	100
2025-5-11 11:7:20.485	WTBenchPress#5(CEA7A127C8E8)	0.052	-1.020	0.141	-1.648	-0.061	-0.183	-84.17	-3.25	137.91	4.900	16.072	-8.428	0.28494	-0.22003	-0.63046	0.68759	26.1	13111	100
2025-5-11 11:7:20.541	WTBenchPress#5(CEA7A127C8E8)	0.052	-1.021	0.140	-2.075	-0.061	-0.305	-84.18	-3.25	137.89	4.900	16.072	-8.428	0.28494	-0.22003	-0.63046	0.68759	26.1	13111	100
2025-5-11 11:7:20.541	WTBenchPress#5(CEA7A127C8E8)	0.052	-1.021	0.131	-1.404	0.000	-0.244	-84.19	-3.26	137.88	4.900	16.072	-8.428	0.28494	-0.22003	-0.63046	0.68759	26.1	13111	100
2025-5-11 11:7:20.573	WTBenchPress#5(CEA7A127C8E8)	0.050	-1.023	0.132	0.183	0.061	-0.183	-84.19	-3.26	137.87	4.900	16.072	-8.428	0.28494	-0.22003	-0.63046	0.68759	26.1	13111	100
2025-5-11 11:7:20.573	WTBenchPress#5(CEA7A127C8E8)	0.052	-1.021	0.129	2.014	0.061	-0.122	-84.16	-3.25	137.86	4.900	16.072	-8.428	0.28494	-0.22003	-0.63046	0.68759	26.1	13111	100
2025-5-11 11:7:20.602	WTBenchPress#5(CEA7A127C8E8)	0.051	-1.021	0.138	2.808	0.061	-0.122	-84.09	-3.25	137.85	4.900	16.072	-8.428	0.28494	-0.22003	-0.63046	0.68759	26.1	13111	100
2025-5-11 11:7:20.602	WTBenchPress#5(CEA7A127C8E8)	0.052	-1.020	0.141	2.625	0.000	-0.122	-84.02	-3.25	137.84	4.900	16.072	-8.428	0.28494	-0.22003	-0.63046	0.68759	26.1	13111	100
2025-5-11 11:7:20.662	WTBenchPress#5(CEA7A127C8E8)	0.051	-1.021	0.143	1.343	-0.061	-0.183	-83.95	-3.25	137.83	4.900	16.072	-8.428	0.28494	-0.22003	-0.63046	0.68759	26.1	13111	100
2025-5-11 11:7:20.662	WTBenchPress#5(CEA7A127C8E8)	0.052	-1.018	0.139	0.916	-0.122	-0.122	-83.91	-3.25	137.83	4.900	16.072	-8.428	0.28494	-0.22003	-0.63046	0.68759	26.1	13111	100
2025-5-11 11:7:20.694	WTBenchPress#5(CEA7A127C8E8)	0.050	-1.025	0.133	1.038	-0.122	-0.122	-83.87	-3.25	137.83	4.900	16.072	-8.428	0.28516	-0.22058	-0.63080	0.68701	26.1	13111	100
2025-5-11 11:7:20.694	WTBenchPress#5(CEA7A127C8E8)	0.052	-1.019	0.130	2.319	-0.183	-0.061	-83.82	-3.24	137.83	4.900	16.072	-8.428	0.28516	-0.22058	-0.63080	0.68701	26.1	13111	100
2025-5-11 11:7:20.722	WTBenchPress#5(CEA7A127C8E8)	0.051	-1.020	0.133	3.357	-0.183	-0.061	-83.75	-3.24	137.85	4.900	16.072	-8.428	0.28516	-0.22058	-0.63080	0.68701	26.1	13111	100
2025-5-11 11:7:20.722	WTBenchPress#5(CEA7A127C8E8)	0.051	-1.021	0.139	3.479	-0.244	-0.122	-83.67	-3.24	137.85	4.900	16.072	-8.428	0.28516	-0.22058	-0.63080	0.68701	26.1	13111	100
2025-5-11 11:7:20.782	WTBenchPress#5(CEA7A127C8E8)	0.049	-1.021	0.140	2.686	-0.366	-0.122	-83.59	-3.24	137.87	4.900	16.072	-8.428	0.28516	-0.22058	-0.63080	0.68701	26.1	13111	100
2025-5-11 11:7:20.782	WTBenchPress#5(CEA7A127C8E8)	0.051	-1.017	0.144	1.587	-0.427	-0.122	-83.54	-3.24	137.88	4.900	16.072	-8.428	0.28516	-0.22058	-0.63080	0.68701	26.1	13111	100
2025-5-11 11:7:20.813	WTBenchPress#5(CEA7A127C8E8)	0.053	-1.023	0.140	0.488	-0.549	-0.122	-83.50	-3.24	137.91	4.900	16.072	-8.428	0.28516	-0.22058	-0.63080	0.68701	26.1	13111	100
2025-5-11 11:7:20.813	WTBenchPress#5(CEA7A127C8E8)	0.053	-1.021	0.141	-0.061	-0.549	0.000	-83.49	-3.23	137.93	4.900	16.072	-8.428	0.28516	-0.22058	-0.63080	0.68701	26.1	13111	100
2025-5-11 11:7:20.845	WTBenchPress#5(CEA7A127C8E8)	0.053	-1.022	0.133	0.000	-0.610	0.000	-83.47	-3.23	137.96	4.900	16.072	-8.428	0.28516	-0.22058	-0.63080	0.68701	26.1	13111	100
2025-5-11 11:7:20.845	WTBenchPress#5(CEA7A127C8E8)	0.052	-1.024	0.134	0.488	-0.671	-0.122	-83.45	-3.22	137.99	4.900	16.072	-8.428	0.28516	-0.22058	-0.63080	0.68701	26.1	13111	100
2025-5-11 11:7:20.903	WTBenchPress#5(CEA7A127C8E8)	0.054	-1.021	0.144	0.549	-0.732	-0.183	-83.43	-3.22	138.02	4.998	15.974	-9.016	0.28516	-0.22058	-0.63080	0.68701	26.1	13111	100
2025-5-11 11:7:20.903	WTBenchPress#5(CEA7A127C8E8)	0.051	-1.035	0.150	-0.854	-0.732	-0.061	-83.42	-3.22	138.04	4.998	15.974	-9.016	0.28516	-0.22058	-0.63080	0.68701	26.1	13111	100
2025-5-11 11:7:20.937	WTBenchPress#5(CEA7A127C8E8)	0.050	-1.017	0.154	-3.662	-0.977	0.427	-83.45	-3.22	138.07	4.998	15.974	-9.016	0.28516	-0.22058	-0.63080	0.68701	26.1	13111	100
2025-5-11 11:7:20.937	WTBenchPress#5(CEA7A127C8E8)	0.050	-0.994	0.123	-2.319	-1.526	0.366	-83.50	-3.21	138.10	4.998	15.974	-9.016	0.28516	-0.22058	-0.63080	0.68701	26.1	13111	100
2025-5-11 11:7:20.962	WTBenchPress#5(CEA7A127C8E8)	0.051	-1.010	0.116	2.136	-2.563	0.061	-83.49	-3.21	138.15	4.998	15.974	-9.016	0.28516	-0.22058	-0.63080	0.68701	26.1	13111	100
2025-5-11 11:7:20.962	WTBenchPress#5(CEA7A127C8E8)	0.061	-1.043	0.127	4.578	-5.798	1.221	-83.41	-3.20	138.25	4.998	15.974	-9.016	0.28516	-0.22058	-0.63080	0.68701	26.1	13111	100
2025-5-11 11:7:21.23	WTBenchPress#5(CEA7A127C8E8)	0.073	-1.028	0.128	7.507	-8.423	1.465	-83.29	-3.19	138.41	4.998	15.974	-9.016	0.28516	-0.22058	-0.63080	0.68701	26.1	13111	100
2025-5-11 11:7:21.23	WTBenchPress#5(CEA7A127C8E8)	0.093	-0.985	0.255	10.864	-8.972	1.221	-83.10	-3.18	138.59	4.998	15.974	-9.016	0.28516	-0.22058	-0.63080	0.68701	26.1	13111	100
2025-5-11 11:7:21.54	WTBenchPress#5(CEA7A127C8E8)	0.083	-0.998	0.266	8.789	-5.737	1.099	-82.89	-3.18	138.72	4.998	15.974	-9.016	0.28516	-0.22058	-0.63080	0.68701	26.1	13111	100
2025-5-11 11:7:21.54	WTBenchPress#5(CEA7A127C8E8)	0.045	-1.019	0.254	14.709	-1.587	2.991	-82.63	-3.15	138.77	4.998	15.974	-9.016	0.28516	-0.22058	-0.63080	0.68701	26.1	13111	100
2025-5-11 11:7:21.84	WTBenchPress#5(CEA7A127C8E8)	0.026	-1.055	0.083	24.292	2.197	5.188	-82.21	-3.08	138.74	4.998	15.974	-9.016	0.28516	-0.22058	-0.63080	0.68701	26.1	13111	100
2025-5-11 11:7:21.84	WTBenchPress#5(CEA7A127C8E8)	-0.002	-1.013	-0.015	43.091	4.456	9.827	-81.52	-2.92	138.69	4.998	15.974	-9.016	0.28262	-0.21210	-0.61752	0.70264	26.1	13111	100
2025-5-11 11:7:21.141	WTBenchPress#5(CEA7A127C8E8)	-0.001	-1.058	-0.044	57.190	6.104	14.282	-80.54	-2.67	138.66	4.998	15.974	-9.016	0.28262	-0.21210	-0.61752	0.70264	26.1	13111	100
2025-5-11 11:7:21.141	WTBenchPress#5(CEA7A127C8E8)	0.041	-1.031	0.014	55.420	4.700	11.841	-79.46	-2.40	138.68	4.998	15.974	-9.016	0.28262	-0.21210	-0.61752	0.70264	26.1	13111	100
2025-5-11 11:7:21.172	WTBenchPress#5(CEA7A127C8E8)	0.047	-0.968	0.083	47.363	1.648	3.418	-78.54	-2.29	138.76	4.998	15.974	-9.016	0.28262	-0.21210	-0.61752	0.70264	26.1	13111	100
2025-5-11 11:7:21.172	WTBenchPress#5(CEA7A127C8E8)	0.004	-0.936	0.282	16.235	-0.488	-3.113	-78.13	-2.32	138.86	4.998	15.974	-9.016	0.28262	-0.21210	-0.61752	0.70264	26.1	13111	100
2025-5-11 11:7:21.201	WTBenchPress#5(CEA7A127C8E8)	-0.031	-0.976	0.322	-32.654	0.427	-4.211	-78.59	-2.40	138.92	4.998	15.974	-9.016	0.28262	-0.21210	-0.61752	0.70264	26.1	13111	100
2025-5-11 11:7:21.201	WTBenchPress#5(CEA7A127C8E8)	-0.014	-1.026	0.229	-65.491	2.258	-3.235	-79.75	-2.44	138.95	4.998	15.974	-9.016	0.28262	-0.21210	-0.61752	0.70264	26.1	13111	100
2025-5-11 11:7:21.265	WTBenchPress#5(CEA7A127C8E8)	0.002	-1.027	0.009	-64.941	3.601	-5.249	-81.05	-2.51	138.94	4.998	15.974	-9.016	0.28262	-0.21210	-0.61752	0.70264	26.1	13111	100
2025-5-11 11:7:21.265	WTBenchPress#5(CEA7A127C8E8)	0.032	-0.989	-0.034	-31.311	4.028	-10.742	-81.85	-2.66	138.92	4.998	15.974	-9.016	0.28262	-0.21210	-0.61752	0.70264	26.1	13111	100
2025-5-11 11:7:21.293	WTBenchPress#5(CEA7A127C8E8)	0.074	-0.998	0.075	-21.667	4.578	-12.939	-82.35	-2.88	138.88	4.998	15.974	-9.016	0.28262	-0.21210	-0.61752	0.70264	26.1	13111	100
2025-5-11 11:7:21.293	WTBenchPress#5(CEA7A127C8E8)	0.109	-0.985	0.141	-30.090	5.127	-10.986	-82.92	-3.07	138.83	5.194	15.190	-9.604	0.28262	-0.21210	-0.61752	0.70264	26.1	13111	100
2025-5-11 11:7:21.322	WTBenchPress#5(CEA7A127C8E8)	0.124	-0.939	0.132	-33.264	4.639	-10.254	-83.57	-3.25	138.77	5.194	15.190	-9.604	0.28262	-0.21210	-0.61752	0.70264	26.1	13111	100
2025-5-11 11:7:21.322	WTBenchPress#5(CEA7A127C8E8)	0.097	-1.053	0.247	-36.438	2.930	-11.536	-84.26	-3.46	138.70	5.194	15.190	-9.604	0.28262	-0.21210	-0.61752	0.70264	26.1	13111	100
2025-5-11 11:7:21.382	WTBenchPress#5(CEA7A127C8E8)	0.029	-1.021	0.136	-32.837	0.854	-11.475	-84.90	-3.69	138.64	5.194	15.190	-9.604	0.28262	-0.21210	-0.61752	0.70264	26.1	13111	100
2025-5-11 11:7:21.382	WTBenchPress#5(CEA7A127C8E8)	0.041	-0.815	0.140	-19.043	-1.465	-7.629	-85.31	-3.86	138.62	5.194	15.190	-9.604	0.28262	-0.21210	-0.61752	0.70264	26.1	13111	100
2025-5-11 11:7:21.412	WTBenchPress#5(CEA7A127C8E8)	0.082	-0.746	0.349	-43.640	-4.456	-5.737	-86.01	-3.98	138.63	5.194	15.190	-9.604	0.28262	-0.21210	-0.61752	0.70264	26.1	13111	100
2025-5-11 11:7:21.413	WTBenchPress#5(CEA7A127C8E8)	0.116	-0.793	0.342	-72.693	-5.615	-6.836	-87.22	-4.12	138.59	5.194	15.190	-9.604	0.28262	-0.21210	-0.61752	0.70264	26.1	13111	100
2025-5-11 11:7:21.473	WTBenchPress#5(CEA7A127C8E8)	0.131	-0.929	0.260	-60.364	-3.235	-6.287	-88.36	-4.27	138.44	5.194	15.190	-9.604	0.28262	-0.21210	-0.61752	0.70264	26.1	13111	100
2025-5-11 11:7:21.473	WTBenchPress#5(CEA7A127C8E8)	0.125	-0.907	0.298	-18.250	0.793	-4.028	-88.79	-4.39	138.16	5.194	15.190	-9.604	0.28262	-0.21210	-0.61752	0.70264	26.1	13111	100
2025-5-11 11:7:21.503	WTBenchPress#5(CEA7A127C8E8)	0.055	-0.830	0.451	-4.272	3.296	-2.747	-88.78	-4.51	137.75	5.194	15.190	-9.604	0.28262	-0.21210	-0.61752	0.70264	26.1	13111	100
2025-5-11 11:7:21.503	WTBenchPress#5(CEA7A127C8E8)	0.017	-0.913	0.229	-17.761	3.784	-4.150	-88.89	-4.65	137.25	5.194	15.190	-9.604	0.28925	-0.22910	-0.66092	0.65338	26.1	13111	100
2025-5-11 11:7:21.535	WTBenchPress#5(CEA7A127C8E8)	0.007	-0.975	0.091	7.080	2.869	-4.456	-88.70	-4.79	136.79	5.194	15.190	-9.604	0.28925	-0.22910	-0.66092	0.65338	26.1	13111	100
2025-5-11 11:7:21.535	WTBenchPress#5(CEA7A127C8E8)	0.029	-0.971	-0.124	22.217	2.197	-2.747	-88.19	-4.87	136.42	5.194	15.190	-9.604	0.28925	-0.22910	-0.66092	0.65338	26.1	13111	100
2025-5-11 11:7:21.592	WTBenchPress#5(CEA7A127C8E8)	0.044	-0.972	0.056	25.085	2.380	-1.526	-87.61	-4.91	136.17	5.194	15.190	-9.604	0.28925	-0.22910	-0.66092	0.65338	26.1	13111	100
2025-5-11 11:7:21.593	WTBenchPress#5(CEA7A127C8E8)	0.069	-0.976	0.013	-12.756	1.587	-3.296	-87.79	-4.95	135.98	5.194	15.190	-9.604	0.28925	-0.22910	-0.66092	0.65338	26.1	13111	100
2025-5-11 11:7:21.624	WTBenchPress#5(CEA7A127C8E8)	0.074	-1.037	-0.166	-23.315	0.793	-4.211	-88.21	-5.02	135.87	5.194	15.190	-9.604	0.28925	-0.22910	-0.66092	0.65338	26.1	13111	100
2025-5-11 11:7:21.624	WTBenchPress#5(CEA7A127C8E8)	0.074	-1.077	-0.258	-14.954	-0.671	-3.052	-88.51	-5.06	135.86	5.194	15.190	-9.604	0.28925	-0.22910	-0.66092	0.65338	26.1	13111	100
2025-5-11 11:7:21.654	WTBenchPress#5(CEA7A127C8E8)	0.075	-1.103	-0.243	-7.446	-2.808	-1.465	-88.69	-5.08	135.94	5.194	15.190	-9.604	0.28925	-0.22910	-0.66092	0.65338	26.1	13111	100
2025-5-11 11:7:21.655	WTBenchPress#5(CEA7A127C8E8)	0.069	-1.099	-0.205	-4.822	-4.700	-1.526	-88.85	-5.09	136.08	5.194	15.190	-9.604	0.28925	-0.22910	-0.66092	0.65338	26.1	13111	100
2025-5-11 11:7:21.712	WTBenchPress#5(CEA7A127C8E8)	0.072	-1.095	-0.137	-9.949	-6.531	-1.343	-89.13	-5.10	136.26	4.704	15.680	-5.390	0.28925	-0.22910	-0.66092	0.65338	26.1	13111	100
2025-5-11 11:7:21.713	WTBenchPress#5(CEA7A127C8E8)	0.078	-1.091	-0.127	-16.235	-7.996	-1.038	-89.53	-5.11	136.46	4.704	15.680	-5.390	0.28925	-0.22910	-0.66092	0.65338	26.1	13111	100
2025-5-11 11:7:21.741	WTBenchPress#5(CEA7A127C8E8)	0.092	-1.059	-0.092	-14.038	-8.667	-0.549	-89.88	-5.11	136.66	4.704	15.680	-5.390	0.28925	-0.22910	-0.66092	0.65338	26.1	13111	100
2025-5-11 11:7:21.741	WTBenchPress#5(CEA7A127C8E8)	0.094	-1.032	-0.006	-15.259	-8.972	-0.854	-90.26	-5.11	136.85	4.704	15.680	-5.390	0.28925	-0.22910	-0.66092	0.65338	26.1	13111	100
2025-5-11 11:7:21.773	WTBenchPress#5(CEA7A127C8E8)	0.078	-1.035	0.000	-19.775	-9.338	-1.282	-90.71	-5.13	137.01	4.704	15.680	-5.390	0.28925	-0.22910	-0.66092	0.65338	26.1	13111	100
2025-5-11 11:7:21.773	WTBenchPress#5(CEA7A127C8E8)	0.082	-1.012	0.027	-22.583	-9.705	-0.854	-91.20	-5.13	137.14	4.704	15.680	-5.390	0.28925	-0.22910	-0.66092	0.65338	26.1	13111	100
2025-5-11 11:7:21.834	WTBenchPress#5(CEA7A127C8E8)	0.101	-1.012	0.010	-25.940	-10.071	-0.366	-91.74	-5.11	137.26	4.704	15.680	-5.390	0.28925	-0.22910	-0.66092	0.65338	26.1	13111	100
2025-5-11 11:7:21.834	WTBenchPress#5(CEA7A127C8E8)	0.094	-0.994	0.017	-19.958	-10.437	0.183	-92.15	-5.10	137.35	4.704	15.680	-5.390	0.28925	-0.22910	-0.66092	0.65338	26.1	13111	100
2025-5-11 11:7:21.865	WTBenchPress#5(CEA7A127C8E8)	0.055	-0.963	0.059	-15.869	-10.925	-0.183	-92.47	-5.09	137.41	4.704	15.680	-5.390	0.28925	-0.22910	-0.66092	0.65338	26.1	13111	100
2025-5-11 11:7:21.865	WTBenchPress#5(CEA7A127C8E8)	0.054	-0.940	0.067	-13.184	-11.353	-0.122	-92.72	-5.08	137.44	4.704	15.680	-5.390	0.28925	-0.22910	-0.66092	0.65338	26.1	13111	100
2025-5-11 11:7:21.922	WTBenchPress#5(CEA7A127C8E8)	0.068	-0.961	0.097	-18.250	-11.719	-0.061	-93.06	-5.07	137.43	4.704	15.680	-5.390	0.28925	-0.22910	-0.66092	0.65338	26.1	13111	100
2025-5-11 11:7:21.922	WTBenchPress#5(CEA7A127C8E8)	0.078	-0.954	0.020	-12.268	-11.108	0.427	-93.27	-5.05	137.38	4.704	15.680	-5.390	0.27914	-0.23593	-0.68771	0.62720	26.1	13111	100
2025-5-11 11:7:21.951	WTBenchPress#5(CEA7A127C8E8)	0.086	-0.933	0.059	-6.775	-10.193	0.488	-93.37	-5.04	137.27	4.704	15.680	-5.390	0.27914	-0.23593	-0.68771	0.62720	26.1	13111	100
2025-5-11 11:7:21.951	WTBenchPress#5(CEA7A127C8E8)	0.083	-0.951	0.026	-2.686	-8.972	0.671	-93.37	-5.02	137.11	4.704	15.680	-5.390	0.27914	-0.23593	-0.68771	0.62720	26.1	13111	100
2025-5-11 11:7:21.982	WTBenchPress#5(CEA7A127C8E8)	0.126	-0.952	0.100	-2.991	-7.751	2.014	-93.38	-4.98	136.91	4.704	15.680	-5.390	0.27914	-0.23593	-0.68771	0.62720	26.1	13111	100
2025-5-11 11:7:21.982	WTBenchPress#5(CEA7A127C8E8)	0.103	-0.933	-0.008	-8.972	-5.981	3.662	-93.53	-4.93	136.65	4.704	15.680	-5.390	0.27914	-0.23593	-0.68771	0.62720	26.1	13111	100
2025-5-11 11:7:22.15	WTBenchPress#5(CEA7A127C8E8)	0.068	-0.929	-0.040	-2.380	-4.883	4.333	-93.62	-4.87	136.38	4.704	15.680	-5.390	0.27914	-0.23593	-0.68771	0.62720	26.1	13111	100
2025-5-11 11:7:22.15	WTBenchPress#5(CEA7A127C8E8)	0.047	-0.941	-0.039	3.418	-3.784	5.249	-93.59	-4.80	136.09	4.704	15.680	-5.390	0.27914	-0.23593	-0.68771	0.62720	26.1	13111	100
2025-5-11 11:7:22.75	WTBenchPress#5(CEA7A127C8E8)	0.053	-0.944	-0.009	-0.732	-2.808	5.432	-93.50	-4.70	135.79	4.704	15.680	-5.390	0.27914	-0.23593	-0.68771	0.62720	26.1	13111	100
2025-5-11 11:7:22.75	WTBenchPress#5(CEA7A127C8E8)	0.088	-0.935	-0.044	-3.662	-2.197	4.883	-93.49	-4.61	135.47	4.704	15.680	-5.390	0.27914	-0.23593	-0.68771	0.62720	26.1	13111	100
2025-5-11 11:7:22.102	WTBenchPress#5(CEA7A127C8E8)	0.104	-0.908	-0.056	-4.028	-1.953	3.662	-93.53	-4.53	135.14	4.704	15.680	-5.390	0.27914	-0.23593	-0.68771	0.62720	26.1	13111	100
2025-5-11 11:7:22.103	WTBenchPress#5(CEA7A127C8E8)	0.080	-0.962	-0.071	-6.531	-1.831	2.502	-93.60	-4.47	134.84	5.390	15.386	-1.568	0.27914	-0.23593	-0.68771	0.62720	26.1	13111	100
2025-5-11 11:7:22.134	WTBenchPress#5(CEA7A127C8E8)	0.065	-0.916	-0.043	-11.963	-1.160	1.404	-93.73	-4.43	134.53	5.390	15.386	-1.568	0.27914	-0.23593	-0.68771	0.62720	26.1	13111	100
2025-5-11 11:7:22.135	WTBenchPress#5(CEA7A127C8E8)	0.046	-0.927	-0.098	-16.174	0.183	-0.854	-93.97	-4.43	134.21	5.390	15.386	-1.568	0.27914	-0.23593	-0.68771	0.62720	26.1	13111	100
2025-5-11 11:7:22.193	WTBenchPress#5(CEA7A127C8E8)	0.020	-0.942	-0.101	-14.343	1.587	-2.625	-94.26	-4.47	133.87	5.390	15.386	-1.568	0.27914	-0.23593	-0.68771	0.62720	26.1	13111	100
2025-5-11 11:7:22.193	WTBenchPress#5(CEA7A127C8E8)	0.002	-0.968	-0.107	-11.475	3.052	-3.967	-94.52	-4.53	133.51	5.390	15.386	-1.568	0.27914	-0.23593	-0.68771	0.62720	26.1	13111	100
2025-5-11 11:7:22.221	WTBenchPress#5(CEA7A127C8E8)	0.024	-0.971	-0.090	-6.348	4.578	-4.395	-94.70	-4.61	133.14	5.390	15.386	-1.568	0.27914	-0.23593	-0.68771	0.62720	26.1	13111	100
2025-5-11 11:7:22.221	WTBenchPress#5(CEA7A127C8E8)	0.034	-0.944	-0.084	-6.226	5.493	-5.310	-94.81	-4.70	132.76	5.390	15.386	-1.568	0.27914	-0.23593	-0.68771	0.62720	26.1	13111	100
2025-5-11 11:7:22.253	WTBenchPress#5(CEA7A127C8E8)	0.020	-0.953	-0.066	-9.277	5.981	-5.859	-94.93	-4.80	132.37	5.390	15.386	-1.568	0.27914	-0.23593	-0.68771	0.62720	26.1	13111	100
2025-5-11 11:7:22.253	WTBenchPress#5(CEA7A127C8E8)	0.033	-1.002	-0.060	-8.545	6.653	-5.310	-95.09	-4.89	131.98	5.390	15.386	-1.568	0.27914	-0.23593	-0.68771	0.62720	26.1	13111	100
2025-5-11 11:7:22.312	WTBenchPress#5(CEA7A127C8E8)	0.049	-0.976	-0.035	-6.470	7.080	-4.578	-95.22	-4.98	131.58	5.390	15.386	-1.568	0.27914	-0.23593	-0.68771	0.62720	26.1	13111	100
2025-5-11 11:7:22.312	WTBenchPress#5(CEA7A127C8E8)	0.074	-1.013	-0.045	-11.719	6.653	-4.639	-95.33	-5.06	131.17	5.390	15.386	-1.568	0.27914	-0.23593	-0.68771	0.62720	26.1	13111	100
2025-5-11 11:7:22.343	WTBenchPress#5(CEA7A127C8E8)	0.106	-0.965	-0.073	-9.705	6.226	-4.333	-95.52	-5.14	130.76	5.390	15.386	-1.568	0.30984	-0.28067	-0.68491	0.59668	26.1	13111	100
2025-5-11 11:7:22.343	WTBenchPress#5(CEA7A127C8E8)	0.107	-1.013	-0.069	-11.475	4.883	-4.700	-95.68	-5.21	130.37	5.390	15.386	-1.568	0.30984	-0.28067	-0.68491	0.59668	26.1	13111	100
2025-5-11 11:7:22.371	WTBenchPress#5(CEA7A127C8E8)	0.101	-1.020	-0.034	-8.850	3.906	-4.822	-95.86	-5.30	130.01	5.390	15.386	-1.568	0.30984	-0.28067	-0.68491	0.59668	26.1	13111	100
2025-5-11 11:7:22.372	WTBenchPress#5(CEA7A127C8E8)	0.105	-0.998	-0.043	-9.644	3.418	-4.822	-96.00	-5.39	129.65	5.390	15.386	-1.568	0.30984	-0.28067	-0.68491	0.59668	26.1	13111	100
2025-5-11 11:7:22.438	WTBenchPress#5(CEA7A127C8E8)	0.113	-0.994	-0.059	-16.602	2.380	-5.310	-96.19	-5.49	129.31	5.390	15.386	-1.568	0.30984	-0.28067	-0.68491	0.59668	26.1	13111	100
2025-5-11 11:7:22.438	WTBenchPress#5(CEA7A127C8E8)	0.122	-1.008	-0.120	-18.250	1.160	-5.615	-96.49	-5.59	129.00	5.390	15.386	-1.568	0.30984	-0.28067	-0.68491	0.59668	26.1	13111	100
2025-5-11 11:7:22.465	WTBenchPress#5(CEA7A127C8E8)	0.103	-1.043	-0.161	-9.033	-0.061	-5.676	-96.73	-5.70	128.72	5.390	15.386	-1.568	0.30984	-0.28067	-0.68491	0.59668	26.1	13111	100
2025-5-11 11:7:22.465	WTBenchPress#5(CEA7A127C8E8)	0.085	-1.064	-0.126	2.014	-0.488	-4.761	-96.78	-5.81	128.48	5.390	15.386	-1.568	0.30984	-0.28067	-0.68491	0.59668	26.1	13111	100
2025-5-11 11:7:22.495	WTBenchPress#5(CEA7A127C8E8)	0.142	-1.023	-0.102	-0.183	-0.732	-4.089	-96.75	-5.89	128.25	5.390	15.386	-1.568	0.30984	-0.28067	-0.68491	0.59668	26.1	13111	100
2025-5-11 11:7:22.495	WTBenchPress#5(CEA7A127C8E8)	0.178	-1.000	-0.200	-3.235	-2.075	-4.761	-96.77	-5.97	128.06	5.194	13.426	-0.882	0.30984	-0.28067	-0.68491	0.59668	26.1	13111	100
2025-5-11 11:7:22.551	WTBenchPress#5(CEA7A127C8E8)	0.106	-0.998	-0.230	-6.348	-5.188	-5.127	-96.87	-6.05	127.94	5.194	13.426	-0.882	0.30984	-0.28067	-0.68491	0.59668	26.1	13111	100
2025-5-11 11:7:22.552	WTBenchPress#5(CEA7A127C8E8)	0.051	-1.091	-0.127	-8.423	-6.714	-4.517	-97.04	-6.14	127.87	5.194	13.426	-0.882	0.30984	-0.28067	-0.68491	0.59668	26.1	13111	100
2025-5-11 11:7:22.583	WTBenchPress#5(CEA7A127C8E8)	0.011	-1.121	-0.002	3.113	-5.554	-2.197	-97.11	-6.19	127.81	5.194	13.426	-0.882	0.30984	-0.28067	-0.68491	0.59668	26.1	13111	100
2025-5-11 11:7:22.583	WTBenchPress#5(CEA7A127C8E8)	0.047	-1.055	0.072	-5.798	-3.296	-1.038	-97.12	-6.20	127.69	5.194	13.426	-0.882	0.30984	-0.28067	-0.68491	0.59668	26.1	13111	100
2025-5-11 11:7:22.612	WTBenchPress#5(CEA7A127C8E8)	0.091	-1.050	0.022	-18.005	-1.282	-1.587	-97.33	-6.21	127.51	5.194	13.426	-0.882	0.30984	-0.28067	-0.68491	0.59668	26.1	13111	100
2025-5-11 11:7:22.612	WTBenchPress#5(CEA7A127C8E8)	0.100	-1.089	-0.062	-18.616	-0.732	-1.892	-97.64	-6.23	127.28	5.194	13.426	-0.882	0.30984	-0.28067	-0.68491	0.59668	26.1	13111	100
2025-5-11 11:7:22.675	WTBenchPress#5(CEA7A127C8E8)	0.113	-1.132	-0.123	-14.282	-0.793	-1.404	-97.92	-6.25	127.04	5.194	13.426	-0.882	0.30984	-0.28067	-0.68491	0.59668	26.1	13111	100
2025-5-11 11:7:22.675	WTBenchPress#5(CEA7A127C8E8)	0.104	-1.163	-0.154	-9.094	-1.648	-0.061	-98.10	-6.25	126.82	5.194	13.426	-0.882	0.30984	-0.28067	-0.68491	0.59668	26.1	13111	100
2025-5-11 11:7:22.705	WTBenchPress#5(CEA7A127C8E8)	0.115	-1.127	-0.149	-7.690	-2.747	1.160	-98.23	-6.22	126.63	5.194	13.426	-0.882	0.30984	-0.28067	-0.68491	0.59668	26.1	13111	100
2025-5-11 11:7:22.705	WTBenchPress#5(CEA7A127C8E8)	0.135	-1.118	-0.158	-15.869	-3.845	1.404	-98.43	-6.17	126.47	5.194	13.426	-0.882	0.32996	-0.30997	-0.69135	0.56299	26.1	13111	100
2025-5-11 11:7:22.734	WTBenchPress#5(CEA7A127C8E8)	0.149	-1.129	-0.261	-16.968	-4.639	1.282	-98.73	-6.13	126.34	5.194	13.426	-0.882	0.32996	-0.30997	-0.69135	0.56299	26.1	13111	100
2025-5-11 11:7:22.734	WTBenchPress#5(CEA7A127C8E8)	0.151	-1.137	-0.249	-4.089	-4.883	1.648	-98.93	-6.08	126.23	5.194	13.426	-0.882	0.32996	-0.30997	-0.69135	0.56299	26.1	13111	100
2025-5-11 11:7:22.792	WTBenchPress#5(CEA7A127C8E8)	0.140	-1.119	-0.187	-4.089	-4.822	1.648	-99.01	-6.03	126.13	5.194	13.426	-0.882	0.32996	-0.30997	-0.69135	0.56299	26.1	13111	100
2025-5-11 11:7:22.792	WTBenchPress#5(CEA7A127C8E8)	0.130	-1.141	-0.235	-3.296	-4.150	1.648	-99.09	-5.98	126.03	5.194	13.426	-0.882	0.32996	-0.30997	-0.69135	0.56299	26.1	13111	100
2025-5-11 11:7:22.823	WTBenchPress#5(CEA7A127C8E8)	0.121	-1.022	-0.159	8.972	-2.930	0.916	-99.04	-5.95	125.92	5.194	13.426	-0.882	0.32996	-0.30997	-0.69135	0.56299	26.1	13111	100
2025-5-11 11:7:22.823	WTBenchPress#5(CEA7A127C8E8)	0.098	-1.110	-0.101	-5.249	-2.197	-0.366	-99.00	-5.94	125.80	5.194	13.426	-0.882	0.32996	-0.30997	-0.69135	0.56299	26.1	13111	100
2025-5-11 11:7:22.912	WTBenchPress#5(CEA7A127C8E8)	0.105	-1.132	-0.132	-5.615	-1.465	-0.183	-99.11	-5.95	125.64	5.194	13.426	-0.882	0.32996	-0.30997	-0.69135	0.56299	26.1	13111	100
2025-5-11 11:7:22.913	WTBenchPress#5(CEA7A127C8E8)	0.094	-1.102	-0.062	-6.958	-0.793	-0.244	-99.22	-5.95	125.45	5.194	13.426	-0.882	0.32996	-0.30997	-0.69135	0.56299	26.1	13111	100
2025-5-11 11:7:22.914	WTBenchPress#5(CEA7A127C8E8)	0.064	-1.123	-0.071	-12.390	-0.183	-0.183	-99.42	-5.96	125.23	5.194	13.426	-0.882	0.32996	-0.30997	-0.69135	0.56299	26.1	13111	100
2025-5-11 11:7:22.914	WTBenchPress#5(CEA7A127C8E8)	0.059	-1.113	-0.016	-5.005	0.610	-0.122	-99.51	-5.97	124.98	5.390	13.720	-0.294	0.32996	-0.30997	-0.69135	0.56299	26.1	13111	100
2025-5-11 11:7:22.941	WTBenchPress#5(CEA7A127C8E8)	0.088	-1.175	0.048	-9.460	0.977	0.183	-99.62	-5.97	124.69	5.390	13.720	-0.294	0.32996	-0.30997	-0.69135	0.56299	26.1	13111	100
2025-5-11 11:7:22.942	WTBenchPress#5(CEA7A127C8E8)	0.103	-1.223	0.018	-15.503	0.671	0.977	-99.82	-5.95	124.39	5.390	13.720	-0.294	0.32996	-0.30997	-0.69135	0.56299	26.1	13111	100
2025-5-11 11:7:23.3	WTBenchPress#5(CEA7A127C8E8)	0.126	-1.188	0.003	-17.395	0.122	2.258	-100.07	-5.93	124.06	5.390	13.720	-0.294	0.32996	-0.30997	-0.69135	0.56299	26.1	13111	100
2025-5-11 11:7:23.3	WTBenchPress#5(CEA7A127C8E8)	0.136	-1.143	-0.021	-18.066	-0.793	2.563	-100.33	-5.88	123.74	5.390	13.720	-0.294	0.32996	-0.30997	-0.69135	0.56299	26.1	13111	100
2025-5-11 11:7:23.34	WTBenchPress#5(CEA7A127C8E8)	0.140	-1.186	-0.136	-5.066	-0.916	2.747	-100.41	-5.84	123.41	5.390	13.720	-0.294	0.32996	-0.30997	-0.69135	0.56299	26.1	13111	100
2025-5-11 11:7:23.34	WTBenchPress#5(CEA7A127C8E8)	0.177	-1.239	-0.187	10.559	-0.549	3.601	-100.19	-5.79	123.10	5.390	13.720	-0.294	0.32996	-0.30997	-0.69135	0.56299	26.1	13111	100
2025-5-11 11:7:23.63	WTBenchPress#5(CEA7A127C8E8)	0.201	-1.208	-0.182	5.005	-0.488	3.906	-100.00	-5.72	122.81	5.390	13.720	-0.294	0.32996	-0.30997	-0.69135	0.56299	26.1	13111	100
2025-5-11 11:7:23.63	WTBenchPress#5(CEA7A127C8E8)	0.185	-1.175	-0.239	-2.930	0.183	3.540	-99.96	-5.67	122.53	5.390	13.720	-0.294	0.32996	-0.30997	-0.69135	0.56299	26.1	13111	100
2025-5-11 11:7:23.132	WTBenchPress#5(CEA7A127C8E8)	0.142	-1.168	-0.241	-0.854	1.770	2.625	-99.95	-5.64	122.24	5.390	13.720	-0.294	0.32996	-0.30997	-0.69135	0.56299	26.1	13111	100
2025-5-11 11:7:23.132	WTBenchPress#5(CEA7A127C8E8)	0.108	-1.155	-0.167	-0.671	4.089	0.732	-99.93	-5.65	121.95	5.390	13.720	-0.294	0.32996	-0.30997	-0.69135	0.56299	26.1	13111	100
2025-5-11 11:7:23.152	WTBenchPress#5(CEA7A127C8E8)	0.121	-1.130	-0.117	1.282	6.775	-2.319	-99.87	-5.72	121.61	5.390	13.720	-0.294	0.34744	-0.34506	-0.68268	0.54227	26.1	13111	100
2025-5-11 11:7:23.152	WTBenchPress#5(CEA7A127C8E8)	0.093	-1.084	-0.082	7.690	8.911	-5.737	-99.70	-5.87	121.25	5.390	13.720	-0.294	0.34744	-0.34506	-0.68268	0.54227	26.1	13111	100
2025-5-11 11:7:23.183	WTBenchPress#5(CEA7A127C8E8)	0.072	-1.158	-0.010	13.855	10.132	-8.179	-99.40	-6.06	120.88	5.390	13.720	-0.294	0.34744	-0.34506	-0.68268	0.54227	26.1	13111	100
2025-5-11 11:7:23.183	WTBenchPress#5(CEA7A127C8E8)	0.068	-1.254	0.106	1.526	10.193	-8.545	-99.23	-6.27	120.48	5.390	13.720	-0.294	0.34744	-0.34506	-0.68268	0.54227	26.1	13111	100
2025-5-11 11:7:23.242	WTBenchPress#5(CEA7A127C8E8)	0.061	-1.263	0.084	-25.085	8.911	-7.813	-99.51	-6.46	120.08	5.390	13.720	-0.294	0.34744	-0.34506	-0.68268	0.54227	26.1	13111	100
2025-5-11 11:7:23.242	WTBenchPress#5(CEA7A127C8E8)	0.079	-1.244	-0.007	-26.184	8.057	-6.531	-99.92	-6.62	119.66	5.390	13.720	-0.294	0.34744	-0.34506	-0.68268	0.54227	26.1	13111	100
2025-5-11 11:7:23.274	WTBenchPress#5(CEA7A127C8E8)	0.074	-1.233	-0.022	-8.057	7.141	-4.761	-100.05	-6.75	119.26	5.390	13.720	-0.294	0.34744	-0.34506	-0.68268	0.54227	26.1	13111	100
2025-5-11 11:7:23.275	WTBenchPress#5(CEA7A127C8E8)	0.059	-1.315	-0.023	3.601	4.639	-1.648	-99.86	-6.79	118.91	5.390	13.720	-0.294	0.34744	-0.34506	-0.68268	0.54227	26.1	13111	100
2025-5-11 11:7:23.319	WTBenchPress#5(CEA7A127C8E8)	0.052	-1.311	-0.088	8.301	0.793	1.831	-99.59	-6.74	118.64	5.390	13.720	-0.294	0.34744	-0.34506	-0.68268	0.54227	26.1	13111	100
2025-5-11 11:7:23.319	WTBenchPress#5(CEA7A127C8E8)	0.079	-1.306	-0.124	7.385	-2.686	4.028	-99.36	-6.63	118.44	5.586	13.622	-0.490	0.34744	-0.34506	-0.68268	0.54227	26.1	13111	100
2025-5-11 11:7:23.363	WTBenchPress#5(CEA7A127C8E8)	0.078	-1.316	-0.144	3.784	-5.920	5.920	-99.21	-6.47	118.32	5.586	13.622	-0.490	0.34744	-0.34506	-0.68268	0.54227	26.1	13111	100
2025-5-11 11:7:23.363	WTBenchPress#5(CEA7A127C8E8)	0.058	-1.265	-0.152	6.531	-9.094	9.583	-99.03	-6.23	118.28	5.586	13.622	-0.490	0.34744	-0.34506	-0.68268	0.54227	26.1	13111	100
2025-5-11 11:7:23.391	WTBenchPress#5(CEA7A127C8E8)	0.051	-1.269	-0.142	7.813	-12.085	11.353	-98.84	-5.94	118.31	5.586	13.622	-0.490	0.34744	-0.34506	-0.68268	0.54227	26.1	13111	100
2025-5-11 11:7:23.392	WTBenchPress#5(CEA7A127C8E8)	0.076	-1.280	-0.155	9.094	-13.855	11.414	-98.63	-5.65	118.39	5.586	13.622	-0.490	0.34744	-0.34506	-0.68268	0.54227	26.1	13111	100
2025-5-11 11:7:23.432	WTBenchPress#5(CEA7A127C8E8)	0.078	-1.283	-0.196	14.038	-13.611	12.451	-98.33	-5.34	118.47	5.586	13.622	-0.490	0.34744	-0.34506	-0.68268	0.54227	26.1	13111	100
2025-5-11 11:7:23.432	WTBenchPress#5(CEA7A127C8E8)	0.036	-1.226	-0.164	29.053	-12.451	13.489	-97.74	-5.02	118.54	5.586	13.622	-0.490	0.34744	-0.34506	-0.68268	0.54227	26.1	13111	100
2025-5-11 11:7:23.485	WTBenchPress#5(CEA7A127C8E8)	0.006	-1.207	-0.092	27.954	-11.475	12.573	-97.18	-4.72	118.59	5.586	13.622	-0.490	0.34744	-0.34506	-0.68268	0.54227	26.1	13111	100
2025-5-11 11:7:23.485	WTBenchPress#5(CEA7A127C8E8)	0.049	-1.229	-0.077	12.268	-10.010	12.207	-96.92	-4.44	118.61	5.586	13.622	-0.490	0.34744	-0.34506	-0.68268	0.54227	26.1	13111	100
2025-5-11 11:7:23.514	WTBenchPress#5(CEA7A127C8E8)	0.091	-1.166	-0.159	5.554	-8.179	11.597	-96.81	-4.17	118.61	5.586	13.622	-0.490	0.34744	-0.34506	-0.68268	0.54227	26.1	13111	100
2025-5-11 11:7:23.515	WTBenchPress#5(CEA7A127C8E8)	0.054	-1.145	-0.179	13.916	-6.287	9.888	-96.53	-3.94	118.58	5.586	13.622	-0.490	0.36197	-0.36148	-0.65121	0.56046	26.1	13111	100
2025-5-11 11:7:23.545	WTBenchPress#5(CEA7A127C8E8)	0.042	-1.146	-0.083	14.832	-4.456	8.850	-96.23	-3.75	118.50	5.586	13.622	-0.490	0.36197	-0.36148	-0.65121	0.56046	26.1	13111	100
2025-5-11 11:7:23.545	WTBenchPress#5(CEA7A127C8E8)	0.112	-1.081	-0.103	12.329	-2.502	8.301	-95.98	-3.57	118.39	5.586	13.622	-0.490	0.36197	-0.36148	-0.65121	0.56046	26.1	13111	100
2025-5-11 11:7:23.603	WTBenchPress#5(CEA7A127C8E8)	0.172	-1.109	-0.179	8.728	-0.854	7.324	-95.81	-3.41	118.26	5.586	13.622	-0.490	0.36197	-0.36148	-0.65121	0.56046	26.1	13111	100
2025-5-11 11:7:23.603	WTBenchPress#5(CEA7A127C8E8)	0.159	-1.110	-0.233	19.287	-2.075	5.676	-95.44	-3.30	118.17	5.586	13.622	-0.490	0.36197	-0.36148	-0.65121	0.56046	26.1	13111	100
2025-5-11 11:7:23.633	WTBenchPress#5(CEA7A127C8E8)	0.113	-0.980	-0.186	18.127	-4.456	4.333	-95.12	-3.22	118.15	5.586	13.622	-0.490	0.36197	-0.36148	-0.65121	0.56046	26.1	13111	100
2025-5-11 11:7:23.633	WTBenchPress#5(CEA7A127C8E8)	0.128	-1.011	-0.146	-1.709	-5.859	2.747	-95.20	-3.18	118.16	5.586	13.622	-0.490	0.36197	-0.36148	-0.65121	0.56046	26.1	13111	100
2025-5-11 11:7:23.661	WTBenchPress#5(CEA7A127C8E8)	0.128	-1.097	-0.139	7.629	-5.615	3.113	-95.08	-3.13	118.16	5.586	13.622	-0.490	0.36197	-0.36148	-0.65121	0.56046	26.1	13111	100
2025-5-11 11:7:23.661	WTBenchPress#5(CEA7A127C8E8)	0.052	-0.921	-0.132	15.503	-5.188	2.991	-94.82	-3.09	118.14	5.586	13.622	-0.490	0.36197	-0.36148	-0.65121	0.56046	26.1	13111	100
2025-5-11 11:7:23.731	WTBenchPress#5(CEA7A127C8E8)	0.011	-1.053	-0.009	-6.836	-2.502	-1.038	-94.88	-3.13	118.11	5.586	13.622	-0.490	0.36197	-0.36148	-0.65121	0.56046	26.1	13111	100
2025-5-11 11:7:23.731	WTBenchPress#5(CEA7A127C8E8)	0.001	-1.071	0.048	-3.418	2.441	1.587	-95.02	-3.16	117.98	5.586	13.622	-0.490	0.36197	-0.36148	-0.65121	0.56046	26.1	13111	100
2025-5-11 11:7:23.753	WTBenchPress#5(CEA7A127C8E8)	0.078	-0.919	0.033	-4.150	7.446	2.197	-95.09	-3.15	117.72	6.566	14.504	-0.588	0.36197	-0.36148	-0.65121	0.56046	26.1	13111	100
2025-5-11 11:7:23.753	WTBenchPress#5(CEA7A127C8E8)	0.123	-0.873	-0.085	2.258	10.376	-0.854	-95.11	-3.14	117.35	6.566	14.504	-0.588	0.36197	-0.36148	-0.65121	0.56046	26.1	13111	100
2025-5-11 11:7:23.782	WTBenchPress#5(CEA7A127C8E8)	0.056	-1.020	-0.078	-0.061	12.390	0.244	-95.05	-3.19	116.93	6.566	14.504	-0.588	0.36197	-0.36148	-0.65121	0.56046	26.1	13111	100
2025-5-11 11:7:23.782	WTBenchPress#5(CEA7A127C8E8)	0.030	-1.080	-0.046	-2.869	14.771	3.601	-95.04	-3.20	116.48	6.566	14.504	-0.588	0.36197	-0.36148	-0.65121	0.56046	26.1	13111	100
2025-5-11 11:7:23.842	WTBenchPress#5(CEA7A127C8E8)	0.068	-0.947	-0.070	-2.625	16.663	6.531	-95.06	-3.16	115.98	6.566	14.504	-0.588	0.36197	-0.36148	-0.65121	0.56046	26.1	13111	100
2025-5-11 11:7:23.842	WTBenchPress#5(CEA7A127C8E8)	0.148	-0.859	-0.165	-2.563	16.846	6.226	-95.08	-3.07	115.47	6.566	14.504	-0.588	0.36197	-0.36148	-0.65121	0.56046	26.1	13111	100
2025-5-11 11:7:23.872	WTBenchPress#5(CEA7A127C8E8)	0.203	-0.866	-0.218	3.479	15.259	4.089	-95.08	-3.00	114.98	6.566	14.504	-0.588	0.36197	-0.36148	-0.65121	0.56046	26.1	13111	100
2025-5-11 11:7:23.872	WTBenchPress#5(CEA7A127C8E8)	0.140	-0.859	-0.216	9.460	12.146	1.526	-94.98	-2.98	114.58	6.566	14.504	-0.588	0.36197	-0.36148	-0.65121	0.56046	26.1	13111	100
2025-5-11 11:7:23.901	WTBenchPress#5(CEA7A127C8E8)	0.023	-0.868	-0.129	5.127	8.240	0.366	-94.83	-3.00	114.28	6.566	14.504	-0.588	0.36197	-0.36148	-0.65121	0.56046	26.1	13111	100
2025-5-11 11:7:23.902	WTBenchPress#5(CEA7A127C8E8)	-0.038	-0.866	-0.116	-6.836	6.226	0.122	-94.82	-3.05	114.06	6.566	14.504	-0.588	0.36197	-0.36148	-0.65121	0.56046	26.1	13111	100
2025-5-11 11:7:23.997	WTBenchPress#5(CEA7A127C8E8)	-0.041	-0.847	-0.079	1.770	7.019	-1.282	-94.94	-3.10	113.88	6.566	14.504	-0.588	0.38589	-0.38681	-0.62717	0.55499	26.1	13111	100
2025-5-11 11:7:23.997	WTBenchPress#5(CEA7A127C8E8)	-0.049	-0.849	0.022	2.563	8.240	-2.258	-94.93	-3.16	113.70	6.566	14.504	-0.588	0.38589	-0.38681	-0.62717	0.55499	26.1	13111	100
2025-5-11 11:7:23.997	WTBenchPress#5(CEA7A127C8E8)	-0.068	-0.902	0.013	-1.465	9.033	-2.136	-94.90	-3.22	113.48	6.566	14.504	-0.588	0.38589	-0.38681	-0.62717	0.55499	26.1	13111	100
2025-5-11 11:7:23.997	WTBenchPress#5(CEA7A127C8E8)	-0.064	-0.914	0.017	-8.179	9.460	-1.648	-94.95	-3.26	113.24	6.566	14.504	-0.588	0.38589	-0.38681	-0.62717	0.55499	26.1	13111	100
2025-5-11 11:7:24.32	WTBenchPress#5(CEA7A127C8E8)	-0.052	-0.898	-0.048	-12.756	9.888	-1.526	-95.11	-3.28	112.98	6.566	14.504	-0.588	0.38589	-0.38681	-0.62717	0.55499	26.1	13111	100
2025-5-11 11:7:24.32	WTBenchPress#5(CEA7A127C8E8)	-0.027	-0.897	-0.071	-6.104	9.827	-2.747	-95.30	-3.30	112.72	6.566	14.504	-0.588	0.38589	-0.38681	-0.62717	0.55499	26.1	13111	100
2025-5-11 11:7:24.83	WTBenchPress#5(CEA7A127C8E8)	-0.011	-0.896	-0.074	4.395	9.033	-3.174	-95.33	-3.33	112.48	6.566	14.504	-0.588	0.38589	-0.38681	-0.62717	0.55499	26.1	13111	100
2025-5-11 11:7:24.83	WTBenchPress#5(CEA7A127C8E8)	0.025	-0.957	-0.088	8.118	7.996	-1.953	-95.20	-3.35	112.28	6.566	14.504	-0.588	0.38589	-0.38681	-0.62717	0.55499	26.1	13111	100
2025-5-11 11:7:24.112	WTBenchPress#5(CEA7A127C8E8)	0.087	-0.951	-0.157	11.963	6.104	-1.038	-95.00	-3.35	112.13	6.566	14.504	-0.588	0.38589	-0.38681	-0.62717	0.55499	26.1	13111	100
2025-5-11 11:7:24.112	WTBenchPress#5(CEA7A127C8E8)	0.130	-0.898	-0.194	14.343	2.930	-0.427	-94.74	-3.33	112.06	6.664	16.268	-1.666	0.38589	-0.38681	-0.62717	0.55499	26.1	13111	100
2025-5-11 11:7:24.141	WTBenchPress#5(CEA7A127C8E8)	0.147	-0.913	-0.159	-1.160	-1.404	-1.526	-94.62	-3.32	112.10	6.664	16.268	-1.666	0.38589	-0.38681	-0.62717	0.55499	26.1	13111	100
2025-5-11 11:7:24.141	WTBenchPress#5(CEA7A127C8E8)	0.121	-0.902	-0.277	-9.094	-4.517	-3.357	-94.76	-3.35	112.23	6.664	16.268	-1.666	0.38589	-0.38681	-0.62717	0.55499	26.1	13111	100
2025-5-11 11:7:24.202	WTBenchPress#5(CEA7A127C8E8)	0.082	-0.958	-0.250	4.761	-5.615	-3.235	-94.86	-3.41	112.43	6.664	16.268	-1.666	0.38589	-0.38681	-0.62717	0.55499	26.1	13111	100
2025-5-11 11:7:24.202	WTBenchPress#5(CEA7A127C8E8)	0.045	-0.923	-0.212	23.621	-5.798	-3.540	-94.64	-3.48	112.65	6.664	16.268	-1.666	0.38589	-0.38681	-0.62717	0.55499	26.1	13111	100
2025-5-11 11:7:24.232	WTBenchPress#5(CEA7A127C8E8)	0.017	-0.921	-0.074	32.288	-6.042	-3.662	-94.16	-3.56	112.90	6.664	16.268	-1.666	0.38589	-0.38681	-0.62717	0.55499	26.1	13111	100
2025-5-11 11:7:24.232	WTBenchPress#5(CEA7A127C8E8)	0.018	-0.917	0.018	9.644	-7.019	-5.310	-93.82	-3.65	113.15	6.664	16.268	-1.666	0.38589	-0.38681	-0.62717	0.55499	26.1	13111	100
2025-5-11 11:7:24.293	WTBenchPress#5(CEA7A127C8E8)	0.021	-0.926	-0.062	-10.925	-7.629	-7.202	-93.88	-3.76	113.40	6.664	16.268	-1.666	0.38589	-0.38681	-0.62717	0.55499	26.1	13111	100
2025-5-11 11:7:24.293	WTBenchPress#5(CEA7A127C8E8)	0.028	-0.951	-0.111	-3.418	-7.751	-8.179	-94.07	-3.89	113.66	6.664	16.268	-1.666	0.38589	-0.38681	-0.62717	0.55499	26.1	13111	100
2025-5-11 11:7:24.331	WTBenchPress#5(CEA7A127C8E8)	0.030	-0.972	-0.067	10.620	-7.263	-7.141	-94.04	-4.02	113.91	6.664	16.268	-1.666	0.38589	-0.38681	-0.62717	0.55499	26.1	13111	100
2025-5-11 11:7:24.331	WTBenchPress#5(CEA7A127C8E8)	0.030	-0.971	-0.006	16.968	-6.714	-5.737	-93.81	-4.13	114.15	6.664	16.268	-1.666	0.39331	-0.37408	-0.62564	0.56018	26.1	13111	100
2025-5-11 11:7:24.353	WTBenchPress#5(CEA7A127C8E8)	0.036	-0.971	0.071	9.277	-6.104	-4.944	-93.57	-4.20	114.36	6.664	16.268	-1.666	0.39331	-0.37408	-0.62564	0.56018	26.1	13111	100
2025-5-11 11:7:24.354	WTBenchPress#5(CEA7A127C8E8)	0.042	-1.013	0.046	-5.127	-5.554	-3.845	-93.53	-4.26	114.53	6.664	16.268	-1.666	0.39331	-0.37408	-0.62564	0.56018	26.1	13111	100
2025-5-11 11:7:24.412	WTBenchPress#5(CEA7A127C8E8)	0.040	-0.993	-0.043	-2.808	-4.700	-1.953	-93.60	-4.28	114.66	6.664	16.268	-1.666	0.39331	-0.37408	-0.62564	0.56018	26.1	13111	100
2025-5-11 11:7:24.412	WTBenchPress#5(CEA7A127C8E8)	0.044	-0.975	-0.043	5.981	-4.272	-1.221	-93.57	-4.28	114.77	6.664	16.268	-1.666	0.39331	-0.37408	-0.62564	0.56018	26.1	13111	100
2025-5-11 11:7:24.442	WTBenchPress#5(CEA7A127C8E8)	0.065	-0.988	-0.020	7.996	-3.845	-1.160	-93.42	-4.28	114.89	6.664	16.268	-1.666	0.39331	-0.37408	-0.62564	0.56018	26.1	13111	100
2025-5-11 11:7:24.442	WTBenchPress#5(CEA7A127C8E8)	0.098	-0.978	0.000	8.179	-3.418	-1.282	-93.25	-4.28	114.99	6.664	16.268	-1.666	0.39331	-0.37408	-0.62564	0.56018	26.1	13111	100
2025-5-11 11:7:24.471	WTBenchPress#5(CEA7A127C8E8)	0.127	-0.997	0.081	1.587	-3.113	-1.343	-93.14	-4.28	115.08	6.664	16.268	-1.666	0.39331	-0.37408	-0.62564	0.56018	26.1	13111	100
2025-5-11 11:7:24.472	WTBenchPress#5(CEA7A127C8E8)	0.152	-1.013	0.048	-9.277	-2.380	-0.671	-93.18	-4.28	115.13	6.664	16.268	-1.666	0.39331	-0.37408	-0.62564	0.56018	26.1	13111	100
2025-5-11 11:7:24.532	WTBenchPress#5(CEA7A127C8E8)	0.143	-1.023	0.006	-10.132	-1.831	0.366	-93.34	-4.28	115.14	6.664	16.268	-1.666	0.39331	-0.37408	-0.62564	0.56018	26.1	13111	100
2025-5-11 11:7:24.532	WTBenchPress#5(CEA7A127C8E8)	0.131	-1.042	-0.002	-7.324	-1.892	1.221	-93.47	-4.27	115.13	6.664	16.268	-1.666	0.39331	-0.37408	-0.62564	0.56018	26.1	13111	100
2025-5-11 11:7:24.562	WTBenchPress#5(CEA7A127C8E8)	0.114	-1.049	-0.001	-1.770	-1.953	1.953	-93.50	-4.25	115.12	5.390	15.484	-2.646	0.39331	-0.37408	-0.62564	0.56018	26.1	13111	100
2025-5-11 11:7:24.562	WTBenchPress#5(CEA7A127C8E8)	0.099	-1.052	0.019	3.052	-1.770	2.563	-93.42	-4.22	115.10	5.390	15.484	-2.646	0.39331	-0.37408	-0.62564	0.56018	26.1	13111	100
2025-5-11 11:7:24.592	WTBenchPress#5(CEA7A127C8E8)	0.085	-1.054	0.040	2.319	-1.587	3.113	-93.33	-4.18	115.07	5.390	15.484	-2.646	0.39331	-0.37408	-0.62564	0.56018	26.1	13111	100
2025-5-11 11:7:24.593	WTBenchPress#5(CEA7A127C8E8)	0.075	-1.056	0.004	-0.061	-1.343	3.601	-93.27	-4.13	115.04	5.390	15.484	-2.646	0.39331	-0.37408	-0.62564	0.56018	26.1	13111	100
2025-5-11 11:7:24.653	WTBenchPress#5(CEA7A127C8E8)	0.063	-1.071	-0.009	0.916	-1.160	4.272	-93.21	-4.06	115.00	5.390	15.484	-2.646	0.39331	-0.37408	-0.62564	0.56018	26.1	13111	100
2025-5-11 11:7:24.653	WTBenchPress#5(CEA7A127C8E8)	0.054	-1.066	-0.047	1.526	-1.099	4.944	-93.15	-3.98	114.97	5.390	15.484	-2.646	0.39331	-0.37408	-0.62564	0.56018	26.1	13111	100
2025-5-11 11:7:24.682	WTBenchPress#5(CEA7A127C8E8)	0.049	-1.074	-0.059	2.502	-1.404	5.493	-93.08	-3.88	114.96	5.390	15.484	-2.646	0.39331	-0.37408	-0.62564	0.56018	26.1	13111	100
2025-5-11 11:7:24.682	WTBenchPress#5(CEA7A127C8E8)	0.043	-1.070	-0.077	2.380	-1.953	5.981	-93.00	-3.77	114.98	5.390	15.484	-2.646	0.39331	-0.37408	-0.62564	0.56018	26.1	13111	100
2025-5-11 11:7:24.715	WTBenchPress#5(CEA7A127C8E8)	0.029	-1.058	-0.081	0.793	-2.319	5.859	-92.97	-3.65	115.01	5.390	15.484	-2.646	0.39331	-0.37408	-0.62564	0.56018	26.1	13111	100
2025-5-11 11:7:24.715	WTBenchPress#5(CEA7A127C8E8)	0.014	-1.067	-0.085	-0.183	-2.258	5.493	-92.96	-3.54	115.07	5.390	15.484	-2.646	0.39331	-0.37408	-0.62564	0.56018	26.1	13111	100
2025-5-11 11:7:24.774	WTBenchPress#5(CEA7A127C8E8)	0.000	-1.058	-0.094	0.427	-2.441	5.066	-92.95	-3.43	115.14	5.390	15.484	-2.646	0.38663	-0.37125	-0.62283	0.56976	26.1	13111	100
2025-5-11 11:7:24.774	WTBenchPress#5(CEA7A127C8E8)	-0.008	-1.050	-0.080	-0.916	-3.113	4.211	-92.97	-3.33	115.24	5.390	15.484	-2.646	0.38663	-0.37125	-0.62283	0.56976	26.1	13111	100
2025-5-11 11:7:24.802	WTBenchPress#5(CEA7A127C8E8)	-0.013	-1.032	-0.065	-0.366	-3.540	3.418	-92.98	-3.24	115.35	5.390	15.484	-2.646	0.38663	-0.37125	-0.62283	0.56976	26.1	13111	100
2025-5-11 11:7:24.802	WTBenchPress#5(CEA7A127C8E8)	-0.012	-1.026	-0.025	-4.150	-3.906	2.136	-93.05	-3.17	115.48	5.390	15.484	-2.646	0.38663	-0.37125	-0.62283	0.56976	26.1	13111	100
2025-5-11 11:7:24.844	WTBenchPress#5(CEA7A127C8E8)	-0.001	-1.021	-0.037	-6.897	-4.089	0.732	-93.18	-3.12	115.61	5.390	15.484	-2.646	0.38663	-0.37125	-0.62283	0.56976	26.1	13111	100
2025-5-11 11:7:24.844	WTBenchPress#5(CEA7A127C8E8)	0.010	-1.020	-0.032	-2.380	-3.601	-0.183	-93.25	-3.09	115.72	5.390	15.484	-2.646	0.38663	-0.37125	-0.62283	0.56976	26.1	13111	100
2025-5-11 11:7:24.895	WTBenchPress#5(CEA7A127C8E8)	0.027	-1.023	0.020	-3.052	-2.991	-1.099	-93.30	-3.08	115.83	5.390	15.484	-2.646	0.38663	-0.37125	-0.62283	0.56976	26.1	13111	100
2025-5-11 11:7:24.895	WTBenchPress#5(CEA7A127C8E8)	0.039	-1.022	0.027	-7.690	-2.319	-2.319	-93.42	-3.09	115.90	5.390	15.484	-2.646	0.38663	-0.37125	-0.62283	0.56976	26.1	13111	100
2025-5-11 11:7:24.931	WTBenchPress#5(CEA7A127C8E8)	0.052	-1.040	0.008	-6.348	-1.343	-2.991	-93.52	-3.11	115.94	5.390	15.484	-2.646	0.38663	-0.37125	-0.62283	0.56976	26.1	13111	100
2025-5-11 11:7:24.931	WTBenchPress#5(CEA7A127C8E8)	0.067	-1.039	0.006	-0.671	-0.549	-3.174	-93.53	-3.15	115.95	5.684	16.758	-2.646	0.38663	-0.37125	-0.62283	0.56976	26.1	13111	100
2025-5-11 11:7:24.955	WTBenchPress#5(CEA7A127C8E8)	0.078	-1.035	0.026	0.977	-0.244	-3.357	-93.49	-3.20	115.94	5.684	16.758	-2.646	0.38663	-0.37125	-0.62283	0.56976	26.1	13111	100
2025-5-11 11:7:24.955	WTBenchPress#5(CEA7A127C8E8)	0.088	-1.038	0.045	-0.793	0.244	-3.540	-93.46	-3.26	115.91	5.684	16.758	-2.646	0.38663	-0.37125	-0.62283	0.56976	26.1	13111	100
2025-5-11 11:7:25.13	WTBenchPress#5(CEA7A127C8E8)	0.089	-1.047	0.035	-4.639	0.916	-3.601	-93.50	-3.32	115.85	5.684	16.758	-2.646	0.38663	-0.37125	-0.62283	0.56976	26.1	13111	100
2025-5-11 11:7:25.13	WTBenchPress#5(CEA7A127C8E8)	0.086	-1.062	0.000	-1.404	1.831	-2.991	-93.48	-3.38	115.76	5.684	16.758	-2.646	0.38663	-0.37125	-0.62283	0.56976	26.1	13111	100
2025-5-11 11:7:25.42	WTBenchPress#5(CEA7A127C8E8)	0.086	-1.044	0.002	4.089	2.441	-2.502	-93.35	-3.43	115.66	5.684	16.758	-2.646	0.38663	-0.37125	-0.62283	0.56976	26.1	13111	100
2025-5-11 11:7:25.42	WTBenchPress#5(CEA7A127C8E8)	0.090	-1.039	0.041	1.831	2.869	-2.563	-93.26	-3.49	115.56	5.684	16.758	-2.646	0.38663	-0.37125	-0.62283	0.56976	26.1	13111	100
2025-5-11 11:7:25.72	WTBenchPress#5(CEA7A127C8E8)	0.099	-1.054	0.009	-1.343	3.723	-2.075	-93.24	-3.54	115.44	5.684	16.758	-2.646	0.38663	-0.37125	-0.62283	0.56976	26.1	13111	100
2025-5-11 11:7:25.72	WTBenchPress#5(CEA7A127C8E8)	0.099	-1.056	-0.026	4.150	4.578	-1.221	-93.11	-3.58	115.31	5.684	16.758	-2.646	0.38663	-0.37125	-0.62283	0.56976	26.1	13111	100
2025-5-11 11:7:25.133	WTBenchPress#5(CEA7A127C8E8)	0.080	-1.009	-0.031	10.376	5.066	-1.160	-92.86	-3.61	115.19	5.684	16.758	-2.646	0.38663	-0.37125	-0.62283	0.56976	26.1	13111	100
2025-5-11 11:7:25.133	WTBenchPress#5(CEA7A127C8E8)	0.046	-1.031	0.010	5.188	5.127	-1.526	-92.71	-3.66	115.08	5.684	16.758	-2.646	0.38663	-0.37125	-0.62283	0.56976	26.1	13111	100
2025-5-11 11:7:25.162	WTBenchPress#5(CEA7A127C8E8)	0.029	-1.035	-0.003	0.854	5.615	-0.916	-92.66	-3.69	114.98	5.684	16.758	-2.646	0.39053	-0.36972	-0.62161	0.56946	26.1	13111	100
2025-5-11 11:7:25.162	WTBenchPress#5(CEA7A127C8E8)	0.033	-1.034	-0.024	3.967	6.348	0.183	-92.54	-3.70	114.89	5.684	16.758	-2.646	0.39053	-0.36972	-0.62161	0.56946	26.1	13111	100
2025-5-11 11:7:25.193	WTBenchPress#5(CEA7A127C8E8)	0.073	-1.013	-0.026	12.146	7.019	0.610	-92.27	-3.69	114.81	5.684	16.758	-2.646	0.39053	-0.36972	-0.62161	0.56946	26.1	13111	100
2025-5-11 11:7:25.193	WTBenchPress#5(CEA7A127C8E8)	0.048	-1.067	-0.070	19.104	8.240	1.831	-91.86	-3.65	114.74	5.684	16.758	-2.646	0.39053	-0.36972	-0.62161	0.56946	26.1	13111	100
2025-5-11 11:7:25.253	WTBenchPress#5(CEA7A127C8E8)	0.031	-1.088	-0.135	46.997	10.803	3.174	-90.91	-3.59	114.66	5.684	16.758	-2.646	0.39053	-0.36972	-0.62161	0.56946	26.1	13111	100
2025-5-11 11:7:25.253	WTBenchPress#5(CEA7A127C8E8)	0.031	-0.972	-0.064	58.411	11.292	3.845	-89.76	-3.51	114.63	5.684	16.758	-2.646	0.39053	-0.36972	-0.62161	0.56946	26.1	13111	100
2025-5-11 11:7:25.282	WTBenchPress#5(CEA7A127C8E8)	0.000	-0.757	0.030	29.541	10.254	2.625	-89.19	-3.46	114.64	5.684	16.758	-2.646	0.39053	-0.36972	-0.62161	0.56946	26.1	13111	100
2025-5-11 11:7:25.282	WTBenchPress#5(CEA7A127C8E8)	0.029	-0.369	-0.001	4.944	9.705	2.930	-89.11	-3.39	114.68	5.684	16.758	-2.646	0.39053	-0.36972	-0.62161	0.56946	26.1	13111	100
2025-5-11 11:7:25.349	WTBenchPress#5(CEA7A127C8E8)	0.011	-0.799	0.414	-61.279	7.080	-0.610	-90.31	-3.39	114.69	5.684	16.758	-2.646	0.39053	-0.36972	-0.62161	0.56946	26.1	13111	100
2025-5-11 11:7:25.349	WTBenchPress#5(CEA7A127C8E8)	0.040	-0.824	0.023	-79.590	5.310	-4.822	-91.84	-3.47	114.70	5.684	16.758	-2.646	0.39053	-0.36972	-0.62161	0.56946	26.1	13111	100
2025-5-11 11:7:25.373	WTBenchPress#5(CEA7A127C8E8)	0.021	-1.142	-0.058	-11.902	6.470	-2.625	-92.02	-3.51	114.71	5.684	16.758	-2.646	0.39053	-0.36972	-0.62161	0.56946	26.1	13111	100
2025-5-11 11:7:25.373	WTBenchPress#5(CEA7A127C8E8)	0.009	-1.071	0.018	47.974	6.958	-1.221	-91.02	-3.52	114.73	5.684	16.758	-2.646	0.39053	-0.36972	-0.62161	0.56946	26.1	13111	100
2025-5-11 11:7:25.405	WTBenchPress#5(CEA7A127C8E8)	0.056	-0.988	0.121	45.227	3.235	-3.601	-89.82	-3.53	114.80	5.194	17.248	-5.488	0.39053	-0.36972	-0.62161	0.56946	26.1	13111	100
2025-5-11 11:7:25.405	WTBenchPress#5(CEA7A127C8E8)	0.084	-1.066	0.044	31.738	1.404	-4.761	-88.95	-3.58	114.93	5.194	17.248	-5.488	0.39053	-0.36972	-0.62161	0.56946	26.1	13111	100
2025-5-11 11:7:25.434	WTBenchPress#5(CEA7A127C8E8)	0.088	-1.125	0.033	37.842	1.587	-3.113	-88.27	-3.64	115.11	5.194	17.248	-5.488	0.39053	-0.36972	-0.62161	0.56946	26.1	13111	100
2025-5-11 11:7:25.435	WTBenchPress#5(CEA7A127C8E8)	0.078	-1.089	0.035	52.612	2.991	-0.122	-87.43	-3.66	115.30	5.194	17.248	-5.488	0.39053	-0.36972	-0.62161	0.56946	26.1	13111	100
2025-5-11 11:7:25.493	WTBenchPress#5(CEA7A127C8E8)	0.070	-1.047	0.096	62.073	4.333	2.075	-86.34	-3.64	115.48	5.194	17.248	-5.488	0.39053	-0.36972	-0.62161	0.56946	26.1	13111	100
2025-5-11 11:7:25.493	WTBenchPress#5(CEA7A127C8E8)	0.066	-1.016	0.155	58.777	4.944	2.563	-85.12	-3.59	115.66	5.194	17.248	-5.488	0.39053	-0.36972	-0.62161	0.56946	26.1	13111	100
2025-5-11 11:7:25.530	WTBenchPress#5(CEA7A127C8E8)	0.077	-1.003	0.197	47.119	5.066	2.014	-84.02	-3.53	115.85	5.194	17.248	-5.488	0.39053	-0.36972	-0.62161	0.56946	26.1	13111	100
2025-5-11 11:7:25.530	WTBenchPress#5(CEA7A127C8E8)	0.090	-1.016	0.195	33.691	4.944	1.465	-83.16	-3.48	116.04	5.194	17.248	-5.488	0.39053	-0.36972	-0.62161	0.56946	26.1	13111	100
2025-5-11 11:7:25.583	WTBenchPress#5(CEA7A127C8E8)	0.098	-1.031	0.175	25.391	4.944	1.648	-82.53	-3.44	116.24	5.194	17.248	-5.488	0.39053	-0.36972	-0.62161	0.56946	26.1	13111	100
2025-5-11 11:7:25.583	WTBenchPress#5(CEA7A127C8E8)	0.095	-1.035	0.126	24.231	5.066	2.441	-82.03	-3.40	116.44	5.194	17.248	-5.488	0.41373	-0.32642	-0.56940	0.63083	26.1	13111	100
2025-5-11 11:7:25.613	WTBenchPress#5(CEA7A127C8E8)	0.092	-1.032	0.113	30.396	5.310	3.174	-81.52	-3.34	116.64	5.194	17.248	-5.488	0.41373	-0.32642	-0.56940	0.63083	26.1	13111	100
2025-5-11 11:7:25.613	WTBenchPress#5(CEA7A127C8E8)	0.083	-1.034	0.124	36.987	5.188	3.418	-80.90	-3.28	116.86	5.194	17.248	-5.488	0.41373	-0.32642	-0.56940	0.63083	26.1	13111	100
2025-5-11 11:7:25.648	WTBenchPress#5(CEA7A127C8E8)	0.050	-1.033	0.144	40.710	4.883	3.357	-80.16	-3.21	117.09	5.194	17.248	-5.488	0.41373	-0.32642	-0.56940	0.63083	26.1	13111	100
2025-5-11 11:7:25.649	WTBenchPress#5(CEA7A127C8E8)	0.027	-1.041	0.186	36.987	4.883	3.113	-79.39	-3.16	117.33	5.194	17.248	-5.488	0.41373	-0.32642	-0.56940	0.63083	26.1	13111	100
2025-5-11 11:7:25.672	WTBenchPress#5(CEA7A127C8E8)	0.034	-1.014	0.158	30.090	4.883	3.296	-78.72	-3.10	117.58	5.194	17.248	-5.488	0.41373	-0.32642	-0.56940	0.63083	26.1	13111	100
2025-5-11 11:7:25.672	WTBenchPress#5(CEA7A127C8E8)	0.036	-0.974	0.129	26.611	4.089	2.869	-78.17	-3.04	117.84	5.194	17.248	-5.488	0.41373	-0.32642	-0.56940	0.63083	26.1	13111	100
2025-5-11 11:7:25.733	WTBenchPress#5(CEA7A127C8E8)	0.038	-1.000	0.160	21.912	3.174	2.075	-77.71	-2.99	118.14	5.194	17.248	-5.488	0.41373	-0.32642	-0.56940	0.63083	26.1	13111	100
2025-5-11 11:7:25.733	WTBenchPress#5(CEA7A127C8E8)	0.036	-1.023	0.184	14.526	2.258	1.404	-77.36	-2.95	118.45	5.194	17.248	-5.488	0.41373	-0.32642	-0.56940	0.63083	26.1	13111	100
2025-5-11 11:7:25.764	WTBenchPress#5(CEA7A127C8E8)	0.033	-1.017	0.197	6.531	1.282	0.488	-77.16	-2.93	118.78	5.488	13.622	-12.936	0.41373	-0.32642	-0.56940	0.63083	26.1	13111	100
2025-5-11 11:7:25.765	WTBenchPress#5(CEA7A127C8E8)	0.034	-1.003	0.217	-0.183	0.366	-0.244	-77.11	-2.93	119.13	5.488	13.622	-12.936	0.41373	-0.32642	-0.56940	0.63083	26.1	13111	100
2025-5-11 11:7:25.822	WTBenchPress#5(CEA7A127C8E8)	0.027	-1.016	0.203	-6.653	-0.305	-0.916	-77.18	-2.95	119.48	5.488	13.622	-12.936	0.41373	-0.32642	-0.56940	0.63083	26.1	13111	100
2025-5-11 11:7:25.822	WTBenchPress#5(CEA7A127C8E8)	0.019	-1.015	0.187	-8.850	-0.610	-1.221	-77.37	-2.97	119.84	5.488	13.622	-12.936	0.41373	-0.32642	-0.56940	0.63083	26.1	13111	100
2025-5-11 11:7:25.853	WTBenchPress#5(CEA7A127C8E8)	0.021	-0.998	0.194	-11.719	-1.038	-1.770	-77.61	-3.00	120.21	5.488	13.622	-12.936	0.41373	-0.32642	-0.56940	0.63083	26.1	13111	100
2025-5-11 11:7:25.853	WTBenchPress#5(CEA7A127C8E8)	0.026	-0.988	0.208	-15.930	-2.197	-2.869	-77.92	-3.05	120.57	5.488	13.622	-12.936	0.41373	-0.32642	-0.56940	0.63083	26.1	13111	100
2025-5-11 11:7:25.882	WTBenchPress#5(CEA7A127C8E8)	0.048	-0.997	0.238	-21.790	-3.906	-4.578	-78.32	-3.13	120.95	5.488	13.622	-12.936	0.41373	-0.32642	-0.56940	0.63083	26.1	13111	100
2025-5-11 11:7:25.882	WTBenchPress#5(CEA7A127C8E8)	0.061	-0.987	0.222	-28.625	-4.761	-5.188	-78.83	-3.23	121.35	5.488	13.622	-12.936	0.41373	-0.32642	-0.56940	0.63083	26.1	13111	100
2025-5-11 11:7:25.947	WTBenchPress#5(CEA7A127C8E8)	0.064	-1.031	0.211	-32.349	-5.127	-3.662	-79.44	-3.32	121.74	5.488	13.622	-12.936	0.41373	-0.32642	-0.56940	0.63083	26.1	13111	100
2025-5-11 11:7:25.947	WTBenchPress#5(CEA7A127C8E8)	0.064	-1.047	0.195	-33.081	-5.188	-1.282	-80.09	-3.37	122.14	5.488	13.622	-12.936	0.41373	-0.32642	-0.56940	0.63083	26.1	13111	100
2025-5-11 11:7:25.975	WTBenchPress#5(CEA7A127C8E8)	0.061	-1.050	0.180	-31.494	-5.127	1.038	-80.72	-3.37	122.53	5.488	13.622	-12.936	0.38190	-0.29160	-0.57950	0.65817	26.1	13111	100
2025-5-11 11:7:25.976	WTBenchPress#5(CEA7A127C8E8)	0.056	-1.061	0.187	-29.724	-5.310	2.380	-81.32	-3.35	122.90	5.488	13.622	-12.936	0.38190	-0.29160	-0.57950	0.65817	26.1	13111	100
2025-5-11 11:7:26.4	WTBenchPress#5(CEA7A127C8E8)	0.051	-1.024	0.161	-28.870	-5.798	2.502	-81.89	-3.30	123.28	5.488	13.622	-12.936	0.38190	-0.29160	-0.57950	0.65817	26.1	13111	100
2025-5-11 11:7:26.5	WTBenchPress#5(CEA7A127C8E8)	0.049	-0.982	0.129	-23.010	-6.287	1.953	-82.38	-3.26	123.65	5.488	13.622	-12.936	0.38190	-0.29160	-0.57950	0.65817	26.1	13111	100
2025-5-11 11:7:26.61	WTBenchPress#5(CEA7A127C8E8)	0.051	-0.984	0.119	-14.832	-6.775	1.282	-82.74	-3.24	124.02	5.488	13.622	-12.936	0.38190	-0.29160	-0.57950	0.65817	26.1	13111	100
2025-5-11 11:7:26.61	WTBenchPress#5(CEA7A127C8E8)	0.058	-0.992	0.142	-8.423	-7.263	0.488	-82.96	-3.22	124.38	5.488	13.622	-12.936	0.38190	-0.29160	-0.57950	0.65817	26.1	13111	100
2025-5-11 11:7:26.93	WTBenchPress#5(CEA7A127C8E8)	0.061	-1.023	0.162	-6.226	-7.629	0.244	-83.08	-3.23	124.74	5.488	13.622	-12.936	0.38190	-0.29160	-0.57950	0.65817	26.1	13111	100
2025-5-11 11:7:26.94	WTBenchPress#5(CEA7A127C8E8)	0.059	-1.029	0.169	-5.981	-7.874	0.549	-83.19	-3.24	125.10	5.488	13.622	-12.936	0.38190	-0.29160	-0.57950	0.65817	26.1	13111	100
2025-5-11 11:7:26.125	WTBenchPress#5(CEA7A127C8E8)	0.058	-1.017	0.173	-6.470	-8.057	1.038	-83.29	-3.23	125.46	5.488	13.622	-12.936	0.38190	-0.29160	-0.57950	0.65817	26.1	13111	100
2025-5-11 11:7:26.125	WTBenchPress#5(CEA7A127C8E8)	0.057	-1.021	0.175	-7.202	-8.240	1.221	-83.41	-3.22	125.80	5.488	13.622	-12.936	0.38190	-0.29160	-0.57950	0.65817	26.1	13111	100
2025-5-11 11:7:26.183	WTBenchPress#5(CEA7A127C8E8)	0.055	-1.019	0.177	-7.935	-8.423	1.221	-83.53	-3.21	126.15	5.096	15.582	-9.800	0.38190	-0.29160	-0.57950	0.65817	26.1	13111	100
2025-5-11 11:7:26.184	WTBenchPress#5(CEA7A127C8E8)	0.053	-1.017	0.177	-8.789	-8.484	1.404	-83.68	-3.20	126.48	5.096	15.582	-9.800	0.38190	-0.29160	-0.57950	0.65817	26.1	13111	100
2025-5-11 11:7:26.211	WTBenchPress#5(CEA7A127C8E8)	0.050	-1.016	0.170	-9.277	-8.545	1.343	-83.83	-3.18	126.80	5.096	15.582	-9.800	0.38190	-0.29160	-0.57950	0.65817	26.1	13111	100
2025-5-11 11:7:26.211	WTBenchPress#5(CEA7A127C8E8)	0.048	-1.012	0.167	-9.216	-8.606	1.343	-83.98	-3.17	127.12	5.096	15.582	-9.800	0.38190	-0.29160	-0.57950	0.65817	26.1	13111	100
2025-5-11 11:7:26.245	WTBenchPress#5(CEA7A127C8E8)	0.047	-1.012	0.162	-8.728	-8.545	1.221	-84.13	-3.15	127.42	5.096	15.582	-9.800	0.38190	-0.29160	-0.57950	0.65817	26.1	13111	100
2025-5-11 11:7:26.245	WTBenchPress#5(CEA7A127C8E8)	0.046	-1.014	0.157	-7.446	-8.484	1.160	-84.25	-3.14	127.72	5.096	15.582	-9.800	0.38190	-0.29160	-0.57950	0.65817	26.1	13111	100
2025-5-11 11:7:26.302	WTBenchPress#5(CEA7A127C8E8)	0.045	-1.018	0.154	-5.676	-8.362	1.221	-84.34	-3.13	128.01	5.096	15.582	-9.800	0.38190	-0.29160	-0.57950	0.65817	26.1	13111	100
2025-5-11 11:7:26.302	WTBenchPress#5(CEA7A127C8E8)	0.043	-1.021	0.151	-3.357	-8.179	1.221	-84.38	-3.11	128.29	5.096	15.582	-9.800	0.38190	-0.29160	-0.57950	0.65817	26.1	13111	100
2025-5-11 11:7:26.346	WTBenchPress#5(CEA7A127C8E8)	0.042	-1.023	0.148	-0.427	-7.813	1.282	-84.38	-3.09	128.56	5.096	15.582	-9.800	0.38190	-0.29160	-0.57950	0.65817	26.1	13111	100
2025-5-11 11:7:26.346	WTBenchPress#5(CEA7A127C8E8)	0.042	-1.022	0.146	3.235	-7.507	1.404	-84.30	-3.08	128.82	5.096	15.582	-9.800	0.38190	-0.29160	-0.57950	0.65817	26.1	13111	100
2025-5-11 11:7:26.365	WTBenchPress#5(CEA7A127C8E8)	0.040	-1.017	0.149	6.775	-7.141	1.526	-84.16	-3.05	129.07	5.096	15.582	-9.800	0.38190	-0.29160	-0.57950	0.65817	26.1	13111	100
2025-5-11 11:7:26.365	WTBenchPress#5(CEA7A127C8E8)	0.039	-1.016	0.157	9.399	-6.714	1.648	-83.95	-3.03	129.31	5.096	15.582	-9.800	0.33374	-0.26794	-0.61249	0.66452	26.1	13111	100
2025-5-11 11:7:26.423	WTBenchPress#5(CEA7A127C8E8)	0.038	-1.016	0.167	10.559	-6.348	1.587	-83.73	-3.00	129.56	5.096	15.582	-9.800	0.33374	-0.26794	-0.61249	0.66452	26.1	13111	100
2025-5-11 11:7:26.423	WTBenchPress#5(CEA7A127C8E8)	0.038	-1.016	0.172	10.254	-5.981	1.526	-83.50	-2.97	129.78	5.096	15.582	-9.800	0.33374	-0.26794	-0.61249	0.66452	26.1	13111	100
2025-5-11 11:7:26.453	WTBenchPress#5(CEA7A127C8E8)	0.038	-1.009	0.180	8.850	-5.676	1.343	-83.29	-2.95	130.00	5.096	15.582	-9.800	0.33374	-0.26794	-0.61249	0.66452	26.1	13111	100
2025-5-11 11:7:26.453	WTBenchPress#5(CEA7A127C8E8)	0.039	-1.011	0.184	6.348	-5.310	1.099	-83.13	-2.93	130.20	5.096	15.582	-9.800	0.33374	-0.26794	-0.61249	0.66452	26.1	13111	100
2025-5-11 11:7:26.484	WTBenchPress#5(CEA7A127C8E8)	0.041	-1.012	0.182	3.906	-4.883	0.977	-83.01	-2.91	130.40	5.096	15.582	-9.800	0.33374	-0.26794	-0.61249	0.66452	26.1	13111	100
2025-5-11 11:7:26.484	WTBenchPress#5(CEA7A127C8E8)	0.043	-1.012	0.175	2.686	-4.456	0.854	-82.93	-2.89	130.59	5.096	15.582	-9.800	0.33374	-0.26794	-0.61249	0.66452	26.1	13111	100
2025-5-11 11:7:26.548	WTBenchPress#5(CEA7A127C8E8)	0.043	-1.017	0.169	2.930	-3.967	0.793	-82.85	-2.88	130.76	5.096	15.582	-9.800	0.33374	-0.26794	-0.61249	0.66452	26.1	13111	100
2025-5-11 11:7:26.548	WTBenchPress#5(CEA7A127C8E8)	0.044	-1.018	0.169	3.784	-3.418	0.671	-82.75	-2.87	130.93	5.096	15.582	-9.800	0.33374	-0.26794	-0.61249	0.66452	26.1	13111	100
2025-5-11 11:7:26.571	WTBenchPress#5(CEA7A127C8E8)	0.044	-1.017	0.166	4.944	-2.869	0.610	-82.63	-2.86	131.09	4.900	15.680	-9.114	0.33374	-0.26794	-0.61249	0.66452	26.1	13111	100
2025-5-11 11:7:26.572	WTBenchPress#5(CEA7A127C8E8)	0.046	-1.014	0.168	6.042	-2.319	0.488	-82.50	-2.84	131.23	4.900	15.680	-9.114	0.33374	-0.26794	-0.61249	0.66452	26.1	13111	100
2025-5-11 11:7:26.605	WTBenchPress#5(CEA7A127C8E8)	0.048	-1.018	0.171	6.714	-1.770	0.366	-82.35	-2.83	131.37	4.900	15.680	-9.114	0.33374	-0.26794	-0.61249	0.66452	26.1	13111	100
2025-5-11 11:7:26.605	WTBenchPress#5(CEA7A127C8E8)	0.048	-1.017	0.175	6.653	-1.221	0.244	-82.19	-2.82	131.50	4.900	15.680	-9.114	0.33374	-0.26794	-0.61249	0.66452	26.1	13111	100
2025-5-11 11:7:26.662	WTBenchPress#5(CEA7A127C8E8)	0.050	-1.013	0.177	5.920	-0.732	0.122	-82.05	-2.82	131.62	4.900	15.680	-9.114	0.33374	-0.26794	-0.61249	0.66452	26.1	13111	100
2025-5-11 11:7:26.662	WTBenchPress#5(CEA7A127C8E8)	0.050	-1.012	0.180	4.578	-0.244	-0.061	-81.94	-2.81	131.72	4.900	15.680	-9.114	0.33374	-0.26794	-0.61249	0.66452	26.1	13111	100
2025-5-11 11:7:26.693	WTBenchPress#5(CEA7A127C8E8)	0.051	-1.014	0.181	2.808	0.183	-0.305	-81.86	-2.82	131.81	4.900	15.680	-9.114	0.33374	-0.26794	-0.61249	0.66452	26.1	13111	100
2025-5-11 11:7:26.693	WTBenchPress#5(CEA7A127C8E8)	0.052	-1.016	0.180	1.221	0.732	-0.427	-81.82	-2.82	131.89	4.900	15.680	-9.114	0.33374	-0.26794	-0.61249	0.66452	26.1	13111	100
2025-5-11 11:7:26.725	WTBenchPress#5(CEA7A127C8E8)	0.052	-1.014	0.177	0.000	1.160	-0.488	-81.79	-2.82	131.96	4.900	15.680	-9.114	0.33374	-0.26794	-0.61249	0.66452	26.1	13111	100
2025-5-11 11:7:26.725	WTBenchPress#5(CEA7A127C8E8)	0.051	-1.015	0.176	-0.671	1.709	-0.549	-81.79	-2.82	132.01	4.900	15.680	-9.114	0.33374	-0.26794	-0.61249	0.66452	26.1	13111	100
2025-5-11 11:7:26.783	WTBenchPress#5(CEA7A127C8E8)	0.051	-1.015	0.176	-1.709	2.136	-0.671	-81.80	-2.83	132.06	4.900	15.680	-9.114	0.32159	-0.24875	-0.60580	0.68378	26.1	13111	100
2025-5-11 11:7:26.783	WTBenchPress#5(CEA7A127C8E8)	0.050	-1.013	0.175	-2.930	2.502	-0.854	-81.83	-2.84	132.10	4.900	15.680	-9.114	0.32159	-0.24875	-0.60580	0.68378	26.1	13111	100
2025-5-11 11:7:26.811	WTBenchPress#5(CEA7A127C8E8)	0.049	-1.014	0.175	-3.967	2.930	-0.977	-81.89	-2.85	132.13	4.900	15.680	-9.114	0.32159	-0.24875	-0.60580	0.68378	26.1	13111	100
2025-5-11 11:7:26.812	WTBenchPress#5(CEA7A127C8E8)	0.049	-1.014	0.174	-5.249	3.296	-1.099	-81.97	-2.86	132.15	4.900	15.680	-9.114	0.32159	-0.24875	-0.60580	0.68378	26.1	13111	100
2025-5-11 11:7:26.846	WTBenchPress#5(CEA7A127C8E8)	0.047	-1.014	0.172	-6.531	3.601	-1.160	-82.07	-2.87	132.17	4.900	15.680	-9.114	0.32159	-0.24875	-0.60580	0.68378	26.1	13111	100
2025-5-11 11:7:26.846	WTBenchPress#5(CEA7A127C8E8)	0.047	-1.016	0.171	-7.629	3.906	-1.343	-82.20	-2.88	132.18	4.900	15.680	-9.114	0.32159	-0.24875	-0.60580	0.68378	26.1	13111	100
2025-5-11 11:7:26.904	WTBenchPress#5(CEA7A127C8E8)	0.046	-1.016	0.170	-8.728	4.211	-1.465	-82.35	-2.89	132.18	4.900	15.680	-9.114	0.32159	-0.24875	-0.60580	0.68378	26.1	13111	100
2025-5-11 11:7:26.904	WTBenchPress#5(CEA7A127C8E8)	0.045	-1.015	0.169	-9.888	4.395	-1.526	-82.51	-2.91	132.17	4.900	15.680	-9.114	0.32159	-0.24875	-0.60580	0.68378	26.1	13111	100
2025-5-11 11:7:26.949	WTBenchPress#5(CEA7A127C8E8)	0.044	-1.019	0.167	-10.803	4.639	-1.587	-82.70	-2.92	132.16	4.900	15.680	-9.114	0.32159	-0.24875	-0.60580	0.68378	26.1	13111	100
2025-5-11 11:7:26.949	WTBenchPress#5(CEA7A127C8E8)	0.044	-1.019	0.164	-11.475	4.822	-1.648	-82.90	-2.94	132.14	4.900	15.680	-9.114	0.32159	-0.24875	-0.60580	0.68378	26.1	13111	100
2025-5-11 11:7:26.962	WTBenchPress#5(CEA7A127C8E8)	0.043	-1.021	0.157	-11.597	4.944	-1.587	-83.10	-2.95	132.13	4.900	15.680	-9.114	0.32159	-0.24875	-0.60580	0.68378	26.1	13111	100
2025-5-11 11:7:26.962	WTBenchPress#5(CEA7A127C8E8)	0.042	-1.021	0.151	-10.315	5.066	-1.526	-83.27	-2.96	132.10	5.096	15.778	-9.212	0.32159	-0.24875	-0.60580	0.68378	26.1	13111	100
2025-5-11 11:7:27.25	WTBenchPress#5(CEA7A127C8E8)	0.042	-1.019	0.147	-8.972	5.188	-1.587	-83.41	-2.98	132.07	5.096	15.778	-9.212	0.32159	-0.24875	-0.60580	0.68378	26.1	13111	100
2025-5-11 11:7:27.25	WTBenchPress#5(CEA7A127C8E8)	0.042	-1.015	0.145	-6.836	5.249	-1.587	-83.51	-2.99	132.04	5.096	15.778	-9.212	0.32159	-0.24875	-0.60580	0.68378	26.1	13111	100
2025-5-11 11:7:27.54	WTBenchPress#5(CEA7A127C8E8)	0.043	-1.021	0.147	-5.005	5.310	-1.709	-83.58	-3.00	132.02	5.096	15.778	-9.212	0.32159	-0.24875	-0.60580	0.68378	26.1	13111	100
2025-5-11 11:7:27.54	WTBenchPress#5(CEA7A127C8E8)	0.043	-1.021	0.150	-4.150	5.310	-1.709	-83.63	-3.02	131.99	5.096	15.778	-9.212	0.32159	-0.24875	-0.60580	0.68378	26.1	13111	100
2025-5-11 11:7:27.82	WTBenchPress#5(CEA7A127C8E8)	0.044	-1.021	0.157	-4.883	5.127	-1.526	-83.68	-3.03	131.97	5.096	15.778	-9.212	0.32159	-0.24875	-0.60580	0.68378	26.1	13111	100
2025-5-11 11:7:27.82	WTBenchPress#5(CEA7A127C8E8)	0.045	-1.016	0.155	-5.859	5.005	-1.465	-83.75	-3.04	131.96	5.096	15.778	-9.212	0.32159	-0.24875	-0.60580	0.68378	26.1	13111	100
2025-5-11 11:7:27.145	WTBenchPress#5(CEA7A127C8E8)	0.045	-1.017	0.147	-5.981	4.822	-1.404	-83.83	-3.04	131.94	5.096	15.778	-9.212	0.32159	-0.24875	-0.60580	0.68378	26.1	13111	100
2025-5-11 11:7:27.145	WTBenchPress#5(CEA7A127C8E8)	0.046	-1.022	0.142	-4.883	4.578	-1.343	-83.91	-3.05	131.92	5.096	15.778	-9.212	0.32159	-0.24875	-0.60580	0.68378	26.1	13111	100
2025-5-11 11:7:27.171	WTBenchPress#5(CEA7A127C8E8)	0.045	-1.020	0.135	-2.808	4.395	-1.221	-83.96	-3.06	131.92	5.096	15.778	-9.212	0.32159	-0.24875	-0.60580	0.68378	26.1	13111	100
2025-5-11 11:7:27.172	WTBenchPress#5(CEA7A127C8E8)	0.048	-1.017	0.138	-0.183	4.150	-1.038	-83.97	-3.07	131.91	5.096	15.778	-9.212	0.31909	-0.25421	-0.61874	0.67126	26.1	13111	100
2025-5-11 11:7:27.231	WTBenchPress#5(CEA7A127C8E8)	0.047	-1.020	0.144	1.465	3.906	-0.977	-83.94	-3.07	131.91	5.096	15.778	-9.212	0.31909	-0.25421	-0.61874	0.67126	26.1	13111	100
2025-5-11 11:7:27.231	WTBenchPress#5(CEA7A127C8E8)	0.048	-1.019	0.151	1.587	3.540	-0.916	-83.88	-3.08	131.92	5.096	15.778	-9.212	0.31909	-0.25421	-0.61874	0.67126	26.1	13111	100
2025-5-11 11:7:27.263	WTBenchPress#5(CEA7A127C8E8)	0.049	-1.019	0.154	0.671	3.113	-0.793	-83.83	-3.08	131.94	5.096	15.778	-9.212	0.31909	-0.25421	-0.61874	0.67126	26.1	13111	100
2025-5-11 11:7:27.263	WTBenchPress#5(CEA7A127C8E8)	0.050	-1.018	0.153	-0.549	2.686	-0.793	-83.79	-3.08	131.97	5.096	15.778	-9.212	0.31909	-0.25421	-0.61874	0.67126	26.1	13111	100
2025-5-11 11:7:27.292	WTBenchPress#5(CEA7A127C8E8)	0.051	-1.019	0.148	-0.977	2.258	-0.671	-83.78	-3.08	132.01	5.096	15.778	-9.212	0.31909	-0.25421	-0.61874	0.67126	26.1	13111	100
2025-5-11 11:7:27.292	WTBenchPress#5(CEA7A127C8E8)	0.052	-1.019	0.143	-0.610	1.831	-0.671	-83.77	-3.08	132.06	5.096	15.778	-9.212	0.31909	-0.25421	-0.61874	0.67126	26.1	13111	100
2025-5-11 11:7:27.352	WTBenchPress#5(CEA7A127C8E8)	0.052	-1.021	0.138	0.854	1.404	-0.488	-83.74	-3.08	132.11	5.096	15.778	-9.212	0.31909	-0.25421	-0.61874	0.67126	26.1	13111	100
2025-5-11 11:7:27.352	WTBenchPress#5(CEA7A127C8E8)	0.054	-1.021	0.137	2.808	1.038	-0.244	-83.69	-3.08	132.18	5.096	15.778	-9.212	0.31909	-0.25421	-0.61874	0.67126	26.1	13111	100
2025-5-11 11:7:27.385	WTBenchPress#5(CEA7A127C8E8)	0.053	-1.022	0.138	4.944	0.610	-0.061	-83.61	-3.08	132.25	5.194	15.876	-9.506	0.31909	-0.25421	-0.61874	0.67126	26.1	13111	100
2025-5-11 11:7:27.385	WTBenchPress#5(CEA7A127C8E8)	0.053	-1.022	0.142	6.348	0.183	0.122	-83.48	-3.08	132.33	5.194	15.876	-9.506	0.31909	-0.25421	-0.61874	0.67126	26.1	13111	100
2025-5-11 11:7:27.414	WTBenchPress#5(CEA7A127C8E8)	0.052	-1.018	0.145	7.324	-0.244	0.183	-83.33	-3.07	132.42	5.194	15.876	-9.506	0.31909	-0.25421	-0.61874	0.67126	26.1	13111	100
2025-5-11 11:7:27.414	WTBenchPress#5(CEA7A127C8E8)	0.052	-1.019	0.148	7.446	-0.671	0.305	-83.17	-3.06	132.53	5.194	15.876	-9.506	0.31909	-0.25421	-0.61874	0.67126	26.1	13111	100
2025-5-11 11:7:27.473	WTBenchPress#5(CEA7A127C8E8)	0.051	-1.020	0.153	6.714	-1.160	0.305	-83.01	-3.05	132.64	5.194	15.876	-9.506	0.31909	-0.25421	-0.61874	0.67126	26.1	13111	100
2025-5-11 11:7:27.473	WTBenchPress#5(CEA7A127C8E8)	0.050	-1.018	0.155	5.615	-1.587	0.366	-82.88	-3.05	132.76	5.194	15.876	-9.506	0.31909	-0.25421	-0.61874	0.67126	26.1	13111	100
2025-5-11 11:7:27.502	WTBenchPress#5(CEA7A127C8E8)	0.050	-1.018	0.154	4.272	-2.075	0.488	-82.76	-3.04	132.90	5.194	15.876	-9.506	0.31909	-0.25421	-0.61874	0.67126	26.1	13111	100
2025-5-11 11:7:27.502	WTBenchPress#5(CEA7A127C8E8)	0.048	-1.019	0.152	3.235	-2.441	0.549	-82.67	-3.03	133.04	5.194	15.876	-9.506	0.31909	-0.25421	-0.61874	0.67126	26.1	13111	100
2025-5-11 11:7:27.545	WTBenchPress#5(CEA7A127C8E8)	0.048	-1.017	0.151	2.686	-2.869	0.549	-82.61	-3.03	133.20	5.194	15.876	-9.506	0.31909	-0.25421	-0.61874	0.67126	26.1	13111	100
2025-5-11 11:7:27.546	WTBenchPress#5(CEA7A127C8E8)	0.047	-1.018	0.148	2.441	-3.174	0.549	-82.55	-3.02	133.36	5.194	15.876	-9.506	0.31909	-0.25421	-0.61874	0.67126	26.1	13111	100
2025-5-11 11:7:27.594	WTBenchPress#5(CEA7A127C8E8)	0.046	-1.019	0.149	2.625	-3.540	0.549	-82.49	-3.02	133.53	5.194	15.876	-9.506	0.31171	-0.24097	-0.61340	0.68439	26.1	13111	100
2025-5-11 11:7:27.594	WTBenchPress#5(CEA7A127C8E8)	0.045	-1.020	0.152	2.441	-3.845	0.549	-82.44	-3.01	133.71	5.194	15.876	-9.506	0.31171	-0.24097	-0.61340	0.68439	26.1	13111	100
2025-5-11 11:7:27.622	WTBenchPress#5(CEA7A127C8E8)	0.046	-1.020	0.155	1.709	-4.150	0.610	-82.39	-3.00	133.89	5.194	15.876	-9.506	0.31171	-0.24097	-0.61340	0.68439	26.1	13111	100
2025-5-11 11:7:27.622	WTBenchPress#5(CEA7A127C8E8)	0.045	-1.021	0.157	0.610	-4.395	0.671	-82.36	-3.00	134.07	5.194	15.876	-9.506	0.31171	-0.24097	-0.61340	0.68439	26.1	13111	100
2025-5-11 11:7:27.651	WTBenchPress#5(CEA7A127C8E8)	0.045	-1.019	0.154	-0.427	-4.639	0.793	-82.35	-2.99	134.26	5.194	15.876	-9.506	0.31171	-0.24097	-0.61340	0.68439	26.1	13111	100
2025-5-11 11:7:27.651	WTBenchPress#5(CEA7A127C8E8)	0.044	-1.017	0.154	-1.160	-4.822	0.793	-82.36	-2.98	134.45	5.194	15.876	-9.506	0.31171	-0.24097	-0.61340	0.68439	26.1	13111	100
2025-5-11 11:7:27.712	WTBenchPress#5(CEA7A127C8E8)	0.044	-1.018	0.153	-1.587	-4.944	0.671	-82.39	-2.98	134.65	5.194	15.876	-9.506	0.31171	-0.24097	-0.61340	0.68439	26.1	13111	100
2025-5-11 11:7:27.713	WTBenchPress#5(CEA7A127C8E8)	0.046	-1.019	0.153	-1.648	-5.066	0.610	-82.41	-2.97	134.85	5.194	15.876	-9.506	0.31171	-0.24097	-0.61340	0.68439	26.1	13111	100
2025-5-11 11:7:27.744	WTBenchPress#5(CEA7A127C8E8)	0.047	-1.022	0.153	-1.648	-5.127	0.610	-82.44	-2.97	135.04	5.194	15.876	-9.506	0.31171	-0.24097	-0.61340	0.68439	26.1	13111	100
2025-5-11 11:7:27.744	WTBenchPress#5(CEA7A127C8E8)	0.047	-1.020	0.155	-1.465	-5.127	0.732	-82.46	-2.96	135.24	5.194	15.876	-9.506	0.31171	-0.24097	-0.61340	0.68439	26.1	13111	100
2025-5-11 11:7:27.775	WTBenchPress#5(CEA7A127C8E8)	0.047	-1.019	0.157	-1.648	-5.127	0.793	-82.49	-2.96	135.42	5.194	15.876	-9.506	0.31171	-0.24097	-0.61340	0.68439	26.1	13111	100
2025-5-11 11:7:27.775	WTBenchPress#5(CEA7A127C8E8)	0.047	-1.021	0.161	-2.319	-5.066	0.793	-82.52	-2.94	135.62	4.998	15.582	-9.800	0.31171	-0.24097	-0.61340	0.68439	26.1	13111	100
2025-5-11 11:7:27.844	WTBenchPress#5(CEA7A127C8E8)	0.048	-1.019	0.164	-3.296	-5.005	0.793	-82.57	-2.94	135.79	4.998	15.582	-9.800	0.31171	-0.24097	-0.61340	0.68439	26.1	13111	100
2025-5-11 11:7:27.844	WTBenchPress#5(CEA7A127C8E8)	0.049	-1.017	0.165	-4.578	-4.883	0.732	-82.63	-2.93	135.96	4.998	15.582	-9.800	0.31171	-0.24097	-0.61340	0.68439	26.1	13111	100
2025-5-11 11:7:27.863	WTBenchPress#5(CEA7A127C8E8)	0.049	-1.018	0.154	-5.554	-4.822	0.793	-82.72	-2.92	136.13	4.998	15.582	-9.800	0.31171	-0.24097	-0.61340	0.68439	26.1	13111	100
2025-5-11 11:7:27.863	WTBenchPress#5(CEA7A127C8E8)	0.048	-1.014	0.156	-4.333	-4.639	0.732	-82.81	-2.92	136.29	4.998	15.582	-9.800	0.31171	-0.24097	-0.61340	0.68439	26.1	13111	100
2025-5-11 11:7:27.891	WTBenchPress#5(CEA7A127C8E8)	0.050	-1.014	0.165	-4.028	-4.395	0.610	-82.88	-2.91	136.43	4.998	15.582	-9.800	0.31171	-0.24097	-0.61340	0.68439	26.1	13111	100
2025-5-11 11:7:27.892	WTBenchPress#5(CEA7A127C8E8)	0.050	-1.021	0.156	-3.845	-4.150	0.488	-82.94	-2.91	136.57	4.998	15.582	-9.800	0.31171	-0.24097	-0.61340	0.68439	26.1	13111	100
2025-5-11 11:7:27.951	WTBenchPress#5(CEA7A127C8E8)	0.049	-1.020	0.160	-2.930	-3.967	0.610	-82.99	-2.90	136.70	4.998	15.582	-9.800	0.31171	-0.24097	-0.61340	0.68439	26.1	13111	100
2025-5-11 11:7:27.951	WTBenchPress#5(CEA7A127C8E8)	0.050	-1.013	0.176	-3.784	-3.662	0.549	-83.04	-2.89	136.81	4.998	15.582	-9.800	0.31171	-0.24097	-0.61340	0.68439	26.1	13111	100
2025-5-11 11:7:27.983	WTBenchPress#5(CEA7A127C8E8)	0.049	-1.018	0.167	-5.310	-3.479	0.366	-83.12	-2.89	136.92	4.998	15.582	-9.800	0.29016	-0.22583	-0.62378	0.68961	26.1	13111	100
2025-5-11 11:7:27.984	WTBenchPress#5(CEA7A127C8E8)	0.047	-1.018	0.165	-5.554	-3.235	0.427	-83.20	-2.89	137.03	4.998	15.582	-9.800	0.29016	-0.22583	-0.62378	0.68961	26.1	13111	100
2025-5-11 11:7:28.11	WTBenchPress#5(CEA7A127C8E8)	0.048	-1.011	0.171	-6.226	-2.930	0.305	-83.30	-2.89	137.11	4.998	15.582	-9.800	0.29016	-0.22583	-0.62378	0.68961	26.1	13111	100
2025-5-11 11:7:28.12	WTBenchPress#5(CEA7A127C8E8)	0.049	-1.019	0.163	-6.714	-2.625	0.122	-83.40	-2.89	137.19	4.998	15.582	-9.800	0.29016	-0.22583	-0.62378	0.68961	26.1	13111	100
2025-5-11 11:7:28.74	WTBenchPress#5(CEA7A127C8E8)	0.046	-1.018	0.159	-5.798	-2.258	0.183	-83.49	-2.89	137.25	4.998	15.582	-9.800	0.29016	-0.22583	-0.62378	0.68961	26.1	13111	100
2025-5-11 11:7:28.75	WTBenchPress#5(CEA7A127C8E8)	0.047	-1.014	0.162	-4.700	-1.953	0.061	-83.56	-2.89	137.31	4.998	15.582	-9.800	0.29016	-0.22583	-0.62378	0.68961	26.1	13111	100
2025-5-11 11:7:28.102	WTBenchPress#5(CEA7A127C8E8)	0.045	-1.018	0.154	-3.113	-1.526	0.000	-83.60	-2.89	137.36	4.998	15.582	-9.800	0.29016	-0.22583	-0.62378	0.68961	26.1	13111	100
2025-5-11 11:7:28.102	WTBenchPress#5(CEA7A127C8E8)	0.045	-1.016	0.160	-1.282	-1.160	0.061	-83.61	-2.88	137.39	4.998	15.582	-9.800	0.29016	-0.22583	-0.62378	0.68961	26.1	13111	100
2025-5-11 11:7:28.181	WTBenchPress#5(CEA7A127C8E8)	0.044	-1.016	0.165	-0.793	-0.793	0.000	-83.59	-2.88	137.42	4.998	15.582	-9.800	0.29016	-0.22583	-0.62378	0.68961	26.1	13111	100
2025-5-11 11:7:28.181	WTBenchPress#5(CEA7A127C8E8)	0.043	-1.017	0.164	-0.488	-0.427	0.000	-83.57	-2.88	137.44	4.998	15.582	-9.800	0.29016	-0.22583	-0.62378	0.68961	26.1	13111	100
2025-5-11 11:7:28.193	WTBenchPress#5(CEA7A127C8E8)	0.043	-1.014	0.167	-0.488	-0.122	-0.122	-83.55	-2.88	137.45	4.998	15.582	-9.800	0.29016	-0.22583	-0.62378	0.68961	26.1	13111	100
2025-5-11 11:7:28.193	WTBenchPress#5(CEA7A127C8E8)	0.043	-1.014	0.164	-0.671	0.183	-0.305	-83.53	-2.88	137.44	4.998	15.582	-9.800	0.29016	-0.22583	-0.62378	0.68961	26.1	13111	100
2025-5-11 11:7:28.224	WTBenchPress#5(CEA7A127C8E8)	0.043	-1.017	0.164	-0.549	0.488	-0.366	-83.51	-2.88	137.44	4.900	15.876	-8.820	0.29016	-0.22583	-0.62378	0.68961	26.1	13111	100
2025-5-11 11:7:28.224	WTBenchPress#5(CEA7A127C8E8)	0.043	-1.018	0.163	-0.305	0.793	-0.366	-83.49	-2.88	137.43	4.900	15.876	-8.820	0.29016	-0.22583	-0.62378	0.68961	26.1	13111	100
2025-5-11 11:7:28.262	WTBenchPress#5(CEA7A127C8E8)	0.043	-1.017	0.159	0.427	1.160	-0.366	-83.45	-2.88	137.40	4.900	15.876	-8.820	0.29016	-0.22583	-0.62378	0.68961	26.1	13111	100
2025-5-11 11:7:28.262	WTBenchPress#5(CEA7A127C8E8)	0.043	-1.017	0.156	1.587	1.465	-0.488	-83.39	-2.88	137.37	4.900	15.876	-8.820	0.29016	-0.22583	-0.62378	0.68961	26.1	13111	100
2025-5-11 11:7:28.313	WTBenchPress#5(CEA7A127C8E8)	0.044	-1.016	0.158	2.686	1.709	-0.488	-83.31	-2.88	137.35	4.900	15.876	-8.820	0.29016	-0.22583	-0.62378	0.68961	26.1	13111	100
2025-5-11 11:7:28.314	WTBenchPress#5(CEA7A127C8E8)	0.045	-1.019	0.161	3.357	1.953	-0.549	-83.22	-2.89	137.31	4.900	15.876	-8.820	0.29016	-0.22583	-0.62378	0.68961	26.1	13111	100
2025-5-11 11:7:28.344	WTBenchPress#5(CEA7A127C8E8)	0.045	-1.015	0.161	3.418	2.197	-0.549	-83.12	-2.89	137.29	4.900	15.876	-8.820	0.29016	-0.22583	-0.62378	0.68961	26.1	13111	100
2025-5-11 11:7:28.344	WTBenchPress#5(CEA7A127C8E8)	0.045	-1.016	0.164	3.601	2.441	-0.610	-83.02	-2.89	137.25	4.900	15.876	-8.820	0.29016	-0.22583	-0.62378	0.68961	26.1	13111	100
2025-5-11 11:7:28.375	WTBenchPress#5(CEA7A127C8E8)	0.047	-1.016	0.162	2.869	2.625	-0.671	-82.94	-2.89	137.22	4.900	15.876	-8.820	0.29016	-0.22583	-0.62378	0.68961	26.1	13111	100
2025-5-11 11:7:28.375	WTBenchPress#5(CEA7A127C8E8)	0.047	-1.022	0.163	2.686	2.747	-0.732	-82.86	-2.89	137.19	4.900	15.876	-8.820	0.28906	-0.22375	-0.62277	0.69168	26.1	13111	100
2025-5-11 11:7:28.446	WTBenchPress#5(CEA7A127C8E8)	0.048	-1.016	0.160	2.197	2.930	-0.732	-82.79	-2.89	137.15	4.900	15.876	-8.820	0.28906	-0.22375	-0.62277	0.69168	26.1	13111	100
2025-5-11 11:7:28.446	WTBenchPress#5(CEA7A127C8E8)	0.048	-1.017	0.160	1.892	3.113	-0.732	-82.73	-2.89	137.11	4.900	15.876	-8.820	0.28906	-0.22375	-0.62277	0.69168	26.1	13111	100
2025-5-11 11:7:28.462	WTBenchPress#5(CEA7A127C8E8)	0.048	-1.019	0.158	1.770	3.174	-0.793	-82.67	-2.90	137.07	4.900	15.876	-8.820	0.28906	-0.22375	-0.62277	0.69168	26.1	13111	100
2025-5-11 11:7:28.462	WTBenchPress#5(CEA7A127C8E8)	0.049	-1.019	0.153	2.136	3.235	-0.793	-82.61	-2.91	137.04	4.900	15.876	-8.820	0.28906	-0.22375	-0.62277	0.69168	26.1	13111	100
2025-5-11 11:7:28.493	WTBenchPress#5(CEA7A127C8E8)	0.049	-1.017	0.155	2.197	3.357	-0.793	-82.54	-2.91	137.01	4.900	15.876	-8.820	0.28906	-0.22375	-0.62277	0.69168	26.1	13111	100
2025-5-11 11:7:28.493	WTBenchPress#5(CEA7A127C8E8)	0.049	-1.018	0.157	2.380	3.418	-0.854	-82.47	-2.91	136.98	4.900	15.876	-8.820	0.28906	-0.22375	-0.62277	0.69168	26.1	13111	100
2025-5-11 11:7:28.553	WTBenchPress#5(CEA7A127C8E8)	0.049	-1.019	0.156	2.014	3.418	-0.854	-82.41	-2.92	136.95	4.900	15.876	-8.820	0.28906	-0.22375	-0.62277	0.69168	26.1	13111	100
2025-5-11 11:7:28.554	WTBenchPress#5(CEA7A127C8E8)	0.049	-1.019	0.157	1.465	3.357	-0.854	-82.37	-2.92	136.92	4.900	15.876	-8.820	0.28906	-0.22375	-0.62277	0.69168	26.1	13111	100
2025-5-11 11:7:28.582	WTBenchPress#5(CEA7A127C8E8)	0.048	-1.017	0.157	0.427	3.235	-0.916	-82.34	-2.93	136.90	4.900	15.876	-8.820	0.28906	-0.22375	-0.62277	0.69168	26.1	13111	100
2025-5-11 11:7:28.582	WTBenchPress#5(CEA7A127C8E8)	0.050	-1.018	0.158	-0.427	3.174	-0.916	-82.33	-2.93	136.88	4.998	15.386	-9.702	0.28906	-0.22375	-0.62277	0.69168	26.1	13111	100
2025-5-11 11:7:28.645	WTBenchPress#5(CEA7A127C8E8)	0.048	-1.019	0.156	-1.648	2.991	-0.977	-82.35	-2.94	136.88	4.998	15.386	-9.702	0.28906	-0.22375	-0.62277	0.69168	26.1	13111	100
2025-5-11 11:7:28.645	WTBenchPress#5(CEA7A127C8E8)	0.048	-1.018	0.154	-2.319	2.869	-0.916	-82.38	-2.95	136.88	4.998	15.386	-9.702	0.28906	-0.22375	-0.62277	0.69168	26.1	13111	100
2025-5-11 11:7:28.672	WTBenchPress#5(CEA7A127C8E8)	0.048	-1.018	0.150	-2.625	2.686	-0.916	-82.41	-2.96	136.88	4.998	15.386	-9.702	0.28906	-0.22375	-0.62277	0.69168	26.1	13111	100
2025-5-11 11:7:28.673	WTBenchPress#5(CEA7A127C8E8)	0.048	-1.020	0.147	-2.197	2.502	-0.916	-82.45	-2.97	136.88	4.998	15.386	-9.702	0.28906	-0.22375	-0.62277	0.69168	26.1	13111	100
2025-5-11 11:7:28.706	WTBenchPress#5(CEA7A127C8E8)	0.047	-1.021	0.148	-1.770	2.197	-0.854	-82.46	-2.97	136.89	4.998	15.386	-9.702	0.28906	-0.22375	-0.62277	0.69168	26.1	13111	100
2025-5-11 11:7:28.707	WTBenchPress#5(CEA7A127C8E8)	0.046	-1.022	0.151	-1.770	2.014	-0.793	-82.49	-2.98	136.90	4.998	15.386	-9.702	0.28906	-0.22375	-0.62277	0.69168	26.1	13111	100
2025-5-11 11:7:28.763	WTBenchPress#5(CEA7A127C8E8)	0.046	-1.018	0.152	-2.258	1.709	-0.793	-82.52	-2.98	136.92	4.998	15.386	-9.702	0.28906	-0.22375	-0.62277	0.69168	26.1	13111	100
2025-5-11 11:7:28.763	WTBenchPress#5(CEA7A127C8E8)	0.046	-1.017	0.152	-2.869	1.343	-0.793	-82.56	-2.99	136.96	4.998	15.386	-9.702	0.28906	-0.22375	-0.62277	0.69168	26.1	13111	100
2025-5-11 11:7:28.795	WTBenchPress#5(CEA7A127C8E8)	0.046	-1.021	0.151	-4.333	0.732	-0.610	-82.62	-3.00	136.99	4.998	15.386	-9.702	0.29120	-0.22354	-0.62134	0.69214	26.1	13111	100
2025-5-11 11:7:28.796	WTBenchPress#5(CEA7A127C8E8)	0.046	-1.019	0.150	-4.944	0.427	-0.549	-82.70	-3.00	137.04	4.998	15.386	-9.702	0.29120	-0.22354	-0.62134	0.69214	26.1	13111	100
2025-5-11 11:7:28.825	WTBenchPress#5(CEA7A127C8E8)	0.046	-1.019	0.149	-5.188	0.061	-0.488	-82.78	-3.01	137.08	4.998	15.386	-9.702	0.29120	-0.22354	-0.62134	0.69214	26.1	13111	100
2025-5-11 11:7:28.826	WTBenchPress#5(CEA7A127C8E8)	0.046	-1.020	0.148	-5.249	-0.305	-0.488	-82.87	-3.02	137.13	4.998	15.386	-9.702	0.29120	-0.22354	-0.62134	0.69214	26.1	13111	100
2025-5-11 11:7:28.883	WTBenchPress#5(CEA7A127C8E8)	0.047	-1.020	0.147	-5.127	-0.610	-0.427	-82.96	-3.02	137.19	4.998	15.386	-9.702	0.29120	-0.22354	-0.62134	0.69214	26.1	13111	100
2025-5-11 11:7:28.884	WTBenchPress#5(CEA7A127C8E8)	0.047	-1.020	0.147	-4.822	-0.916	-0.366	-83.05	-3.02	137.25	4.998	15.386	-9.702	0.29120	-0.22354	-0.62134	0.69214	26.1	13111	100
2025-5-11 11:7:28.914	WTBenchPress#5(CEA7A127C8E8)	0.047	-1.019	0.149	-4.761	-1.221	-0.183	-83.13	-3.03	137.32	4.998	15.386	-9.702	0.29120	-0.22354	-0.62134	0.69214	26.1	13111	100
2025-5-11 11:7:28.915	WTBenchPress#5(CEA7A127C8E8)	0.047	-1.020	0.150	-4.944	-1.526	-0.183	-83.20	-3.03	137.39	4.998	15.386	-9.702	0.29120	-0.22354	-0.62134	0.69214	26.1	13111	100
2025-5-11 11:7:28.944	WTBenchPress#5(CEA7A127C8E8)	0.047	-1.020	0.150	-5.188	-1.892	-0.122	-83.29	-3.03	137.46	4.998	15.386	-9.702	0.29120	-0.22354	-0.62134	0.69214	26.1	13111	100
2025-5-11 11:7:28.944	WTBenchPress#5(CEA7A127C8E8)	0.048	-1.020	0.149	-5.127	-2.075	-0.061	-83.37	-3.03	137.54	4.998	15.386	-9.702	0.29120	-0.22354	-0.62134	0.69214	26.1	13111	100
2025-5-11 11:7:29.3	WTBenchPress#5(CEA7A127C8E8)	0.048	-1.019	0.146	-4.761	-2.319	0.061	-83.45	-3.03	137.61	5.194	15.778	-9.408	0.29120	-0.22354	-0.62134	0.69214	26.1	13111	100
2025-5-11 11:7:29.4	WTBenchPress#5(CEA7A127C8E8)	0.048	-1.019	0.146	-4.028	-2.563	0.061	-83.52	-3.03	137.68	5.194	15.778	-9.408	0.29120	-0.22354	-0.62134	0.69214	26.1	13111	100
2025-5-11 11:7:29.62	WTBenchPress#5(CEA7A127C8E8)	0.049	-1.020	0.146	-3.113	-2.686	0.122	-83.58	-3.03	137.76	5.194	15.778	-9.408	0.29120	-0.22354	-0.62134	0.69214	26.1	13111	100
2025-5-11 11:7:29.63	WTBenchPress#5(CEA7A127C8E8)	0.049	-1.020	0.147	-2.319	-2.869	0.244	-83.62	-3.03	137.84	5.194	15.778	-9.408	0.29120	-0.22354	-0.62134	0.69214	26.1	13111	100
2025-5-11 11:7:29.63	WTBenchPress#5(CEA7A127C8E8)	0.049	-1.020	0.148	-1.648	-2.991	0.244	-83.64	-3.02	137.92	5.194	15.778	-9.408	0.29120	-0.22354	-0.62134	0.69214	26.1	13111	100
2025-5-11 11:7:29.63	WTBenchPress#5(CEA7A127C8E8)	0.049	-1.019	0.149	-1.038	-3.113	0.366	-83.66	-3.02	138.00	5.194	15.778	-9.408	0.29120	-0.22354	-0.62134	0.69214	26.1	13111	100
2025-5-11 11:7:29.123	WTBenchPress#5(CEA7A127C8E8)	0.049	-1.021	0.149	-0.366	-3.174	0.366	-83.65	-3.02	138.09	5.194	15.778	-9.408	0.29120	-0.22354	-0.62134	0.69214	26.1	13111	100
2025-5-11 11:7:29.123	WTBenchPress#5(CEA7A127C8E8)	0.049	-1.019	0.148	0.549	-3.235	0.427	-83.63	-3.01	138.16	5.194	15.778	-9.408	0.29120	-0.22354	-0.62134	0.69214	26.1	13111	100
2025-5-11 11:7:29.154	WTBenchPress#5(CEA7A127C8E8)	0.049	-1.020	0.149	1.465	-3.235	0.549	-83.60	-3.00	138.24	5.194	15.778	-9.408	0.29120	-0.22354	-0.62134	0.69214	26.1	13111	100
2025-5-11 11:7:29.154	WTBenchPress#5(CEA7A127C8E8)	0.048	-1.020	0.150	2.380	-3.235	0.549	-83.55	-3.00	138.32	5.194	15.778	-9.408	0.29120	-0.22354	-0.62134	0.69214	26.1	13111	100
2025-5-11 11:7:29.185	WTBenchPress#5(CEA7A127C8E8)	0.047	-1.017	0.154	2.991	-3.174	0.610	-83.48	-2.99	138.39	5.194	15.778	-9.408	0.29120	-0.22354	-0.62134	0.69214	26.1	13111	100
2025-5-11 11:7:29.185	WTBenchPress#5(CEA7A127C8E8)	0.046	-1.018	0.155	3.235	-3.174	0.671	-83.40	-2.98	138.46	5.194	15.778	-9.408	0.28076	-0.21747	-0.62857	0.69186	26.1	13111	100
2025-5-11 11:7:29.242	WTBenchPress#5(CEA7A127C8E8)	0.046	-1.018	0.157	2.991	-3.113	0.610	-83.32	-2.97	138.53	5.194	15.778	-9.408	0.28076	-0.21747	-0.62857	0.69186	26.1	13111	100
2025-5-11 11:7:29.242	WTBenchPress#5(CEA7A127C8E8)	0.046	-1.016	0.158	2.686	-3.113	0.549	-83.24	-2.96	138.60	5.194	15.778	-9.408	0.28076	-0.21747	-0.62857	0.69186	26.1	13111	100
2025-5-11 11:7:29.272	WTBenchPress#5(CEA7A127C8E8)	0.046	-1.016	0.157	2.441	-3.052	0.488	-83.17	-2.96	138.68	5.194	15.778	-9.408	0.28076	-0.21747	-0.62857	0.69186	26.1	13111	100
2025-5-11 11:7:29.272	WTBenchPress#5(CEA7A127C8E8)	0.045	-1.017	0.157	2.197	-2.930	0.488	-83.11	-2.95	138.76	5.194	15.778	-9.408	0.28076	-0.21747	-0.62857	0.69186	26.1	13111	100
2025-5-11 11:7:29.305	WTBenchPress#5(CEA7A127C8E8)	0.046	-1.017	0.158	2.197	-2.808	0.427	-83.05	-2.94	138.82	5.194	15.778	-9.408	0.28076	-0.21747	-0.62857	0.69186	26.1	13111	100
2025-5-11 11:7:29.305	WTBenchPress#5(CEA7A127C8E8)	0.046	-1.018	0.158	2.197	-2.625	0.427	-82.99	-2.94	138.88	5.194	15.778	-9.408	0.28076	-0.21747	-0.62857	0.69186	26.1	13111	100
2025-5-11 11:7:29.365	WTBenchPress#5(CEA7A127C8E8)	0.046	-1.019	0.157	2.319	-2.502	0.366	-82.92	-2.93	138.94	5.194	15.778	-9.408	0.28076	-0.21747	-0.62857	0.69186	26.1	13111	100
2025-5-11 11:7:29.365	WTBenchPress#5(CEA7A127C8E8)	0.045	-1.017	0.158	2.441	-2.258	0.427	-82.86	-2.93	139.00	5.194	15.778	-9.408	0.28076	-0.21747	-0.62857	0.69186	26.1	13111	100
2025-5-11 11:7:29.395	WTBenchPress#5(CEA7A127C8E8)	0.046	-1.017	0.158	2.502	-2.075	0.366	-82.79	-2.92	139.06	5.194	15.778	-9.408	0.28076	-0.21747	-0.62857	0.69186	26.1	13111	100
2025-5-11 11:7:29.395	WTBenchPress#5(CEA7A127C8E8)	0.047	-1.016	0.155	2.319	-1.892	0.305	-82.73	-2.91	139.12	4.900	15.582	-9.408	0.28076	-0.21747	-0.62857	0.69186	26.1	13111	100
2025-5-11 11:7:29.425	WTBenchPress#5(CEA7A127C8E8)	0.045	-1.026	0.150	3.906	-1.709	0.305	-82.66	-2.91	139.17	4.900	15.582	-9.408	0.28076	-0.21747	-0.62857	0.69186	26.1	13111	100
2025-5-11 11:7:29.425	WTBenchPress#5(CEA7A127C8E8)	0.047	-1.008	0.168	4.456	-1.526	0.305	-82.56	-2.90	139.22	4.900	15.582	-9.408	0.28076	-0.21747	-0.62857	0.69186	26.1	13111	100
