time	DeviceName	AccX(g)	AccY(g)	AccZ(g)	AsX(°/s)	AsY(°/s)	AsZ(°/s)	AngleX(°)	AngleY(°)	AngleZ(°)	HX(uT)	HY(uT)	HZ(uT)	Q0()	Q1()	Q2()	Q3()	Temperature(°C)	Version()	Battery level(%)
2025-5-17 10:47:45.564	WTBenchPress#5(CEA7A127C8E8)	-0.017	-1.030	0.008	0.671	-0.610	-0.671	-89.96	0.97	46.72	32.046	73.794	27.636	0.64984	-0.65308	-0.26962	0.28000	24.0	13111	30
2025-5-17 10:47:45.564	WTBenchPress#5(CEA7A127C8E8)	-0.017	-1.031	0.004	0.122	0.000	-0.122	-89.96	0.96	46.74	32.046	73.794	27.636	0.64984	-0.65308	-0.26962	0.28000	24.0	13111	30
2025-5-17 10:47:45.594	WTBenchPress#5(CEA7A127C8E8)	-0.019	-1.030	0.003	0.000	0.000	-0.061	-89.95	0.96	46.76	32.046	73.794	27.636	0.64984	-0.65308	-0.26962	0.28000	24.0	13111	30
2025-5-17 10:47:45.594	WTBenchPress#5(CEA7A127C8E8)	-0.018	-1.030	0.005	0.000	0.000	0.000	-89.95	0.96	46.77	32.046	73.794	27.636	0.64984	-0.65308	-0.26962	0.28000	24.0	13111	30
2025-5-17 10:47:45.625	WTBenchPress#5(CEA7A127C8E8)	-0.016	-1.030	0.004	0.000	0.000	0.000	-89.95	0.96	46.79	32.046	73.794	27.636	0.64984	-0.65308	-0.26962	0.28000	24.0	13111	30
2025-5-17 10:47:45.625	WTBenchPress#5(CEA7A127C8E8)	-0.016	-1.031	0.004	0.000	0.000	0.000	-89.94	0.96	46.81	32.046	73.794	27.636	0.64984	-0.65308	-0.26962	0.28000	24.0	13111	30
2025-5-17 10:47:45.684	WTBenchPress#5(CEA7A127C8E8)	-0.018	-1.030	0.003	0.000	0.000	0.000	-89.94	0.96	46.82	32.046	73.794	27.636	0.64679	-0.65082	-0.27542	0.28656	24.0	13111	30
2025-5-17 10:47:45.684	WTBenchPress#5(CEA7A127C8E8)	-0.018	-1.030	0.002	0.000	0.000	0.000	-89.93	0.96	46.84	32.046	73.794	27.636	0.64679	-0.65082	-0.27542	0.28656	24.0	13111	30
2025-5-17 10:47:45.715	WTBenchPress#5(CEA7A127C8E8)	-0.017	-1.030	0.004	0.000	0.000	0.000	-89.93	0.96	46.86	32.046	73.794	27.636	0.64679	-0.65082	-0.27542	0.28656	24.0	13111	30
2025-5-17 10:47:45.715	WTBenchPress#5(CEA7A127C8E8)	-0.017	-1.031	0.005	0.000	0.000	0.000	-89.93	0.96	46.87	32.046	73.794	27.636	0.64679	-0.65082	-0.27542	0.28656	24.0	13111	30
2025-5-17 10:47:45.744	WTBenchPress#5(CEA7A127C8E8)	-0.015	-1.030	0.005	0.000	0.000	0.000	-89.93	0.96	46.89	32.046	73.794	27.636	0.64679	-0.65082	-0.27542	0.28656	24.0	13111	30
2025-5-17 10:47:45.744	WTBenchPress#5(CEA7A127C8E8)	-0.015	-1.031	0.004	-0.427	-0.183	0.427	-89.93	0.96	46.91	32.046	73.794	27.636	0.64679	-0.65082	-0.27542	0.28656	24.0	13111	30
2025-5-17 10:47:45.805	WTBenchPress#5(CEA7A127C8E8)	-0.017	-1.030	0.005	-0.244	-1.465	0.244	-89.94	0.97	46.94	32.046	73.794	27.636	0.64679	-0.65082	-0.27542	0.28656	24.0	13111	30
2025-5-17 10:47:45.806	WTBenchPress#5(CEA7A127C8E8)	-0.021	-1.030	0.004	0.061	-6.042	-0.061	-89.93	0.97	47.05	32.046	73.794	27.636	0.64679	-0.65082	-0.27542	0.28656	24.0	13111	30
2025-5-17 10:47:45.835	WTBenchPress#5(CEA7A127C8E8)	-0.017	-1.030	0.001	0.366	-0.488	-0.366	-89.92	0.96	47.11	32.046	73.794	27.636	0.64679	-0.65082	-0.27542	0.28656	24.0	13111	30
2025-5-17 10:47:45.835	WTBenchPress#5(CEA7A127C8E8)	-0.017	-1.031	0.005	0.122	0.122	-0.183	-89.92	0.96	47.12	32.438	73.794	27.538	0.64679	-0.65082	-0.27542	0.28656	24.0	13111	30
2025-5-17 10:47:45.864	WTBenchPress#5(CEA7A127C8E8)	-0.018	-1.030	0.003	-0.183	0.000	0.183	-89.92	0.96	47.13	32.438	73.794	27.538	0.64679	-0.65082	-0.27542	0.28656	24.0	13111	30
2025-5-17 10:47:45.864	WTBenchPress#5(CEA7A127C8E8)	-0.036	-1.030	0.003	0.000	0.000	0.000	-89.92	0.96	47.15	32.438	73.794	27.538	0.64679	-0.65082	-0.27542	0.28656	24.0	13111	30
2025-5-17 10:47:45.924	WTBenchPress#5(CEA7A127C8E8)	-0.024	-1.031	-0.030	0.000	-1.160	0.061	-89.92	0.96	47.18	32.438	73.794	27.538	0.64679	-0.65082	-0.27542	0.28656	24.0	13111	30
2025-5-17 10:47:45.924	WTBenchPress#5(CEA7A127C8E8)	-0.003	-1.032	-0.145	0.244	-60.425	0.793	-89.91	0.97	48.11	32.438	73.794	27.538	0.64679	-0.65082	-0.27542	0.28656	24.0	13111	30
2025-5-17 10:47:45.955	WTBenchPress#5(CEA7A127C8E8)	-0.052	-1.033	-0.011	1.099	-26.733	0.244	-89.90	0.98	48.85	32.438	73.794	27.538	0.64679	-0.65082	-0.27542	0.28656	24.0	13111	30
2025-5-17 10:47:45.955	WTBenchPress#5(CEA7A127C8E8)	-0.004	-1.028	0.075	1.038	3.845	-0.732	-89.89	0.97	48.93	32.438	73.794	27.538	0.64679	-0.65082	-0.27542	0.28656	24.0	13111	30
2025-5-17 10:47:45.985	WTBenchPress#5(CEA7A127C8E8)	-0.021	-1.031	0.019	-0.549	-16.479	0.244	-89.90	0.98	49.27	32.438	73.794	27.538	0.64679	-0.65082	-0.27542	0.28656	24.0	13111	30
2025-5-17 10:47:45.985	WTBenchPress#5(CEA7A127C8E8)	-0.015	-1.033	-0.011	-3.479	-12.024	2.686	-89.97	1.03	49.51	32.438	73.794	27.538	0.64679	-0.65082	-0.27542	0.28656	24.0	13111	30
2025-5-17 10:47:46.44	WTBenchPress#5(CEA7A127C8E8)	-0.014	-1.028	0.011	-0.916	-23.132	0.427	-89.98	1.04	49.97	32.438	73.794	27.538	0.64679	-0.65082	-0.27542	0.28656	24.0	13111	30
2025-5-17 10:47:46.45	WTBenchPress#5(CEA7A127C8E8)	-0.046	-1.031	0.003	-1.404	-24.109	1.282	-90.01	1.07	50.44	32.438	73.794	27.538	0.64679	-0.65082	-0.27542	0.28656	24.0	13111	30
2025-5-17 10:47:46.75	WTBenchPress#5(CEA7A127C8E8)	-0.043	-1.036	-0.063	-1.892	-12.573	0.854	-90.04	1.09	50.69	32.438	73.794	27.538	0.63583	-0.64212	-0.29675	0.30862	24.0	13111	30
2025-5-17 10:47:46.75	WTBenchPress#5(CEA7A127C8E8)	-0.027	-1.042	-0.115	-10.498	12.268	3.662	-90.27	1.16	50.45	32.438	73.794	27.538	0.63583	-0.64212	-0.29675	0.30862	24.0	13111	30
2025-5-17 10:47:46.105	WTBenchPress#5(CEA7A127C8E8)	-0.030	-1.053	-0.057	-18.738	11.353	-3.296	-90.67	1.10	50.25	32.438	73.794	27.538	0.63583	-0.64212	-0.29675	0.30862	24.0	13111	30
2025-5-17 10:47:46.105	WTBenchPress#5(CEA7A127C8E8)	-0.032	-1.059	-0.085	-41.077	20.325	-5.920	-91.52	0.98	49.86	32.438	73.794	27.538	0.63583	-0.64212	-0.29675	0.30862	24.0	13111	30
2025-5-17 10:47:46.164	WTBenchPress#5(CEA7A127C8E8)	-0.055	-1.014	-0.147	-42.969	17.883	-3.357	-92.40	0.91	49.54	32.438	73.794	27.538	0.63583	-0.64212	-0.29675	0.30862	24.0	13111	30
2025-5-17 10:47:46.164	WTBenchPress#5(CEA7A127C8E8)	-0.092	-1.052	-0.167	-39.185	-0.671	-4.700	-93.19	0.82	49.60	32.438	73.794	27.538	0.63583	-0.64212	-0.29675	0.30862	24.0	13111	30
2025-5-17 10:47:46.197	WTBenchPress#5(CEA7A127C8E8)	-0.041	-1.065	-0.203	-68.176	6.592	-7.935	-94.58	0.67	49.53	32.438	73.794	27.538	0.63583	-0.64212	-0.29675	0.30862	24.0	13111	30
2025-5-17 10:47:46.198	WTBenchPress#5(CEA7A127C8E8)	-0.012	-0.991	-0.192	-81.177	1.282	-11.719	-96.21	0.46	49.57	32.438	73.794	27.538	0.63583	-0.64212	-0.29675	0.30862	24.0	13111	30
2025-5-17 10:47:46.255	WTBenchPress#5(CEA7A127C8E8)	-0.031	-0.935	-0.160	-33.752	-9.155	-10.925	-96.89	0.29	49.83	32.438	73.794	27.538	0.63583	-0.64212	-0.29675	0.30862	24.0	13111	30
2025-5-17 10:47:46.255	WTBenchPress#5(CEA7A127C8E8)	-0.018	-0.979	-0.150	7.568	-27.588	-5.249	-96.74	0.27	50.44	32.438	73.794	27.538	0.63583	-0.64212	-0.29675	0.30862	24.0	13111	30
2025-5-17 10:47:46.284	WTBenchPress#5(CEA7A127C8E8)	-0.042	-1.011	-0.096	26.245	-24.353	0.671	-96.22	0.36	50.96	31.654	71.736	30.478	0.63583	-0.64212	-0.29675	0.30862	24.0	13111	30
2025-5-17 10:47:46.285	WTBenchPress#5(CEA7A127C8E8)	-0.060	-1.002	-0.191	34.729	-16.174	0.000	-95.55	0.41	51.32	31.654	71.736	30.478	0.63583	-0.64212	-0.29675	0.30862	24.0	13111	30
2025-5-17 10:47:46.315	WTBenchPress#5(CEA7A127C8E8)	-0.022	-1.074	-0.281	14.343	-8.911	7.019	-95.30	0.58	51.54	31.654	71.736	30.478	0.63583	-0.64212	-0.29675	0.30862	24.0	13111	30
2025-5-17 10:47:46.315	WTBenchPress#5(CEA7A127C8E8)	-0.053	-1.084	-0.248	-36.133	-0.061	-5.798	-96.07	0.48	51.64	31.654	71.736	30.478	0.63583	-0.64212	-0.29675	0.30862	24.0	13111	30
2025-5-17 10:47:46.375	WTBenchPress#5(CEA7A127C8E8)	-0.027	-1.056	-0.164	-74.524	-9.216	4.211	-97.60	0.60	51.88	31.654	71.736	30.478	0.63583	-0.64212	-0.29675	0.30862	24.0	13111	30
2025-5-17 10:47:46.375	WTBenchPress#5(CEA7A127C8E8)	-0.021	-1.010	-0.145	-88.928	-21.973	-6.409	-99.38	0.56	52.38	31.654	71.736	30.478	0.63583	-0.64212	-0.29675	0.30862	24.0	13111	30
2025-5-17 10:47:46.404	WTBenchPress#5(CEA7A127C8E8)	0.037	-1.028	-0.290	-60.547	-70.496	-12.634	-100.66	0.48	53.53	31.654	71.736	30.478	0.63583	-0.64212	-0.29675	0.30862	24.0	13111	30
2025-5-17 10:47:46.404	WTBenchPress#5(CEA7A127C8E8)	0.089	-1.081	-0.220	-105.469	-68.115	-23.499	-102.08	0.47	54.99	31.654	71.736	30.478	0.63583	-0.64212	-0.29675	0.30862	24.0	13111	30
2025-5-17 10:47:46.442	WTBenchPress#5(CEA7A127C8E8)	0.089	-1.041	-0.146	-140.991	-60.181	-26.428	-104.33	0.30	56.40	31.654	71.736	30.478	0.63583	-0.64212	-0.29675	0.30862	24.0	13111	30
2025-5-17 10:47:46.442	WTBenchPress#5(CEA7A127C8E8)	0.071	-0.977	-0.203	-127.136	-58.411	-12.573	-107.01	0.18	57.65	31.654	71.736	30.478	0.63583	-0.64212	-0.29675	0.30862	24.0	13111	30
2025-5-17 10:47:46.495	WTBenchPress#5(CEA7A127C8E8)	0.010	-0.985	-0.275	-86.304	-61.340	-3.784	-109.25	0.34	58.80	31.654	71.736	30.478	0.49261	-0.71405	-0.40604	0.28723	24.0	13111	30
2025-5-17 10:47:46.495	WTBenchPress#5(CEA7A127C8E8)	-0.015	-0.981	-0.316	-72.205	-61.523	3.662	-110.79	0.70	59.92	31.654	71.736	30.478	0.49261	-0.71405	-0.40604	0.28723	24.0	13111	30
2025-5-17 10:47:46.524	WTBenchPress#5(CEA7A127C8E8)	-0.033	-1.011	-0.371	-64.087	-75.378	17.395	-112.07	1.27	61.02	31.654	71.736	30.478	0.49261	-0.71405	-0.40604	0.28723	24.0	13111	30
2025-5-17 10:47:46.524	WTBenchPress#5(CEA7A127C8E8)	-0.007	-0.969	-0.353	-75.500	-81.726	22.034	-113.27	2.17	62.25	31.654	71.736	30.478	0.49261	-0.71405	-0.40604	0.28723	24.0	13111	30
2025-5-17 10:47:46.554	WTBenchPress#5(CEA7A127C8E8)	0.038	-0.914	-0.306	-83.862	-78.369	4.639	-114.65	3.10	63.52	31.654	71.736	30.478	0.49261	-0.71405	-0.40604	0.28723	24.0	13111	30
2025-5-17 10:47:46.555	WTBenchPress#5(CEA7A127C8E8)	-0.030	-0.912	-0.289	-68.420	-54.565	-4.639	-116.06	3.71	64.74	31.654	71.736	30.478	0.49261	-0.71405	-0.40604	0.28723	24.0	13111	30
2025-5-17 10:47:46.616	WTBenchPress#5(CEA7A127C8E8)	-0.019	-0.880	-0.372	-33.630	-45.532	-14.099	-117.06	4.00	65.65	31.654	71.736	30.478	0.49261	-0.71405	-0.40604	0.28723	24.0	13111	30
2025-5-17 10:47:46.616	WTBenchPress#5(CEA7A127C8E8)	-0.024	-0.927	-0.388	-19.226	-40.344	-23.621	-117.48	4.05	66.51	31.654	71.736	30.478	0.49261	-0.71405	-0.40604	0.28723	24.0	13111	30
2025-5-17 10:47:46.645	WTBenchPress#5(CEA7A127C8E8)	-0.032	-0.958	-0.412	-20.874	-36.194	-25.208	-117.70	3.94	67.35	31.654	71.736	30.478	0.49261	-0.71405	-0.40604	0.28723	24.0	13111	30
2025-5-17 10:47:46.645	WTBenchPress#5(CEA7A127C8E8)	-0.000	-0.991	-0.393	-17.822	-33.813	-20.874	-117.94	3.79	68.12	35.574	60.074	41.944	0.49261	-0.71405	-0.40604	0.28723	24.0	13111	30
2025-5-17 10:47:46.675	WTBenchPress#5(CEA7A127C8E8)	0.024	-0.988	-0.360	-15.869	-27.649	-10.986	-118.14	3.72	68.78	35.574	60.074	41.944	0.49261	-0.71405	-0.40604	0.28723	24.0	13111	30
2025-5-17 10:47:46.675	WTBenchPress#5(CEA7A127C8E8)	0.033	-0.975	-0.327	6.409	-16.968	-12.390	-118.21	3.72	69.24	35.574	60.074	41.944	0.49261	-0.71405	-0.40604	0.28723	24.0	13111	30
2025-5-17 10:47:46.741	WTBenchPress#5(CEA7A127C8E8)	0.027	-1.002	-0.329	26.306	-12.146	-15.137	-117.86	3.59	69.54	35.574	60.074	41.944	0.49261	-0.71405	-0.40604	0.28723	24.0	13111	30
2025-5-17 10:47:46.741	WTBenchPress#5(CEA7A127C8E8)	0.034	-1.016	-0.349	28.625	-6.531	-12.024	-117.21	3.38	69.77	35.574	60.074	41.944	0.49261	-0.71405	-0.40604	0.28723	24.0	13111	30
2025-5-17 10:47:46.764	WTBenchPress#5(CEA7A127C8E8)	0.030	-1.014	-0.326	33.569	2.625	-8.911	-116.51	3.16	69.85	35.574	60.074	41.944	0.49261	-0.71405	-0.40604	0.28723	24.0	13111	30
2025-5-17 10:47:46.764	WTBenchPress#5(CEA7A127C8E8)	0.040	-1.006	-0.304	35.706	6.592	-3.357	-115.75	2.95	69.76	35.574	60.074	41.944	0.49261	-0.71405	-0.40604	0.28723	24.0	13111	30
2025-5-17 10:47:46.795	WTBenchPress#5(CEA7A127C8E8)	0.062	-1.008	-0.297	49.744	7.080	4.456	-114.89	2.82	69.55	35.574	60.074	41.944	0.49261	-0.71405	-0.40604	0.28723	24.0	13111	30
2025-5-17 10:47:46.795	WTBenchPress#5(CEA7A127C8E8)	0.081	-1.003	-0.250	62.134	19.531	4.211	-113.77	2.76	69.25	35.574	60.074	41.944	0.49261	-0.71405	-0.40604	0.28723	24.0	13111	30
2025-5-17 10:47:46.856	WTBenchPress#5(CEA7A127C8E8)	0.060	-0.987	-0.218	75.134	28.870	1.099	-112.36	2.57	68.70	35.574	60.074	41.944	0.49261	-0.71405	-0.40604	0.28723	24.0	13111	30
2025-5-17 10:47:46.856	WTBenchPress#5(CEA7A127C8E8)	0.052	-0.976	-0.181	91.919	35.095	-10.986	-110.66	2.18	68.06	35.574	60.074	41.944	0.49261	-0.71405	-0.40604	0.28723	24.0	13111	30
2025-5-17 10:47:46.886	WTBenchPress#5(CEA7A127C8E8)	0.021	-0.975	-0.180	112.854	45.044	-13.000	-108.59	1.64	67.31	35.574	60.074	41.944	0.48380	-0.67847	-0.44077	0.33350	24.0	13111	30
2025-5-17 10:47:46.886	WTBenchPress#5(CEA7A127C8E8)	0.010	-0.995	-0.214	112.427	57.861	-13.672	-106.33	1.03	66.35	35.574	60.074	41.944	0.48380	-0.67847	-0.44077	0.33350	24.0	13111	30
2025-5-17 10:47:46.915	WTBenchPress#5(CEA7A127C8E8)	0.037	-1.050	-0.282	122.559	45.288	-8.240	-103.99	0.51	65.36	35.574	60.074	41.944	0.48380	-0.67847	-0.44077	0.33350	24.0	13111	30
2025-5-17 10:47:46.915	WTBenchPress#5(CEA7A127C8E8)	0.011	-1.061	-0.213	104.675	35.889	1.343	-101.74	0.24	64.57	35.574	60.074	41.944	0.48380	-0.67847	-0.44077	0.33350	24.0	13111	30
2025-5-17 10:47:46.975	WTBenchPress#5(CEA7A127C8E8)	0.072	-0.971	-0.114	107.910	28.259	-7.568	-99.65	0.03	63.93	35.574	60.074	41.944	0.48380	-0.67847	-0.44077	0.33350	24.0	13111	30
2025-5-17 10:47:46.975	WTBenchPress#5(CEA7A127C8E8)	0.077	-0.934	0.063	176.208	25.574	-24.292	-96.86	-0.37	63.44	35.574	60.074	41.944	0.48380	-0.67847	-0.44077	0.33350	24.0	13111	30
2025-5-17 10:47:47.4	WTBenchPress#5(CEA7A127C8E8)	0.033	-0.993	0.064	205.078	30.823	-46.997	-93.10	-1.15	62.92	35.574	60.074	41.944	0.48380	-0.67847	-0.44077	0.33350	24.0	13111	30
2025-5-17 10:47:47.4	WTBenchPress#5(CEA7A127C8E8)	-0.062	-1.129	-0.105	193.787	54.016	-46.326	-89.17	-2.10	62.07	35.574	60.074	41.944	0.48380	-0.67847	-0.44077	0.33350	24.0	13111	30
2025-5-17 10:47:47.40	WTBenchPress#5(CEA7A127C8E8)	0.036	-1.207	-0.090	171.204	81.482	-36.072	-85.57	-2.86	60.69	35.574	60.074	41.944	0.48380	-0.67847	-0.44077	0.33350	24.0	13111	30
2025-5-17 10:47:47.40	WTBenchPress#5(CEA7A127C8E8)	0.097	-1.138	0.046	182.312	86.975	-8.972	-82.10	-3.10	59.02	35.574	60.074	41.944	0.48380	-0.67847	-0.44077	0.33350	24.0	13111	30
2025-5-17 10:47:47.95	WTBenchPress#5(CEA7A127C8E8)	0.056	-1.029	0.153	178.833	47.363	-12.817	-78.59	-3.09	57.72	32.438	75.656	20.776	0.48380	-0.67847	-0.44077	0.33350	24.0	13111	30
2025-5-17 10:47:47.95	WTBenchPress#5(CEA7A127C8E8)	0.049	-1.004	0.104	174.744	20.874	-25.269	-75.20	-3.31	57.04	32.438	75.656	20.776	0.48380	-0.67847	-0.44077	0.33350	24.0	13111	30
2025-5-17 10:47:47.124	WTBenchPress#5(CEA7A127C8E8)	0.037	-1.055	0.175	168.274	-2.563	-37.903	-71.95	-3.86	56.77	32.438	75.656	20.776	0.48380	-0.67847	-0.44077	0.33350	24.0	13111	30
2025-5-17 10:47:47.124	WTBenchPress#5(CEA7A127C8E8)	-0.005	-1.130	0.213	142.029	15.991	-21.912	-69.05	-4.37	56.52	32.438	75.656	20.776	0.48380	-0.67847	-0.44077	0.33350	24.0	13111	30
2025-5-17 10:47:47.155	WTBenchPress#5(CEA7A127C8E8)	0.106	-1.149	0.316	128.662	51.941	-5.859	-66.52	-4.35	55.88	32.438	75.656	20.776	0.48380	-0.67847	-0.44077	0.33350	24.0	13111	30
2025-5-17 10:47:47.155	WTBenchPress#5(CEA7A127C8E8)	0.037	-0.979	0.358	116.638	56.152	4.456	-64.22	-3.89	54.96	32.438	75.656	20.776	0.48380	-0.67847	-0.44077	0.33350	24.0	13111	30
2025-5-17 10:47:47.215	WTBenchPress#5(CEA7A127C8E8)	0.033	-0.934	0.300	78.125	32.715	-0.366	-62.45	-3.46	54.25	32.438	75.656	20.776	0.48380	-0.67847	-0.44077	0.33350	24.0	13111	30
2025-5-17 10:47:47.215	WTBenchPress#5(CEA7A127C8E8)	0.040	-0.903	0.383	69.397	15.137	-1.587	-61.17	-3.25	53.88	32.438	75.656	20.776	0.48380	-0.67847	-0.44077	0.33350	24.0	13111	30
2025-5-17 10:47:47.245	WTBenchPress#5(CEA7A127C8E8)	0.004	-0.953	0.513	71.838	18.250	-3.845	-59.94	-3.13	53.59	32.438	75.656	20.776	0.48380	-0.67847	-0.44077	0.33350	24.0	13111	30
2025-5-17 10:47:47.246	WTBenchPress#5(CEA7A127C8E8)	0.021	-1.030	0.507	64.087	31.738	4.333	-58.78	-2.79	53.14	32.438	75.656	20.776	0.48380	-0.67847	-0.44077	0.33350	24.0	13111	30
2025-5-17 10:47:47.275	WTBenchPress#5(CEA7A127C8E8)	0.034	-0.984	0.549	50.537	45.166	22.766	-57.85	-2.03	52.60	32.438	75.656	20.776	0.48380	-0.67847	-0.44077	0.33350	24.0	13111	30
2025-5-17 10:47:47.275	WTBenchPress#5(CEA7A127C8E8)	-0.024	-0.845	0.484	43.030	32.959	17.090	-57.09	-1.33	52.15	32.438	75.656	20.776	0.79135	-0.42468	-0.21924	0.38110	24.0	13111	30
2025-5-17 10:47:47.340	WTBenchPress#5(CEA7A127C8E8)	-0.041	-0.806	0.453	34.851	20.996	5.676	-56.49	-0.93	51.80	32.438	75.656	20.776	0.79135	-0.42468	-0.21924	0.38110	24.0	13111	30
2025-5-17 10:47:47.340	WTBenchPress#5(CEA7A127C8E8)	-0.075	-0.808	0.456	29.663	7.507	-1.831	-56.00	-0.80	51.56	32.438	75.656	20.776	0.79135	-0.42468	-0.21924	0.38110	24.0	13111	30
2025-5-17 10:47:47.364	WTBenchPress#5(CEA7A127C8E8)	-0.077	-0.871	0.472	20.142	7.996	-3.479	-55.67	-0.75	51.32	32.438	75.656	20.776	0.79135	-0.42468	-0.21924	0.38110	24.0	13111	30
2025-5-17 10:47:47.364	WTBenchPress#5(CEA7A127C8E8)	-0.095	-0.900	0.473	9.277	9.216	1.648	-55.54	-0.62	51.09	32.438	75.656	20.776	0.79135	-0.42468	-0.21924	0.38110	24.0	13111	30
2025-5-17 10:47:47.395	WTBenchPress#5(CEA7A127C8E8)	-0.075	-0.845	0.447	-9.033	17.029	12.268	-55.74	-0.26	50.86	32.438	75.656	20.776	0.79135	-0.42468	-0.21924	0.38110	24.0	13111	30
2025-5-17 10:47:47.395	WTBenchPress#5(CEA7A127C8E8)	-0.083	-0.766	0.442	-17.395	7.935	7.202	-56.14	0.02	50.67	32.438	75.656	20.776	0.79135	-0.42468	-0.21924	0.38110	24.0	13111	30
2025-5-17 10:47:47.455	WTBenchPress#5(CEA7A127C8E8)	-0.106	-0.779	0.432	-26.794	2.563	-3.113	-56.71	0.09	50.48	32.438	75.656	20.776	0.79135	-0.42468	-0.21924	0.38110	24.0	13111	30
2025-5-17 10:47:47.455	WTBenchPress#5(CEA7A127C8E8)	-0.096	-0.871	0.449	-33.936	-3.723	-7.629	-57.42	0.00	50.31	32.438	75.656	20.776	0.79135	-0.42468	-0.21924	0.38110	24.0	13111	30
2025-5-17 10:47:47.485	WTBenchPress#5(CEA7A127C8E8)	-0.064	-0.911	0.487	-24.536	-10.376	-1.831	-58.01	-0.09	50.28	33.810	77.616	2.450	0.79135	-0.42468	-0.21924	0.38110	24.0	13111	30
2025-5-17 10:47:47.485	WTBenchPress#5(CEA7A127C8E8)	-0.053	-0.870	0.453	-34.546	-10.864	-0.305	-58.71	-0.16	50.31	33.810	77.616	2.450	0.79135	-0.42468	-0.21924	0.38110	24.0	13111	30
2025-5-17 10:47:47.514	WTBenchPress#5(CEA7A127C8E8)	-0.024	-0.872	0.395	-51.758	-12.695	-4.456	-59.69	-0.29	50.33	33.810	77.616	2.450	0.79135	-0.42468	-0.21924	0.38110	24.0	13111	30
2025-5-17 10:47:47.514	WTBenchPress#5(CEA7A127C8E8)	-0.016	-0.924	0.380	-82.092	-7.385	-7.202	-61.22	-0.44	50.27	33.810	77.616	2.450	0.79135	-0.42468	-0.21924	0.38110	24.0	13111	30
2025-5-17 10:47:47.575	WTBenchPress#5(CEA7A127C8E8)	-0.044	-0.935	0.361	-123.169	-2.441	-2.563	-63.49	-0.49	50.15	33.810	77.616	2.450	0.79135	-0.42468	-0.21924	0.38110	24.0	13111	30
2025-5-17 10:47:47.575	WTBenchPress#5(CEA7A127C8E8)	-0.032	-0.976	0.338	-139.526	-5.798	5.676	-66.20	-0.43	50.14	33.810	77.616	2.450	0.79135	-0.42468	-0.21924	0.38110	24.0	13111	30
2025-5-17 10:47:47.604	WTBenchPress#5(CEA7A127C8E8)	-0.002	-0.975	0.267	-121.094	-22.278	8.606	-68.70	-0.38	50.39	33.810	77.616	2.450	0.79135	-0.42468	-0.21924	0.38110	24.0	13111	30
2025-5-17 10:47:47.604	WTBenchPress#5(CEA7A127C8E8)	0.003	-0.988	0.271	-120.117	-35.889	6.714	-71.09	-0.44	50.92	33.810	77.616	2.450	0.79135	-0.42468	-0.21924	0.38110	24.0	13111	30
2025-5-17 10:47:47.639	WTBenchPress#5(CEA7A127C8E8)	-0.020	-1.042	0.244	-132.874	-44.556	9.338	-73.65	-0.51	51.65	33.810	77.616	2.450	0.79135	-0.42468	-0.21924	0.38110	24.0	13111	30
2025-5-17 10:47:47.639	WTBenchPress#5(CEA7A127C8E8)	-0.019	-1.167	0.203	-140.015	-37.109	12.329	-76.37	-0.47	52.32	33.810	77.616	2.450	0.79135	-0.42468	-0.21924	0.38110	24.0	13111	30
2025-5-17 10:47:47.695	WTBenchPress#5(CEA7A127C8E8)	-0.032	-1.185	0.218	-194.580	-24.963	32.227	-80.19	0.07	52.81	33.810	77.616	2.450	0.67200	-0.59033	-0.29184	0.33859	24.0	13111	30
2025-5-17 10:47:47.695	WTBenchPress#5(CEA7A127C8E8)	-0.054	-1.117	0.198	-223.267	-31.006	40.771	-84.55	0.80	53.39	33.810	77.616	2.450	0.67200	-0.59033	-0.29184	0.33859	24.0	13111	30
2025-5-17 10:47:47.724	WTBenchPress#5(CEA7A127C8E8)	-0.055	-1.013	0.062	-152.344	-51.331	24.963	-87.46	1.22	54.29	33.810	77.616	2.450	0.67200	-0.59033	-0.29184	0.33859	24.0	13111	30
2025-5-17 10:47:47.725	WTBenchPress#5(CEA7A127C8E8)	-0.080	-1.010	-0.009	-91.370	-57.434	5.676	-89.14	1.29	55.29	33.810	77.616	2.450	0.67200	-0.59033	-0.29184	0.33859	24.0	13111	30
2025-5-17 10:47:47.784	WTBenchPress#5(CEA7A127C8E8)	-0.056	-1.057	-0.075	-75.012	-61.279	-2.075	-90.51	1.25	56.37	33.810	77.616	2.450	0.67200	-0.59033	-0.29184	0.33859	24.0	13111	30
2025-5-17 10:47:47.784	WTBenchPress#5(CEA7A127C8E8)	-0.019	-1.071	-0.081	-74.524	-66.528	3.174	-91.87	1.35	57.54	33.810	77.616	2.450	0.67200	-0.59033	-0.29184	0.33859	24.0	13111	30
2025-5-17 10:47:47.815	WTBenchPress#5(CEA7A127C8E8)	-0.007	-1.048	-0.036	-83.252	-72.815	7.263	-93.41	1.56	58.84	33.810	77.616	2.450	0.67200	-0.59033	-0.29184	0.33859	24.0	13111	30
2025-5-17 10:47:47.816	WTBenchPress#5(CEA7A127C8E8)	0.026	-1.029	-0.056	-73.914	-73.425	14.404	-94.75	1.94	60.13	33.810	77.616	2.450	0.67200	-0.59033	-0.29184	0.33859	24.0	13111	30
2025-5-17 10:47:47.846	WTBenchPress#5(CEA7A127C8E8)	0.000	-1.035	-0.037	-89.478	-52.856	16.907	-96.41	2.36	61.01	33.810	77.616	2.450	0.67200	-0.59033	-0.29184	0.33859	24.0	13111	30
2025-5-17 10:47:47.846	WTBenchPress#5(CEA7A127C8E8)	0.002	-0.996	-0.054	-99.182	-39.246	13.184	-98.26	2.70	61.60	33.810	77.616	2.450	0.67200	-0.59033	-0.29184	0.33859	24.0	13111	30
2025-5-17 10:47:47.904	WTBenchPress#5(CEA7A127C8E8)	0.009	-1.011	-0.065	-73.914	-41.199	9.460	-99.58	2.98	62.24	35.574	70.560	29.988	0.67200	-0.59033	-0.29184	0.33859	24.0	13111	30
2025-5-17 10:47:47.905	WTBenchPress#5(CEA7A127C8E8)	-0.008	-1.018	-0.111	-64.819	-34.485	4.028	-100.73	3.14	62.75	35.574	70.560	29.988	0.67200	-0.59033	-0.29184	0.33859	24.0	13111	30
2025-5-17 10:47:47.939	WTBenchPress#5(CEA7A127C8E8)	-0.031	-1.034	-0.166	-73.669	-30.090	0.000	-102.06	3.21	63.20	35.574	70.560	29.988	0.67200	-0.59033	-0.29184	0.33859	24.0	13111	30
2025-5-17 10:47:47.940	WTBenchPress#5(CEA7A127C8E8)	0.019	-1.079	-0.211	-80.933	-35.889	-5.066	-103.53	3.23	63.79	35.574	70.560	29.988	0.67200	-0.59033	-0.29184	0.33859	24.0	13111	30
2025-5-17 10:47:47.964	WTBenchPress#5(CEA7A127C8E8)	0.048	-1.026	-0.167	-85.144	-37.476	5.127	-105.08	3.47	64.36	35.574	70.560	29.988	0.67200	-0.59033	-0.29184	0.33859	24.0	13111	30
2025-5-17 10:47:47.964	WTBenchPress#5(CEA7A127C8E8)	0.038	-0.994	-0.173	-95.764	-26.306	9.949	-106.84	3.75	64.68	35.574	70.560	29.988	0.67200	-0.59033	-0.29184	0.33859	24.0	13111	30
2025-5-17 10:47:48.24	WTBenchPress#5(CEA7A127C8E8)	0.011	-0.987	-0.191	-96.436	-23.499	11.108	-108.62	4.04	64.93	35.574	70.560	29.988	0.67200	-0.59033	-0.29184	0.33859	24.0	13111	30
2025-5-17 10:47:48.24	WTBenchPress#5(CEA7A127C8E8)	-0.016	-1.005	-0.194	-90.576	-15.442	13.367	-110.27	4.33	65.01	35.574	70.560	29.988	0.67200	-0.59033	-0.29184	0.33859	24.0	13111	30
2025-5-17 10:47:48.54	WTBenchPress#5(CEA7A127C8E8)	0.025	-0.979	-0.222	-66.284	-20.264	10.071	-111.42	4.59	65.19	35.574	70.560	29.988	0.67200	-0.59033	-0.29184	0.33859	24.0	13111	30
2025-5-17 10:47:48.55	WTBenchPress#5(CEA7A127C8E8)	-0.032	-0.950	-0.250	-31.311	-19.836	-0.061	-111.88	4.66	65.43	35.574	70.560	29.988	0.67200	-0.59033	-0.29184	0.33859	24.0	13111	30
2025-5-17 10:47:48.84	WTBenchPress#5(CEA7A127C8E8)	-0.041	-1.043	-0.350	-25.452	-11.841	-2.808	-112.07	4.56	65.64	35.574	70.560	29.988	0.67200	-0.59033	-0.29184	0.33859	24.0	13111	30
2025-5-17 10:47:48.85	WTBenchPress#5(CEA7A127C8E8)	-0.025	-1.037	-0.328	-49.377	-9.216	8.301	-112.55	4.58	65.75	35.574	70.560	29.988	0.44626	-0.71097	-0.43289	0.32843	24.0	13111	30
2025-5-17 10:47:48.144	WTBenchPress#5(CEA7A127C8E8)	-0.034	-0.955	-0.304	-53.711	-4.761	12.024	-113.44	4.76	65.73	35.574	70.560	29.988	0.44626	-0.71097	-0.43289	0.32843	24.0	13111	30
2025-5-17 10:47:48.144	WTBenchPress#5(CEA7A127C8E8)	-0.049	-0.928	-0.319	-25.696	-3.784	4.150	-114.26	4.92	65.64	35.574	70.560	29.988	0.44626	-0.71097	-0.43289	0.32843	24.0	13111	30
2025-5-17 10:47:48.175	WTBenchPress#5(CEA7A127C8E8)	-0.069	-0.944	-0.357	-2.563	-0.488	-1.526	-114.54	4.93	65.59	35.574	70.560	29.988	0.44626	-0.71097	-0.43289	0.32843	24.0	13111	30
2025-5-17 10:47:48.175	WTBenchPress#5(CEA7A127C8E8)	-0.093	-0.929	-0.389	12.756	0.549	-4.700	-114.42	4.84	65.54	35.574	70.560	29.988	0.44626	-0.71097	-0.43289	0.32843	24.0	13111	30
2025-5-17 10:47:48.204	WTBenchPress#5(CEA7A127C8E8)	-0.096	-0.959	-0.429	15.930	-0.244	-1.526	-114.06	4.73	65.51	35.574	70.560	29.988	0.44626	-0.71097	-0.43289	0.32843	24.0	13111	30
2025-5-17 10:47:48.205	WTBenchPress#5(CEA7A127C8E8)	-0.081	-0.964	-0.411	-0.854	-0.671	6.531	-113.76	4.71	65.46	35.574	70.560	29.988	0.44626	-0.71097	-0.43289	0.32843	24.0	13111	30
2025-5-17 10:47:48.265	WTBenchPress#5(CEA7A127C8E8)	-0.092	-0.919	-0.373	1.892	1.953	5.127	-113.71	4.80	65.39	35.574	70.560	29.988	0.44626	-0.71097	-0.43289	0.32843	24.0	13111	30
2025-5-17 10:47:48.265	WTBenchPress#5(CEA7A127C8E8)	-0.083	-0.959	-0.374	23.438	-1.282	2.808	-113.53	4.85	65.30	35.574	70.560	29.988	0.44626	-0.71097	-0.43289	0.32843	24.0	13111	30
2025-5-17 10:47:48.294	WTBenchPress#5(CEA7A127C8E8)	-0.091	-0.994	-0.355	33.997	-7.324	3.784	-112.97	4.91	65.31	37.926	62.230	40.180	0.44626	-0.71097	-0.43289	0.32843	24.0	13111	30
2025-5-17 10:47:48.295	WTBenchPress#5(CEA7A127C8E8)	-0.068	-1.010	-0.331	49.561	-18.677	6.958	-112.17	5.06	65.45	37.926	62.230	40.180	0.44626	-0.71097	-0.43289	0.32843	24.0	13111	30
2025-5-17 10:47:48.324	WTBenchPress#5(CEA7A127C8E8)	-0.050	-1.024	-0.310	56.091	-20.935	4.456	-111.09	5.30	65.74	37.926	62.230	40.180	0.44626	-0.71097	-0.43289	0.32843	24.0	13111	30
2025-5-17 10:47:48.324	WTBenchPress#5(CEA7A127C8E8)	0.007	-0.895	-0.251	12.573	-13.855	-19.348	-110.14	5.39	66.08	37.926	62.230	40.180	0.44626	-0.71097	-0.43289	0.32843	24.0	13111	30
2025-5-17 10:47:48.384	WTBenchPress#5(CEA7A127C8E8)	0.073	-1.090	-0.134	4.272	-15.320	-14.465	-109.88	5.13	66.45	37.926	62.230	40.180	0.44626	-0.71097	-0.43289	0.32843	24.0	13111	30
2025-5-17 10:47:48.385	WTBenchPress#5(CEA7A127C8E8)	0.081	-1.009	-0.114	-3.967	-17.395	-15.930	-109.76	4.93	66.79	37.926	62.230	40.180	0.44626	-0.71097	-0.43289	0.32843	24.0	13111	30
2025-5-17 10:47:48.416	WTBenchPress#5(CEA7A127C8E8)	0.115	-0.895	-0.109	17.273	20.020	-84.595	-109.64	4.32	67.08	37.926	62.230	40.180	0.44626	-0.71097	-0.43289	0.32843	24.0	13111	30
2025-5-17 10:47:48.416	WTBenchPress#5(CEA7A127C8E8)	0.198	-0.900	-0.221	13.489	82.520	-221.741	-109.24	1.81	67.10	37.926	62.230	40.180	0.44626	-0.71097	-0.43289	0.32843	24.0	13111	30
2025-5-17 10:47:48.446	WTBenchPress#5(CEA7A127C8E8)	0.291	-0.989	-0.387	6.348	104.797	-263.977	-108.94	-3.15	66.87	37.926	62.230	40.180	0.44626	-0.71097	-0.43289	0.32843	24.0	13111	30
2025-5-17 10:47:48.446	WTBenchPress#5(CEA7A127C8E8)	0.407	-0.971	-0.448	-13.062	104.431	-264.832	-108.83	-8.78	66.53	37.926	62.230	40.180	0.44626	-0.71097	-0.43289	0.32843	24.0	13111	30
2025-5-17 10:47:48.504	WTBenchPress#5(CEA7A127C8E8)	0.543	-0.929	-0.348	-42.542	103.149	-266.602	-109.15	-14.38	66.26	37.926	62.230	40.180	0.54446	-0.62964	-0.51312	0.20908	24.0	13111	30
2025-5-17 10:47:48.505	WTBenchPress#5(CEA7A127C8E8)	0.382	-1.014	-0.267	12.085	87.952	-31.067	-109.18	-17.72	65.42	37.926	62.230	40.180	0.54446	-0.62964	-0.51312	0.20908	24.0	13111	30
2025-5-17 10:47:48.538	WTBenchPress#5(CEA7A127C8E8)	0.279	-0.781	-0.331	33.997	105.591	-19.470	-108.15	-18.74	63.71	37.926	62.230	40.180	0.54446	-0.62964	-0.51312	0.20908	24.0	13111	30
2025-5-17 10:47:48.538	WTBenchPress#5(CEA7A127C8E8)	0.384	-0.818	-0.367	55.420	122.803	-32.837	-106.57	-19.86	61.67	37.926	62.230	40.180	0.54446	-0.62964	-0.51312	0.20908	24.0	13111	30
2025-5-17 10:47:48.565	WTBenchPress#5(CEA7A127C8E8)	0.318	-0.957	-0.367	60.608	107.788	-15.076	-104.68	-20.88	59.60	37.926	62.230	40.180	0.54446	-0.62964	-0.51312	0.20908	24.0	13111	30
2025-5-17 10:47:48.565	WTBenchPress#5(CEA7A127C8E8)	0.340	-0.953	-0.281	37.048	82.214	22.949	-103.06	-21.20	57.80	37.926	62.230	40.180	0.54446	-0.62964	-0.51312	0.20908	24.0	13111	30
2025-5-17 10:47:48.625	WTBenchPress#5(CEA7A127C8E8)	0.346	-0.898	-0.287	30.518	71.289	25.330	-101.85	-21.02	56.31	37.926	62.230	40.180	0.54446	-0.62964	-0.51312	0.20908	24.0	13111	30
2025-5-17 10:47:48.625	WTBenchPress#5(CEA7A127C8E8)	0.322	-0.809	-0.255	61.401	76.294	50.598	-100.43	-20.53	54.85	37.926	62.230	40.180	0.54446	-0.62964	-0.51312	0.20908	24.0	13111	30
2025-5-17 10:47:48.656	WTBenchPress#5(CEA7A127C8E8)	0.221	-0.829	-0.266	99.182	76.111	111.877	-98.29	-19.17	53.26	37.926	62.230	40.180	0.54446	-0.62964	-0.51312	0.20908	24.0	13111	30
2025-5-17 10:47:48.656	WTBenchPress#5(CEA7A127C8E8)	0.164	-0.888	-0.377	104.248	60.913	145.142	-95.84	-16.82	51.82	37.926	62.230	40.180	0.54446	-0.62964	-0.51312	0.20908	24.0	13111	30
2025-5-17 10:47:48.685	WTBenchPress#5(CEA7A127C8E8)	0.120	-1.021	-0.351	84.229	29.358	165.649	-93.80	-13.87	50.98	37.926	62.230	40.180	0.54446	-0.62964	-0.51312	0.20908	24.0	13111	30
2025-5-17 10:47:48.685	WTBenchPress#5(CEA7A127C8E8)	0.164	-1.065	-0.194	53.284	11.292	141.846	-92.47	-10.91	50.76	22.834	72.422	29.792	0.54446	-0.62964	-0.51312	0.20908	24.0	13111	30
2025-5-17 10:47:48.744	WTBenchPress#5(CEA7A127C8E8)	0.197	-1.037	-0.062	59.387	2.014	113.831	-91.47	-8.45	50.88	22.834	72.422	29.792	0.54446	-0.62964	-0.51312	0.20908	24.0	13111	30
2025-5-17 10:47:48.744	WTBenchPress#5(CEA7A127C8E8)	0.131	-0.967	-0.021	87.097	-5.005	108.887	-90.14	-6.33	51.18	22.834	72.422	29.792	0.54446	-0.62964	-0.51312	0.20908	24.0	13111	30
2025-5-17 10:47:48.804	WTBenchPress#5(CEA7A127C8E8)	0.043	-1.030	0.022	84.656	-3.052	147.583	-88.57	-3.89	51.56	22.834	72.422	29.792	0.54446	-0.62964	-0.51312	0.20908	24.0	13111	30
2025-5-17 10:47:48.805	WTBenchPress#5(CEA7A127C8E8)	-0.099	-1.128	0.084	56.946	4.944	152.649	-87.27	-1.02	51.88	22.834	72.422	29.792	0.54446	-0.62964	-0.51312	0.20908	24.0	13111	30
2025-5-17 10:47:48.805	WTBenchPress#5(CEA7A127C8E8)	0.042	-1.100	-0.002	-44.006	27.161	65.735	-87.24	1.04	51.86	22.834	72.422	29.792	0.54446	-0.62964	-0.51312	0.20908	24.0	13111	30
2025-5-17 10:47:48.805	WTBenchPress#5(CEA7A127C8E8)	0.069	-1.117	-0.090	-59.631	14.221	-7.141	-88.37	1.53	51.62	22.834	72.422	29.792	0.54446	-0.62964	-0.51312	0.20908	24.0	13111	30
2025-5-17 10:47:48.865	WTBenchPress#5(CEA7A127C8E8)	0.046	-1.055	0.054	-8.911	-38.086	2.014	-89.11	1.38	52.00	22.834	72.422	29.792	0.54446	-0.62964	-0.51312	0.20908	24.0	13111	30
2025-5-17 10:47:48.865	WTBenchPress#5(CEA7A127C8E8)	0.089	-1.054	0.062	8.911	-44.495	-3.235	-89.14	1.27	52.94	22.834	72.422	29.792	0.54446	-0.62964	-0.51312	0.20908	24.0	13111	30
2025-5-17 10:47:48.895	WTBenchPress#5(CEA7A127C8E8)	0.009	-1.019	0.085	13.428	-30.396	0.854	-88.93	1.16	53.76	22.834	72.422	29.792	0.54446	-0.62964	-0.51312	0.20908	24.0	13111	30
2025-5-17 10:47:48.895	WTBenchPress#5(CEA7A127C8E8)	0.050	-1.030	0.070	17.212	-7.263	2.441	-88.64	1.11	54.18	22.834	72.422	29.792	0.63443	-0.62396	-0.31201	0.33270	24.0	13111	30
2025-5-17 10:47:48.924	WTBenchPress#5(CEA7A127C8E8)	0.026	-0.978	0.030	-7.263	13.123	-3.235	-88.56	1.04	54.15	22.834	72.422	29.792	0.63443	-0.62396	-0.31201	0.33270	24.0	13111	30
2025-5-17 10:47:48.925	WTBenchPress#5(CEA7A127C8E8)	-0.044	-1.080	-0.030	-26.245	-11.292	4.883	-89.01	1.04	54.27	22.834	72.422	29.792	0.63443	-0.62396	-0.31201	0.33270	24.0	13111	30
2025-5-17 10:47:48.984	WTBenchPress#5(CEA7A127C8E8)	-0.105	-1.029	0.075	-11.292	-11.597	8.667	-89.31	1.14	54.51	22.834	72.422	29.792	0.63443	-0.62396	-0.31201	0.33270	24.0	13111	30
2025-5-17 10:47:48.985	WTBenchPress#5(CEA7A127C8E8)	0.005	-1.042	-0.041	-18.738	22.766	-3.906	-89.65	1.09	54.22	22.834	72.422	29.792	0.63443	-0.62396	-0.31201	0.33270	24.0	13111	30
2025-5-17 10:47:49.16	WTBenchPress#5(CEA7A127C8E8)	-0.149	-1.031	-0.043	-8.484	8.301	4.395	-89.88	1.12	53.96	22.834	72.422	29.792	0.63443	-0.62396	-0.31201	0.33270	24.0	13111	30
2025-5-17 10:47:49.16	WTBenchPress#5(CEA7A127C8E8)	-0.016	-1.036	0.057	1.587	-11.780	-2.686	-89.90	1.08	54.07	22.834	72.422	29.792	0.63443	-0.62396	-0.31201	0.33270	24.0	13111	30
2025-5-17 10:47:49.45	WTBenchPress#5(CEA7A127C8E8)	-0.208	-1.042	-0.025	0.854	68.665	2.502	-89.90	1.10	53.06	22.834	72.422	29.792	0.63443	-0.62396	-0.31201	0.33270	24.0	13111	30
2025-5-17 10:47:49.45	WTBenchPress#5(CEA7A127C8E8)	-0.194	-1.025	0.021	2.625	39.856	-2.258	-89.87	1.09	52.08	22.834	72.422	29.792	0.63443	-0.62396	-0.31201	0.33270	24.0	13111	30
2025-5-17 10:47:49.105	WTBenchPress#5(CEA7A127C8E8)	-0.276	-1.035	-0.051	-1.465	-18.616	0.793	-89.88	1.12	52.10	34.104	73.696	28.126	0.63443	-0.62396	-0.31201	0.33270	24.0	13111	30
2025-5-17 10:47:49.105	WTBenchPress#5(CEA7A127C8E8)	-0.273	-1.028	-0.151	0.854	-53.467	0.122	-89.87	1.18	52.90	34.104	73.696	28.126	0.63443	-0.62396	-0.31201	0.33270	24.0	13111	30
2025-5-17 10:47:49.137	WTBenchPress#5(CEA7A127C8E8)	-0.150	-1.029	-0.151	0.732	10.132	-0.793	-89.87	1.23	52.93	34.104	73.696	28.126	0.63443	-0.62396	-0.31201	0.33270	24.0	13111	30
2025-5-17 10:47:49.137	WTBenchPress#5(CEA7A127C8E8)	-0.185	-1.033	-0.076	5.981	48.035	-7.446	-89.83	1.20	52.05	34.104	73.696	28.126	0.63443	-0.62396	-0.31201	0.33270	24.0	13111	30
2025-5-17 10:47:49.195	WTBenchPress#5(CEA7A127C8E8)	-0.454	-1.031	-0.096	-0.305	49.377	0.061	-89.86	1.25	50.99	34.104	73.696	28.126	0.63443	-0.62396	-0.31201	0.33270	24.0	13111	30
2025-5-17 10:47:49.195	WTBenchPress#5(CEA7A127C8E8)	-0.318	-1.031	-0.165	-2.747	17.029	0.916	-89.96	1.37	50.38	34.104	73.696	28.126	0.63443	-0.62396	-0.31201	0.33270	24.0	13111	30
2025-5-17 10:47:49.224	WTBenchPress#5(CEA7A127C8E8)	-0.150	-1.040	-0.314	-3.296	26.733	5.676	-90.09	1.59	49.78	34.104	73.696	28.126	0.63443	-0.62396	-0.31201	0.33270	24.0	13111	30
2025-5-17 10:47:49.224	WTBenchPress#5(CEA7A127C8E8)	-0.200	-1.032	-0.267	1.282	-10.071	-8.118	-90.16	1.63	49.71	34.104	73.696	28.126	0.63443	-0.62396	-0.31201	0.33270	24.0	13111	30
2025-5-17 10:47:49.255	WTBenchPress#5(CEA7A127C8E8)	-0.145	-1.032	-0.125	0.427	-52.185	1.404	-90.22	1.74	50.50	34.104	73.696	28.126	0.63443	-0.62396	-0.31201	0.33270	24.0	13111	30
2025-5-17 10:47:49.255	WTBenchPress#5(CEA7A127C8E8)	-0.078	-1.032	-0.021	-0.122	-33.386	5.798	-90.28	1.95	51.20	34.104	73.696	28.126	0.63443	-0.62396	-0.31201	0.33270	24.0	13111	30
2025-5-17 10:47:49.315	WTBenchPress#5(CEA7A127C8E8)	-0.065	-1.029	0.076	-13.245	-38.513	1.465	-90.52	2.11	51.86	34.104	73.696	28.126	0.62469	-0.64386	-0.30176	0.32254	24.0	13111	30
2025-5-17 10:47:49.315	WTBenchPress#5(CEA7A127C8E8)	-0.096	-1.026	0.035	-6.226	-41.504	0.488	-90.68	2.22	52.58	34.104	73.696	28.126	0.62469	-0.64386	-0.30176	0.32254	24.0	13111	30
2025-5-17 10:47:49.344	WTBenchPress#5(CEA7A127C8E8)	-0.075	-1.033	0.071	0.000	-54.504	1.038	-90.69	2.32	53.50	34.104	73.696	28.126	0.62469	-0.64386	-0.30176	0.32254	24.0	13111	30
2025-5-17 10:47:49.344	WTBenchPress#5(CEA7A127C8E8)	-0.036	-1.006	-0.022	-1.953	-66.589	0.732	-90.69	2.42	54.72	34.104	73.696	28.126	0.62469	-0.64386	-0.30176	0.32254	24.0	13111	30
2025-5-17 10:47:49.375	WTBenchPress#5(CEA7A127C8E8)	-0.001	-1.011	-0.022	15.076	-72.754	-1.221	-90.35	2.47	56.07	34.104	73.696	28.126	0.62469	-0.64386	-0.30176	0.32254	24.0	13111	30
2025-5-17 10:47:49.375	WTBenchPress#5(CEA7A127C8E8)	0.057	-1.081	0.050	7.507	-72.327	6.042	-90.14	2.63	57.43	34.104	73.696	28.126	0.62469	-0.64386	-0.30176	0.32254	24.0	13111	30
2025-5-17 10:47:49.436	WTBenchPress#5(CEA7A127C8E8)	0.018	-1.105	0.053	-0.122	-65.125	27.954	-90.09	3.21	58.63	34.104	73.696	28.126	0.62469	-0.64386	-0.30176	0.32254	24.0	13111	30
2025-5-17 10:47:49.436	WTBenchPress#5(CEA7A127C8E8)	-0.021	-1.163	0.121	-24.231	-32.227	70.984	-90.52	4.61	59.18	34.104	73.696	28.126	0.62469	-0.64386	-0.30176	0.32254	24.0	13111	30
2025-5-17 10:47:49.465	WTBenchPress#5(CEA7A127C8E8)	-0.002	-1.112	0.101	-36.926	10.437	114.380	-91.26	6.86	58.84	34.104	73.696	28.126	0.62469	-0.64386	-0.30176	0.32254	24.0	13111	30
2025-5-17 10:47:49.466	WTBenchPress#5(CEA7A127C8E8)	-0.138	-1.062	0.015	-0.977	-21.301	137.207	-91.19	9.53	59.14	34.104	73.696	28.126	0.62469	-0.64386	-0.30176	0.32254	24.0	13111	30
2025-5-17 10:47:49.495	WTBenchPress#5(CEA7A127C8E8)	-0.262	-1.170	-0.059	9.033	-25.391	79.773	-90.91	11.04	59.56	34.104	73.696	28.126	0.62469	-0.64386	-0.30176	0.32254	24.0	13111	30
2025-5-17 10:47:49.495	WTBenchPress#5(CEA7A127C8E8)	-0.315	-1.073	-0.063	-4.211	-5.432	96.313	-90.96	12.87	59.58	40.866	71.540	24.304	0.62469	-0.64386	-0.30176	0.32254	24.0	13111	30
2025-5-17 10:47:49.554	WTBenchPress#5(CEA7A127C8E8)	-0.382	-1.022	0.084	-2.930	20.142	111.816	-91.12	15.01	59.06	40.866	71.540	24.304	0.62469	-0.64386	-0.30176	0.32254	24.0	13111	30
2025-5-17 10:47:49.554	WTBenchPress#5(CEA7A127C8E8)	-0.345	-1.110	0.182	2.441	27.588	122.864	-91.21	17.35	58.33	40.866	71.540	24.304	0.62469	-0.64386	-0.30176	0.32254	24.0	13111	30
2025-5-17 10:47:49.585	WTBenchPress#5(CEA7A127C8E8)	-0.305	-1.040	0.078	20.630	-2.441	104.065	-90.76	19.34	58.21	40.866	71.540	24.304	0.62469	-0.64386	-0.30176	0.32254	24.0	13111	30
2025-5-17 10:47:49.585	WTBenchPress#5(CEA7A127C8E8)	-0.308	-0.934	-0.072	30.396	-28.137	78.613	-89.93	20.81	58.68	40.866	71.540	24.304	0.62469	-0.64386	-0.30176	0.32254	24.0	13111	30
2025-5-17 10:47:49.615	WTBenchPress#5(CEA7A127C8E8)	-0.336	-0.817	-0.134	-9.583	-44.250	46.021	-89.79	21.63	59.51	40.866	71.540	24.304	0.62469	-0.64386	-0.30176	0.32254	24.0	13111	30
2025-5-17 10:47:49.615	WTBenchPress#5(CEA7A127C8E8)	-0.304	-0.890	-0.026	-53.040	-27.710	30.151	-90.63	22.14	59.99	40.866	71.540	24.304	0.62469	-0.64386	-0.30176	0.32254	24.0	13111	30
2025-5-17 10:47:49.690	WTBenchPress#5(CEA7A127C8E8)	-0.170	-0.928	0.076	-53.772	-16.724	22.705	-91.57	22.52	60.19	40.866	71.540	24.304	0.62469	-0.64386	-0.30176	0.32254	24.0	13111	30
2025-5-17 10:47:49.690	WTBenchPress#5(CEA7A127C8E8)	-0.093	-0.927	0.102	-19.531	-27.344	7.263	-91.71	22.58	60.63	40.866	71.540	24.304	0.62469	-0.64386	-0.30176	0.32254	24.0	13111	30
2025-5-17 10:47:49.722	WTBenchPress#5(CEA7A127C8E8)	-0.147	-0.871	0.020	9.583	-33.081	-16.052	-91.22	22.17	61.20	40.866	71.540	24.304	0.62469	-0.64386	-0.30176	0.32254	24.0	13111	30
2025-5-17 10:47:49.722	WTBenchPress#5(CEA7A127C8E8)	-0.151	-0.958	-0.047	12.451	-32.349	-26.855	-90.69	21.53	61.78	40.866	71.540	24.304	0.52396	-0.66656	-0.25015	0.46741	24.0	13111	30
2025-5-17 10:47:49.736	WTBenchPress#5(CEA7A127C8E8)	-0.115	-1.030	0.032	-18.372	-18.860	-19.348	-90.90	21.04	62.07	40.866	71.540	24.304	0.52396	-0.66656	-0.25015	0.46741	24.0	13111	30
2025-5-17 10:47:49.736	WTBenchPress#5(CEA7A127C8E8)	-0.048	-1.029	0.121	-30.334	-0.732	-12.207	-91.48	20.67	61.96	40.866	71.540	24.304	0.52396	-0.66656	-0.25015	0.46741	24.0	13111	30
2025-5-17 10:47:49.799	WTBenchPress#5(CEA7A127C8E8)	-0.058	-0.926	-0.013	4.089	1.343	-20.203	-91.71	20.23	61.74	40.866	71.540	24.304	0.52396	-0.66656	-0.25015	0.46741	24.0	13111	30
2025-5-17 10:47:49.799	WTBenchPress#5(CEA7A127C8E8)	-0.076	-0.908	-0.088	8.240	5.859	-31.555	-91.59	19.63	61.61	40.866	71.540	24.304	0.52396	-0.66656	-0.25015	0.46741	24.0	13111	30
2025-5-17 10:47:49.827	WTBenchPress#5(CEA7A127C8E8)	-0.041	-0.944	-0.091	3.662	11.841	-34.790	-91.48	18.84	61.40	40.866	71.540	24.304	0.52396	-0.66656	-0.25015	0.46741	24.0	13111	30
2025-5-17 10:47:49.827	WTBenchPress#5(CEA7A127C8E8)	-0.057	-0.977	-0.028	-5.798	12.817	-34.241	-91.52	18.01	61.12	40.866	71.540	24.304	0.52396	-0.66656	-0.25015	0.46741	24.0	13111	30
2025-5-17 10:47:49.856	WTBenchPress#5(CEA7A127C8E8)	-0.038	-1.016	0.015	-2.136	15.442	-40.710	-91.68	17.14	60.83	40.866	71.540	24.304	0.52396	-0.66656	-0.25015	0.46741	24.0	13111	30
2025-5-17 10:47:49.856	WTBenchPress#5(CEA7A127C8E8)	-0.023	-1.041	0.005	10.986	12.512	-43.945	-91.72	16.18	60.53	40.866	71.540	24.304	0.52396	-0.66656	-0.25015	0.46741	24.0	13111	30
2025-5-17 10:47:49.916	WTBenchPress#5(CEA7A127C8E8)	-0.005	-1.021	-0.027	14.160	9.277	-53.528	-91.54	15.12	60.30	41.552	69.286	21.560	0.52396	-0.66656	-0.25015	0.46741	24.0	13111	30
2025-5-17 10:47:49.916	WTBenchPress#5(CEA7A127C8E8)	-0.051	-1.057	-0.013	24.475	12.390	-68.481	-91.24	13.84	60.12	41.552	69.286	21.560	0.52396	-0.66656	-0.25015	0.46741	24.0	13111	30
2025-5-17 10:47:49.944	WTBenchPress#5(CEA7A127C8E8)	-0.022	-1.134	-0.065	40.161	13.123	-75.073	-90.71	12.33	59.90	41.552	69.286	21.560	0.52396	-0.66656	-0.25015	0.46741	24.0	13111	30
2025-5-17 10:47:49.944	WTBenchPress#5(CEA7A127C8E8)	0.028	-1.134	-0.063	23.071	1.465	-75.684	-90.04	10.72	59.72	41.552	69.286	21.560	0.52396	-0.66656	-0.25015	0.46741	24.0	13111	30
2025-5-17 10:47:49.974	WTBenchPress#5(CEA7A127C8E8)	0.090	-1.044	-0.002	4.822	-4.822	-81.299	-89.69	9.10	59.75	41.552	69.286	21.560	0.52396	-0.66656	-0.25015	0.46741	24.0	13111	30
2025-5-17 10:47:49.974	WTBenchPress#5(CEA7A127C8E8)	0.094	-0.981	0.068	12.329	-6.348	-95.520	-89.57	7.33	59.88	41.552	69.286	21.560	0.52396	-0.66656	-0.25015	0.46741	24.0	13111	30
2025-5-17 10:47:50.34	WTBenchPress#5(CEA7A127C8E8)	0.050	-1.080	0.062	19.043	3.906	-103.149	-89.29	5.32	59.97	41.552	69.286	21.560	0.52396	-0.66656	-0.25015	0.46741	24.0	13111	30
2025-5-17 10:47:50.35	WTBenchPress#5(CEA7A127C8E8)	0.100	-1.196	0.020	10.803	9.521	-103.699	-88.97	3.20	59.85	41.552	69.286	21.560	0.52396	-0.66656	-0.25015	0.46741	24.0	13111	30
2025-5-17 10:47:50.65	WTBenchPress#5(CEA7A127C8E8)	0.141	-1.229	0.078	21.118	16.357	-104.126	-88.72	1.10	59.60	41.552	69.286	21.560	0.52396	-0.66656	-0.25015	0.46741	24.0	13111	30
2025-5-17 10:47:50.66	WTBenchPress#5(CEA7A127C8E8)	0.115	-1.220	0.126	29.053	10.193	-110.107	-88.26	-1.02	59.26	41.552	69.286	21.560	0.52396	-0.66656	-0.25015	0.46741	24.0	13111	30
2025-5-17 10:47:50.95	WTBenchPress#5(CEA7A127C8E8)	0.161	-1.167	0.036	31.128	19.836	-106.628	-87.66	-3.19	58.93	41.552	69.286	21.560	0.52396	-0.66656	-0.25015	0.46741	24.0	13111	30
2025-5-17 10:47:50.95	WTBenchPress#5(CEA7A127C8E8)	0.182	-1.068	-0.015	28.137	10.864	-102.905	-87.03	-5.27	58.48	41.552	69.286	21.560	0.64755	-0.58386	-0.36508	0.32620	24.0	13111	30
2025-5-17 10:47:50.154	WTBenchPress#5(CEA7A127C8E8)	0.232	-0.993	-0.025	32.288	-5.127	-114.075	-86.44	-7.34	58.23	41.552	69.286	21.560	0.64755	-0.58386	-0.36508	0.32620	24.0	13111	30
2025-5-17 10:47:50.154	WTBenchPress#5(CEA7A127C8E8)	0.236	-1.051	0.113	36.011	3.418	-124.512	-85.79	-9.63	58.14	41.552	69.286	21.560	0.64755	-0.58386	-0.36508	0.32620	24.0	13111	30
2025-5-17 10:47:50.184	WTBenchPress#5(CEA7A127C8E8)	0.261	-1.221	0.264	38.940	10.132	-120.239	-85.03	-12.02	57.84	41.552	69.286	21.560	0.64755	-0.58386	-0.36508	0.32620	24.0	13111	30
2025-5-17 10:47:50.184	WTBenchPress#5(CEA7A127C8E8)	0.309	-1.235	0.282	35.522	19.897	-98.328	-84.19	-14.10	57.29	41.552	69.286	21.560	0.64755	-0.58386	-0.36508	0.32620	24.0	13111	30
2025-5-17 10:47:50.215	WTBenchPress#5(CEA7A127C8E8)	0.307	-1.084	0.139	18.555	21.912	-94.177	-83.49	-15.89	56.60	41.552	69.286	21.560	0.64755	-0.58386	-0.36508	0.32620	24.0	13111	30
2025-5-17 10:47:50.215	WTBenchPress#5(CEA7A127C8E8)	0.290	-1.025	0.145	3.113	30.090	-97.717	-83.06	-17.64	55.79	41.552	69.286	21.560	0.64755	-0.58386	-0.36508	0.32620	24.0	13111	30
2025-5-17 10:47:50.276	WTBenchPress#5(CEA7A127C8E8)	0.210	-1.076	0.252	3.723	49.133	-112.610	-82.64	-19.53	54.64	41.552	69.286	21.560	0.64755	-0.58386	-0.36508	0.32620	24.0	13111	30
2025-5-17 10:47:50.276	WTBenchPress#5(CEA7A127C8E8)	0.122	-1.180	0.104	13.184	61.218	-111.877	-81.95	-21.50	53.10	41.552	69.286	21.560	0.64755	-0.58386	-0.36508	0.32620	24.0	13111	30
2025-5-17 10:47:50.304	WTBenchPress#5(CEA7A127C8E8)	0.082	-1.219	-0.061	9.216	57.922	-81.482	-81.14	-23.10	51.49	41.552	69.286	21.560	0.64755	-0.58386	-0.36508	0.32620	24.0	13111	30
2025-5-17 10:47:50.304	WTBenchPress#5(CEA7A127C8E8)	0.134	-1.196	-0.061	-0.549	40.161	-48.889	-80.60	-24.07	50.19	19.306	77.420	22.050	0.64755	-0.58386	-0.36508	0.32620	24.0	13111	30
2025-5-17 10:47:50.336	WTBenchPress#5(CEA7A127C8E8)	0.229	-0.996	0.041	-10.437	29.724	-31.067	-80.40	-24.55	49.29	19.306	77.420	22.050	0.64755	-0.58386	-0.36508	0.32620	24.0	13111	30
2025-5-17 10:47:50.336	WTBenchPress#5(CEA7A127C8E8)	0.278	-0.848	0.065	-9.338	31.677	-29.541	-80.35	-24.86	48.52	19.306	77.420	22.050	0.64755	-0.58386	-0.36508	0.32620	24.0	13111	30
2025-5-17 10:47:50.395	WTBenchPress#5(CEA7A127C8E8)	0.175	-0.897	0.039	-10.925	44.067	-41.077	-80.23	-25.25	47.58	19.306	77.420	22.050	0.64755	-0.58386	-0.36508	0.32620	24.0	13111	30
2025-5-17 10:47:50.395	WTBenchPress#5(CEA7A127C8E8)	0.153	-0.985	0.056	-14.343	45.471	-35.706	-80.09	-25.68	46.49	19.306	77.420	22.050	0.64755	-0.58386	-0.36508	0.32620	24.0	13111	30
2025-5-17 10:47:50.455	WTBenchPress#5(CEA7A127C8E8)	0.166	-1.015	0.102	-10.132	43.640	-13.367	-79.95	-25.82	45.46	19.306	77.420	22.050	0.64755	-0.58386	-0.36508	0.32620	24.0	13111	30
2025-5-17 10:47:50.455	WTBenchPress#5(CEA7A127C8E8)	0.227	-0.954	0.100	-3.479	34.241	7.996	-79.80	-25.56	44.63	19.306	77.420	22.050	0.64755	-0.58386	-0.36508	0.32620	24.0	13111	30
2025-5-17 10:47:50.455	WTBenchPress#5(CEA7A127C8E8)	0.219	-0.868	0.092	1.343	23.926	12.329	-79.65	-25.08	44.07	19.306	77.420	22.050	0.64755	-0.58386	-0.36508	0.32620	24.0	13111	30
2025-5-17 10:47:50.455	WTBenchPress#5(CEA7A127C8E8)	0.184	-0.823	0.119	-2.258	12.878	6.958	-79.58	-24.66	43.74	19.306	77.420	22.050	0.64755	-0.58386	-0.36508	0.32620	24.0	13111	30
2025-5-17 10:47:50.514	WTBenchPress#5(CEA7A127C8E8)	0.131	-0.820	0.136	-6.287	13.184	0.854	-79.62	-24.38	43.51	19.306	77.420	22.050	0.64755	-0.58386	-0.36508	0.32620	24.0	13111	30
2025-5-17 10:47:50.515	WTBenchPress#5(CEA7A127C8E8)	0.084	-0.877	0.113	0.916	10.559	0.610	-79.63	-24.17	43.27	19.306	77.420	22.050	0.64755	-0.58386	-0.36508	0.32620	24.0	13111	30
2025-5-17 10:47:50.544	WTBenchPress#5(CEA7A127C8E8)	0.040	-0.901	0.063	2.380	-0.366	13.550	-79.62	-23.86	43.20	19.306	77.420	22.050	0.74747	-0.52396	-0.37823	0.15359	24.0	13111	30
2025-5-17 10:47:50.544	WTBenchPress#5(CEA7A127C8E8)	0.032	-0.875	0.030	-3.479	-14.221	22.095	-79.78	-23.37	43.42	19.306	77.420	22.050	0.74747	-0.52396	-0.37823	0.15359	24.0	13111	30
2025-5-17 10:47:50.604	WTBenchPress#5(CEA7A127C8E8)	0.059	-0.864	0.034	-13.062	-22.644	29.114	-80.20	-22.76	43.90	19.306	77.420	22.050	0.74747	-0.52396	-0.37823	0.15359	24.0	13111	30
2025-5-17 10:47:50.604	WTBenchPress#5(CEA7A127C8E8)	0.094	-0.845	0.071	-21.606	-26.550	36.682	-80.85	-22.01	44.52	19.306	77.420	22.050	0.74747	-0.52396	-0.37823	0.15359	24.0	13111	30
2025-5-17 10:47:50.634	WTBenchPress#5(CEA7A127C8E8)	0.145	-0.831	0.087	-24.231	-28.198	38.696	-81.62	-21.17	45.19	19.306	77.420	22.050	0.74747	-0.52396	-0.37823	0.15359	24.0	13111	30
2025-5-17 10:47:50.634	WTBenchPress#5(CEA7A127C8E8)	0.142	-0.866	0.124	-23.193	-27.588	41.138	-82.38	-20.28	45.83	19.306	77.420	22.050	0.74747	-0.52396	-0.37823	0.15359	24.0	13111	30
2025-5-17 10:47:50.665	WTBenchPress#5(CEA7A127C8E8)	0.184	-0.889	0.074	-15.442	-26.978	48.035	-82.97	-19.29	46.47	19.306	77.420	22.050	0.74747	-0.52396	-0.37823	0.15359	24.0	13111	30
2025-5-17 10:47:50.665	WTBenchPress#5(CEA7A127C8E8)	0.226	-0.902	0.041	-16.357	-21.362	64.514	-83.51	-18.01	47.05	19.306	77.420	22.050	0.74747	-0.52396	-0.37823	0.15359	24.0	13111	30
2025-5-17 10:47:50.725	WTBenchPress#5(CEA7A127C8E8)	0.201	-0.967	0.027	-7.141	-32.715	56.091	-83.94	-16.82	47.77	19.110	77.420	23.716	0.74747	-0.52396	-0.37823	0.15359	24.0	13111	30
2025-5-17 10:47:50.725	WTBenchPress#5(CEA7A127C8E8)	0.192	-1.116	0.078	-4.456	-52.551	62.744	-84.38	-15.62	48.87	19.110	77.420	23.716	0.74747	-0.52396	-0.37823	0.15359	24.0	13111	30
2025-5-17 10:47:50.754	WTBenchPress#5(CEA7A127C8E8)	0.195	-1.243	0.116	-6.531	-64.209	75.806	-84.87	-14.23	50.25	19.110	77.420	23.716	0.74747	-0.52396	-0.37823	0.15359	24.0	13111	30
2025-5-17 10:47:50.754	WTBenchPress#5(CEA7A127C8E8)	0.214	-1.220	0.113	-16.418	-59.143	91.980	-85.47	-12.53	51.60	19.110	77.420	23.716	0.74747	-0.52396	-0.37823	0.15359	24.0	13111	30
2025-5-17 10:47:50.784	WTBenchPress#5(CEA7A127C8E8)	0.200	-1.114	0.027	-35.400	-49.072	97.046	-86.33	-10.67	52.75	19.110	77.420	23.716	0.74747	-0.52396	-0.37823	0.15359	24.0	13111	30
2025-5-17 10:47:50.785	WTBenchPress#5(CEA7A127C8E8)	0.101	-1.037	0.019	-42.664	-48.462	92.102	-87.31	-8.87	53.81	19.110	77.420	23.716	0.74747	-0.52396	-0.37823	0.15359	24.0	13111	30
2025-5-17 10:47:50.844	WTBenchPress#5(CEA7A127C8E8)	0.083	-1.082	0.057	-24.963	-48.096	80.200	-88.03	-7.26	54.82	19.110	77.420	23.716	0.74747	-0.52396	-0.37823	0.15359	24.0	13111	30
2025-5-17 10:47:50.844	WTBenchPress#5(CEA7A127C8E8)	0.150	-1.110	0.034	-3.357	-49.866	72.632	-88.31	-5.83	55.82	19.110	77.420	23.716	0.74747	-0.52396	-0.37823	0.15359	24.0	13111	30
2025-5-17 10:47:50.876	WTBenchPress#5(CEA7A127C8E8)	0.098	-1.173	0.049	4.700	-55.481	66.284	-88.34	-4.54	56.90	19.110	77.420	23.716	0.74747	-0.52396	-0.37823	0.15359	24.0	13111	30
2025-5-17 10:47:50.876	WTBenchPress#5(CEA7A127C8E8)	-0.004	-1.260	0.074	9.888	-58.594	65.796	-88.24	-3.31	58.06	19.110	77.420	23.716	0.74747	-0.52396	-0.37823	0.15359	24.0	13111	30
2025-5-17 10:47:50.904	WTBenchPress#5(CEA7A127C8E8)	0.090	-1.220	-0.018	-8.972	-45.776	86.670	-88.36	-1.76	59.04	19.110	77.420	23.716	0.74747	-0.52396	-0.37823	0.15359	24.0	13111	30
2025-5-17 10:47:50.904	WTBenchPress#5(CEA7A127C8E8)	0.079	-1.038	-0.108	-23.132	-40.100	96.619	-88.76	0.04	59.88	19.110	77.420	23.716	0.61649	-0.60767	-0.34781	0.36005	24.0	13111	30
2025-5-17 10:47:50.964	WTBenchPress#5(CEA7A127C8E8)	0.005	-1.014	0.029	-27.588	-50.232	83.679	-89.28	1.68	60.83	19.110	77.420	23.716	0.61649	-0.60767	-0.34781	0.36005	24.0	13111	30
2025-5-17 10:47:50.964	WTBenchPress#5(CEA7A127C8E8)	0.042	-1.125	0.198	-26.489	-50.720	75.745	-89.76	3.13	61.82	19.110	77.420	23.716	0.61649	-0.60767	-0.34781	0.36005	24.0	13111	30
2025-5-17 10:47:50.995	WTBenchPress#5(CEA7A127C8E8)	0.079	-1.115	0.131	-5.249	-19.775	81.055	-89.91	4.63	62.31	19.110	77.420	23.716	0.61649	-0.60767	-0.34781	0.36005	24.0	13111	30
2025-5-17 10:47:50.995	WTBenchPress#5(CEA7A127C8E8)	0.039	-1.096	0.040	20.081	-29.602	90.088	-89.54	6.26	62.80	19.110	77.420	23.716	0.61649	-0.60767	-0.34781	0.36005	24.0	13111	30
2025-5-17 10:47:51.24	WTBenchPress#5(CEA7A127C8E8)	-0.003	-1.061	-0.021	-7.751	-44.312	84.839	-89.43	7.84	63.58	19.110	77.420	23.716	0.61649	-0.60767	-0.34781	0.36005	24.0	13111	30
2025-5-17 10:47:51.25	WTBenchPress#5(CEA7A127C8E8)	-0.067	-1.066	0.019	-39.856	-34.851	71.045	-89.94	9.18	64.30	19.110	77.420	23.716	0.61649	-0.60767	-0.34781	0.36005	24.0	13111	30
2025-5-17 10:47:51.86	WTBenchPress#5(CEA7A127C8E8)	-0.095	-1.131	0.100	-28.748	-23.621	72.083	-90.41	10.48	64.72	19.110	77.420	23.716	0.61649	-0.60767	-0.34781	0.36005	24.0	13111	30
2025-5-17 10:47:51.86	WTBenchPress#5(CEA7A127C8E8)	0.013	-1.138	0.064	-1.282	8.240	94.666	-90.43	12.21	64.48	19.110	77.420	23.716	0.61649	-0.60767	-0.34781	0.36005	24.0	13111	30
2025-5-17 10:47:51.115	WTBenchPress#5(CEA7A127C8E8)	0.013	-1.021	-0.076	-1.709	-24.841	89.294	-90.34	13.83	64.93	19.110	77.420	23.716	0.61649	-0.60767	-0.34781	0.36005	24.0	13111	30
2025-5-17 10:47:51.115	WTBenchPress#5(CEA7A127C8E8)	-0.044	-0.925	-0.161	-22.339	-24.292	58.594	-90.65	14.83	65.40	42.042	70.266	20.972	0.61649	-0.60767	-0.34781	0.36005	24.0	13111	30
2025-5-17 10:47:51.144	WTBenchPress#5(CEA7A127C8E8)	-0.087	-0.946	-0.114	-47.241	-16.541	31.067	-91.51	15.27	65.72	42.042	70.266	20.972	0.61649	-0.60767	-0.34781	0.36005	24.0	13111	30
2025-5-17 10:47:51.144	WTBenchPress#5(CEA7A127C8E8)	-0.070	-1.037	-0.001	-22.278	-26.184	19.592	-91.81	15.50	66.24	42.042	70.266	20.972	0.61649	-0.60767	-0.34781	0.36005	24.0	13111	30
2025-5-17 10:47:51.205	WTBenchPress#5(CEA7A127C8E8)	-0.021	-1.073	0.042	18.799	-29.175	13.672	-91.26	15.61	66.80	42.042	70.266	20.972	0.61649	-0.60767	-0.34781	0.36005	24.0	13111	30
2025-5-17 10:47:51.205	WTBenchPress#5(CEA7A127C8E8)	-0.066	-1.037	-0.070	33.630	-32.654	14.160	-90.42	15.73	67.44	42.042	70.266	20.972	0.61649	-0.60767	-0.34781	0.36005	24.0	13111	30
2025-5-17 10:47:51.234	WTBenchPress#5(CEA7A127C8E8)	-0.096	-1.060	-0.097	24.414	-27.100	14.832	-89.80	15.86	67.97	42.042	70.266	20.972	0.61649	-0.60767	-0.34781	0.36005	24.0	13111	30
2025-5-17 10:47:51.234	WTBenchPress#5(CEA7A127C8E8)	-0.058	-1.084	-0.003	-8.118	-4.578	18.311	-89.96	16.06	68.04	42.042	70.266	20.972	0.61649	-0.60767	-0.34781	0.36005	24.0	13111	30
2025-5-17 10:47:51.264	WTBenchPress#5(CEA7A127C8E8)	-0.078	-1.022	-0.009	-19.409	6.592	12.451	-90.41	16.15	67.86	42.042	70.266	20.972	0.61649	-0.60767	-0.34781	0.36005	24.0	13111	30
2025-5-17 10:47:51.265	WTBenchPress#5(CEA7A127C8E8)	-0.062	-1.038	0.051	3.967	-3.784	7.385	-90.31	16.13	67.90	42.042	70.266	20.972	0.61649	-0.60767	-0.34781	0.36005	24.0	13111	30
2025-5-17 10:47:51.325	WTBenchPress#5(CEA7A127C8E8)	-0.084	-1.013	0.032	18.433	-2.075	4.761	-89.95	16.07	67.88	42.042	70.266	20.972	0.61649	-0.60767	-0.34781	0.36005	24.0	13111	30
2025-5-17 10:47:51.325	WTBenchPress#5(CEA7A127C8E8)	-0.157	-0.973	-0.040	16.479	0.488	-1.770	-89.63	15.89	67.82	42.042	70.266	20.972	0.61649	-0.60767	-0.34781	0.36005	24.0	13111	30
2025-5-17 10:47:51.355	WTBenchPress#5(CEA7A127C8E8)	-0.176	-1.014	-0.048	2.136	7.629	2.014	-89.65	15.78	67.62	42.042	70.266	20.972	0.52982	-0.63437	-0.30759	0.47131	24.0	13111	30
2025-5-17 10:47:51.355	WTBenchPress#5(CEA7A127C8E8)	-0.179	-1.001	-0.029	-7.935	14.343	4.883	-89.91	15.75	67.27	42.042	70.266	20.972	0.52982	-0.63437	-0.30759	0.47131	24.0	13111	30
2025-5-17 10:47:51.384	WTBenchPress#5(CEA7A127C8E8)	-0.168	-0.971	0.017	-3.479	12.512	5.005	-90.07	15.74	66.95	42.042	70.266	20.972	0.52982	-0.63437	-0.30759	0.47131	24.0	13111	30
2025-5-17 10:47:51.384	WTBenchPress#5(CEA7A127C8E8)	-0.156	-0.950	0.036	9.583	8.911	0.793	-89.93	15.64	66.69	42.042	70.266	20.972	0.52982	-0.63437	-0.30759	0.47131	24.0	13111	30
2025-5-17 10:47:51.444	WTBenchPress#5(CEA7A127C8E8)	-0.193	-0.929	-0.002	14.709	7.080	-9.216	-89.69	15.36	66.47	42.042	70.266	20.972	0.52982	-0.63437	-0.30759	0.47131	24.0	13111	30
2025-5-17 10:47:51.444	WTBenchPress#5(CEA7A127C8E8)	-0.226	-0.952	-0.011	13.428	5.310	-13.977	-89.47	15.00	66.28	42.042	70.266	20.972	0.52982	-0.63437	-0.30759	0.47131	24.0	13111	30
2025-5-17 10:47:51.476	WTBenchPress#5(CEA7A127C8E8)	-0.199	-1.017	-0.025	4.395	11.658	-10.132	-89.35	14.68	66.01	42.042	70.266	20.972	0.52982	-0.63437	-0.30759	0.47131	24.0	13111	30
2025-5-17 10:47:51.476	WTBenchPress#5(CEA7A127C8E8)	-0.204	-0.999	-0.011	-4.272	15.930	-13.794	-89.38	14.40	65.66	42.042	70.266	20.972	0.52982	-0.63437	-0.30759	0.47131	24.0	13111	30
2025-5-17 10:47:51.504	WTBenchPress#5(CEA7A127C8E8)	-0.153	-1.048	0.003	6.531	9.521	-24.292	-89.51	14.03	65.28	42.042	70.266	20.972	0.52982	-0.63437	-0.30759	0.47131	24.0	13111	30
2025-5-17 10:47:51.505	WTBenchPress#5(CEA7A127C8E8)	-0.103	-1.135	0.024	14.160	14.954	-79.712	-89.41	13.22	64.97	41.356	69.286	18.228	0.52982	-0.63437	-0.30759	0.47131	24.0	13111	30
2025-5-17 10:47:51.565	WTBenchPress#5(CEA7A127C8E8)	-0.127	-1.060	-0.020	10.498	18.250	-52.002	-89.23	11.74	64.54	41.356	69.286	18.228	0.52982	-0.63437	-0.30759	0.47131	24.0	13111	30
2025-5-17 10:47:51.565	WTBenchPress#5(CEA7A127C8E8)	-0.138	-0.995	-0.015	26.978	17.334	-50.598	-89.02	10.69	64.09	41.356	69.286	18.228	0.52982	-0.63437	-0.30759	0.47131	24.0	13111	30
2025-5-17 10:47:51.595	WTBenchPress#5(CEA7A127C8E8)	-0.092	-1.019	0.043	19.897	24.109	-57.312	-88.61	9.64	63.63	41.356	69.286	18.228	0.52982	-0.63437	-0.30759	0.47131	24.0	13111	30
2025-5-17 10:47:51.595	WTBenchPress#5(CEA7A127C8E8)	-0.070	-1.000	0.034	22.034	21.851	-57.800	-88.30	8.49	63.06	41.356	69.286	18.228	0.52982	-0.63437	-0.30759	0.47131	24.0	13111	30
2025-5-17 10:47:51.625	WTBenchPress#5(CEA7A127C8E8)	-0.041	-0.965	0.058	18.799	24.780	-89.844	-87.96	7.20	62.50	41.356	69.286	18.228	0.52982	-0.63437	-0.30759	0.47131	24.0	13111	30
2025-5-17 10:47:51.625	WTBenchPress#5(CEA7A127C8E8)	-0.042	-0.908	0.035	10.498	21.301	-123.474	-87.70	5.27	61.89	41.356	69.286	18.228	0.52982	-0.63437	-0.30759	0.47131	24.0	13111	30
2025-5-17 10:47:51.686	WTBenchPress#5(CEA7A127C8E8)	-0.113	-1.096	0.137	-36.438	16.663	-163.818	-87.78	2.65	61.31	41.356	69.286	18.228	0.52982	-0.63437	-0.30759	0.47131	24.0	13111	30
2025-5-17 10:47:51.686	WTBenchPress#5(CEA7A127C8E8)	0.012	-1.289	-0.135	-45.105	21.851	-17.090	-88.55	0.18	60.80	41.356	69.286	18.228	0.52982	-0.63437	-0.30759	0.47131	24.0	13111	30
2025-5-17 10:47:51.715	WTBenchPress#5(CEA7A127C8E8)	-0.029	-1.023	-0.070	-5.920	5.676	-0.977	-89.26	-0.01	60.39	41.356	69.286	18.228	0.52982	-0.63437	-0.30759	0.47131	24.0	13111	30
2025-5-17 10:47:51.715	WTBenchPress#5(CEA7A127C8E8)	-0.013	-1.028	0.028	6.287	1.953	0.793	-89.32	0.03	60.27	41.356	69.286	18.228	0.61530	-0.60788	-0.35214	0.35742	24.0	13111	30
2025-5-17 10:47:51.744	WTBenchPress#5(CEA7A127C8E8)	-0.068	-1.034	0.063	2.075	27.466	-2.747	-89.23	0.08	60.07	41.356	69.286	18.228	0.61530	-0.60788	-0.35214	0.35742	24.0	13111	30
2025-5-17 10:47:51.744	WTBenchPress#5(CEA7A127C8E8)	-0.042	-1.043	0.016	3.052	33.203	2.991	-89.18	0.10	59.46	41.356	69.286	18.228	0.61530	-0.60788	-0.35214	0.35742	24.0	13111	30
2025-5-17 10:47:51.804	WTBenchPress#5(CEA7A127C8E8)	-0.090	-1.028	-0.010	-0.183	26.306	-2.686	-89.14	0.18	58.80	41.356	69.286	18.228	0.61530	-0.60788	-0.35214	0.35742	24.0	13111	30
2025-5-17 10:47:51.804	WTBenchPress#5(CEA7A127C8E8)	-0.071	-1.025	-0.021	0.854	32.593	-1.709	-89.14	0.18	58.23	41.356	69.286	18.228	0.61530	-0.60788	-0.35214	0.35742	24.0	13111	30
2025-5-17 10:47:51.835	WTBenchPress#5(CEA7A127C8E8)	-0.057	-1.030	-0.050	-2.075	36.133	-1.282	-89.15	0.19	57.54	41.356	69.286	18.228	0.61530	-0.60788	-0.35214	0.35742	24.0	13111	30
2025-5-17 10:47:51.835	WTBenchPress#5(CEA7A127C8E8)	-0.041	-1.034	-0.017	-1.831	40.955	0.244	-89.20	0.23	56.79	41.356	69.286	18.228	0.61530	-0.60788	-0.35214	0.35742	24.0	13111	30
2025-5-17 10:47:51.864	WTBenchPress#5(CEA7A127C8E8)	-0.014	-1.029	0.030	0.366	42.236	1.953	-89.25	0.29	55.97	41.356	69.286	18.228	0.61530	-0.60788	-0.35214	0.35742	24.0	13111	30
2025-5-17 10:47:51.865	WTBenchPress#5(CEA7A127C8E8)	-0.035	-1.029	0.027	5.066	43.213	-1.282	-89.21	0.35	55.12	41.356	69.286	18.228	0.61530	-0.60788	-0.35214	0.35742	24.0	13111	30
2025-5-17 10:47:51.925	WTBenchPress#5(CEA7A127C8E8)	-0.152	-1.024	0.072	2.014	32.715	-1.770	-89.15	0.36	54.37	41.356	69.286	18.228	0.61530	-0.60788	-0.35214	0.35742	24.0	13111	30
2025-5-17 10:47:51.926	WTBenchPress#5(CEA7A127C8E8)	-0.253	-1.030	0.076	0.244	31.799	-2.625	-89.13	0.35	53.72	41.356	69.286	18.228	0.61530	-0.60788	-0.35214	0.35742	24.0	13111	30
2025-5-17 10:47:51.955	WTBenchPress#5(CEA7A127C8E8)	-0.448	-1.029	0.013	2.625	8.728	2.441	-89.10	0.40	53.28	36.162	73.794	23.226	0.61530	-0.60788	-0.35214	0.35742	24.0	13111	30
2025-5-17 10:47:51.955	WTBenchPress#5(CEA7A127C8E8)	-0.351	-1.030	-0.127	1.038	-18.311	0.061	-89.06	0.49	53.32	36.162	73.794	23.226	0.61530	-0.60788	-0.35214	0.35742	24.0	13111	30
2025-5-17 10:47:52.15	WTBenchPress#5(CEA7A127C8E8)	0.018	-1.031	-0.020	3.174	-58.838	-3.357	-89.01	0.55	54.00	36.162	73.794	23.226	0.61530	-0.60788	-0.35214	0.35742	24.0	13111	30
2025-5-17 10:47:52.15	WTBenchPress#5(CEA7A127C8E8)	0.068	-1.027	0.099	-1.404	-70.862	1.282	-88.98	0.63	55.17	36.162	73.794	23.226	0.61530	-0.60788	-0.35214	0.35742	24.0	13111	30
2025-5-17 10:47:52.44	WTBenchPress#5(CEA7A127C8E8)	-0.009	-1.031	0.045	-0.244	-19.775	-0.183	-88.99	0.72	55.96	36.162	73.794	23.226	0.61530	-0.60788	-0.35214	0.35742	24.0	13111	30
2025-5-17 10:47:52.44	WTBenchPress#5(CEA7A127C8E8)	-0.046	-1.030	0.006	0.000	-0.061	0.000	-88.98	0.78	56.07	36.162	73.794	23.226	0.61530	-0.60788	-0.35214	0.35742	24.0	13111	30
2025-5-17 10:47:52.75	WTBenchPress#5(CEA7A127C8E8)	-0.036	-1.030	0.060	0.000	2.441	0.000	-88.98	0.83	55.98	36.162	73.794	23.226	0.61530	-0.60788	-0.35214	0.35742	24.0	13111	30
2025-5-17 10:47:52.75	WTBenchPress#5(CEA7A127C8E8)	0.036	-1.029	0.050	1.099	38.818	-0.305	-88.97	0.89	55.50	36.162	73.794	23.226	0.61530	-0.60788	-0.35214	0.35742	24.0	13111	30
2025-5-17 10:47:52.134	WTBenchPress#5(CEA7A127C8E8)	-0.026	-1.031	-0.083	0.244	7.507	-0.244	-88.96	0.93	54.99	36.162	73.794	23.226	0.61530	-0.60788	-0.35214	0.35742	24.0	13111	30
2025-5-17 10:47:52.134	WTBenchPress#5(CEA7A127C8E8)	-0.021	-1.031	0.019	0.000	-0.183	0.000	-88.96	0.96	54.90	36.162	73.794	23.226	0.61530	-0.60788	-0.35214	0.35742	24.0	13111	30
2025-5-17 10:47:52.165	WTBenchPress#5(CEA7A127C8E8)	-0.014	-1.029	0.014	0.061	0.000	0.000	-88.97	0.98	54.89	36.162	73.794	23.226	0.61530	-0.60788	-0.35214	0.35742	24.0	13111	30
2025-5-17 10:47:52.165	WTBenchPress#5(CEA7A127C8E8)	-0.019	-1.031	0.016	0.000	0.000	0.000	-88.97	0.99	54.88	36.162	73.794	23.226	0.63022	-0.62476	-0.31732	0.33420	24.0	13111	30
2025-5-17 10:47:52.195	WTBenchPress#5(CEA7A127C8E8)	-0.022	-1.029	0.016	0.000	-0.061	0.000	-88.97	1.01	54.88	36.162	73.794	23.226	0.63022	-0.62476	-0.31732	0.33420	24.0	13111	30
2025-5-17 10:47:52.195	WTBenchPress#5(CEA7A127C8E8)	-0.018	-1.030	0.015	0.000	0.000	0.000	-88.98	1.02	54.87	36.162	73.794	23.226	0.63022	-0.62476	-0.31732	0.33420	24.0	13111	30
2025-5-17 10:47:52.255	WTBenchPress#5(CEA7A127C8E8)	-0.016	-1.030	0.015	0.000	0.000	0.000	-88.98	1.03	54.87	36.162	73.794	23.226	0.63022	-0.62476	-0.31732	0.33420	24.0	13111	30
2025-5-17 10:47:52.256	WTBenchPress#5(CEA7A127C8E8)	-0.021	-1.030	0.015	0.000	0.000	0.000	-88.98	1.04	54.87	36.162	73.794	23.226	0.63022	-0.62476	-0.31732	0.33420	24.0	13111	30
2025-5-17 10:47:52.285	WTBenchPress#5(CEA7A127C8E8)	-0.019	-1.031	0.014	0.000	0.000	0.000	-88.99	1.04	54.87	36.162	73.794	23.226	0.63022	-0.62476	-0.31732	0.33420	24.0	13111	30
2025-5-17 10:47:52.285	WTBenchPress#5(CEA7A127C8E8)	-0.017	-1.030	0.015	0.000	0.000	0.000	-88.99	1.05	54.87	36.162	73.794	23.226	0.63022	-0.62476	-0.31732	0.33420	24.0	13111	30
2025-5-17 10:47:52.315	WTBenchPress#5(CEA7A127C8E8)	-0.019	-1.030	0.016	0.000	0.000	0.000	-88.99	1.05	54.87	36.162	73.794	23.226	0.63022	-0.62476	-0.31732	0.33420	24.0	13111	30
2025-5-17 10:47:52.315	WTBenchPress#5(CEA7A127C8E8)	-0.021	-1.030	0.016	0.000	0.000	0.000	-88.99	1.05	54.87	36.456	73.794	23.422	0.63022	-0.62476	-0.31732	0.33420	24.0	13111	30
2025-5-17 10:47:52.375	WTBenchPress#5(CEA7A127C8E8)	-0.018	-1.030	0.015	0.000	0.000	0.000	-89.00	1.06	54.87	36.456	73.794	23.422	0.63022	-0.62476	-0.31732	0.33420	24.0	13111	30
2025-5-17 10:47:52.375	WTBenchPress#5(CEA7A127C8E8)	-0.019	-1.030	0.015	0.000	0.000	0.000	-89.00	1.06	54.88	36.456	73.794	23.422	0.63022	-0.62476	-0.31732	0.33420	24.0	13111	30
2025-5-17 10:47:52.404	WTBenchPress#5(CEA7A127C8E8)	-0.020	-1.031	0.015	0.000	0.000	0.000	-89.00	1.06	54.88	36.456	73.794	23.422	0.63022	-0.62476	-0.31732	0.33420	24.0	13111	30
2025-5-17 10:47:52.405	WTBenchPress#5(CEA7A127C8E8)	-0.019	-1.029	0.015	0.000	0.000	0.000	-89.01	1.07	54.88	36.456	73.794	23.422	0.63022	-0.62476	-0.31732	0.33420	24.0	13111	30
2025-5-17 10:47:52.434	WTBenchPress#5(CEA7A127C8E8)	-0.017	-1.030	0.015	0.000	0.000	0.000	-89.01	1.07	54.88	36.456	73.794	23.422	0.63022	-0.62476	-0.31732	0.33420	24.0	13111	30
2025-5-17 10:47:52.434	WTBenchPress#5(CEA7A127C8E8)	-0.020	-1.030	0.016	0.000	0.000	0.000	-89.01	1.07	54.89	36.456	73.794	23.422	0.63022	-0.62476	-0.31732	0.33420	24.0	13111	30
2025-5-17 10:47:52.496	WTBenchPress#5(CEA7A127C8E8)	-0.019	-1.030	0.015	0.000	0.000	0.000	-89.01	1.07	54.89	36.456	73.794	23.422	0.63022	-0.62476	-0.31732	0.33420	24.0	13111	30
2025-5-17 10:47:52.496	WTBenchPress#5(CEA7A127C8E8)	-0.018	-1.030	0.015	0.000	0.000	0.000	-89.01	1.07	54.89	36.456	73.794	23.422	0.63022	-0.62476	-0.31732	0.33420	24.0	13111	30
2025-5-17 10:47:52.525	WTBenchPress#5(CEA7A127C8E8)	-0.018	-1.030	0.015	0.000	0.000	0.000	-89.01	1.07	54.90	36.456	73.794	23.422	0.63022	-0.62476	-0.31732	0.33420	24.0	13111	30
2025-5-17 10:47:52.525	WTBenchPress#5(CEA7A127C8E8)	-0.020	-1.030	0.015	0.000	0.000	0.000	-89.02	1.07	54.90	36.456	73.794	23.422	0.62976	-0.62509	-0.31723	0.33453	24.0	13111	30
2025-5-17 10:47:52.554	WTBenchPress#5(CEA7A127C8E8)	-0.019	-1.030	0.015	0.000	0.000	0.000	-89.02	1.07	54.90	36.456	73.794	23.422	0.62976	-0.62509	-0.31723	0.33453	24.0	13111	30
2025-5-17 10:47:52.554	WTBenchPress#5(CEA7A127C8E8)	-0.018	-1.030	0.016	0.000	0.000	0.000	-89.02	1.07	54.91	36.456	73.794	23.422	0.62976	-0.62509	-0.31723	0.33453	24.0	13111	30
2025-5-17 10:47:52.615	WTBenchPress#5(CEA7A127C8E8)	-0.019	-1.030	0.016	0.061	0.000	0.000	-89.02	1.07	54.91	36.456	73.794	23.422	0.62976	-0.62509	-0.31723	0.33453	24.0	13111	30
2025-5-17 10:47:52.615	WTBenchPress#5(CEA7A127C8E8)	-0.019	-1.030	0.015	0.000	0.000	0.000	-89.02	1.07	54.92	36.456	73.794	23.422	0.62976	-0.62509	-0.31723	0.33453	24.0	13111	30
