time	DeviceName	AccX(g)	AccY(g)	AccZ(g)	AsX(°/s)	AsY(°/s)	AsZ(°/s)	AngleX(°)	AngleY(°)	AngleZ(°)	HX(uT)	HY(uT)	HZ(uT)	Q0()	Q1()	Q2()	Q3()	Temperature(°C)	Version()	Battery level(%)
2025-5-17 10:32:39.277	WTBenchPress#5(CEA7A127C8E8)	-0.018	-1.030	0.017	1.099	5.310	-0.061	-89.13	1.04	59.63	34.496	74.578	18.522	0.61557	-0.61301	-0.34180	0.35822	24.2	13111	30
2025-5-17 10:32:39.277	WTBenchPress#5(CEA7A127C8E8)	-0.018	-1.030	0.021	0.488	17.822	0.000	-89.11	1.05	59.45	34.496	74.578	18.522	0.61557	-0.61301	-0.34180	0.35822	24.2	13111	30
2025-5-17 10:32:39.308	WTBenchPress#5(CEA7A127C8E8)	-0.019	-1.030	0.016	-0.061	16.785	-0.183	-89.11	1.05	59.09	34.496	74.578	18.522	0.61557	-0.61301	-0.34180	0.35822	24.2	13111	30
2025-5-17 10:32:39.308	WTBenchPress#5(CEA7A127C8E8)	-0.017	-1.031	0.013	-0.244	14.526	-0.244	-89.12	1.05	58.77	34.496	74.578	18.522	0.61557	-0.61301	-0.34180	0.35822	24.2	13111	30
2025-5-17 10:32:39.369	WTBenchPress#5(CEA7A127C8E8)	-0.017	-1.029	0.010	-0.061	6.592	0.000	-89.13	1.05	58.56	34.496	74.578	18.522	0.61557	-0.61301	-0.34180	0.35822	24.2	13111	30
2025-5-17 10:32:39.369	WTBenchPress#5(CEA7A127C8E8)	-0.018	-1.030	0.006	0.122	2.258	0.061	-89.13	1.05	58.47	34.496	74.578	18.522	0.61557	-0.61301	-0.34180	0.35822	24.2	13111	30
2025-5-17 10:32:39.398	WTBenchPress#5(CEA7A127C8E8)	-0.032	-1.030	-0.006	-0.244	16.235	-0.427	-89.13	1.05	58.29	33.810	74.676	18.914	0.61557	-0.61301	-0.34180	0.35822	24.2	13111	30
2025-5-17 10:32:39.398	WTBenchPress#5(CEA7A127C8E8)	-0.034	-1.031	0.024	-2.808	23.987	-0.427	-89.18	1.05	57.90	33.810	74.676	18.914	0.61557	-0.61301	-0.34180	0.35822	24.2	13111	30
2025-5-17 10:32:39.428	WTBenchPress#5(CEA7A127C8E8)	0.005	-1.030	0.036	-3.479	41.992	0.000	-89.25	1.06	57.25	33.810	74.676	18.914	0.61557	-0.61301	-0.34180	0.35822	24.2	13111	30
2025-5-17 10:32:39.428	WTBenchPress#5(CEA7A127C8E8)	-0.016	-1.030	0.013	0.793	27.466	-0.061	-89.29	1.07	56.56	33.810	74.676	18.914	0.61557	-0.61301	-0.34180	0.35822	24.2	13111	30
2025-5-17 10:32:39.488	WTBenchPress#5(CEA7A127C8E8)	-0.047	-1.032	-0.031	3.845	5.188	-0.366	-89.25	1.07	56.26	33.810	74.676	18.914	0.61557	-0.61301	-0.34180	0.35822	24.2	13111	30
2025-5-17 10:32:39.488	WTBenchPress#5(CEA7A127C8E8)	-0.068	-1.030	0.036	2.197	1.038	0.061	-89.19	1.07	56.22	33.810	74.676	18.914	0.61557	-0.61301	-0.34180	0.35822	24.2	13111	30
2025-5-17 10:32:39.518	WTBenchPress#5(CEA7A127C8E8)	-0.097	-1.036	-0.077	4.883	-3.357	6.897	-89.13	1.14	56.27	33.810	74.676	18.914	0.61557	-0.61301	-0.34180	0.35822	24.2	13111	30
2025-5-17 10:32:39.518	WTBenchPress#5(CEA7A127C8E8)	-0.057	-1.162	0.025	-27.893	19.104	18.005	-89.37	1.40	56.13	33.810	74.676	18.914	0.61557	-0.61301	-0.34180	0.35822	24.2	13111	30
2025-5-17 10:32:39.555	WTBenchPress#5(CEA7A127C8E8)	-0.023	-1.224	-0.034	-44.617	4.150	-31.738	-90.10	1.27	55.91	33.810	74.676	18.914	0.61557	-0.61301	-0.34180	0.35822	24.2	13111	30
2025-5-17 10:32:39.555	WTBenchPress#5(CEA7A127C8E8)	0.099	-3.199	0.239	-2.747	1.465	-23.743	-90.57	0.73	55.87	33.810	74.676	18.914	0.61557	-0.61301	-0.34180	0.35822	24.2	13111	30
2025-5-17 10:32:39.608	WTBenchPress#5(CEA7A127C8E8)	-0.001	-1.908	0.391	59.998	-12.756	-18.066	-89.97	0.32	55.96	33.810	74.676	18.914	0.62891	-0.61951	-0.32886	0.33530	24.2	13111	30
2025-5-17 10:32:39.608	WTBenchPress#5(CEA7A127C8E8)	0.010	-2.073	0.199	50.598	5.188	-8.850	-88.82	0.06	55.99	33.810	74.676	18.914	0.62891	-0.61951	-0.32886	0.33530	24.2	13111	30
2025-5-17 10:32:39.638	WTBenchPress#5(CEA7A127C8E8)	-0.022	-2.032	0.062	79.529	-0.549	6.165	-87.49	0.04	55.89	33.810	74.676	18.914	0.62891	-0.61951	-0.32886	0.33530	24.2	13111	30
2025-5-17 10:32:39.638	WTBenchPress#5(CEA7A127C8E8)	-0.013	-2.096	0.080	68.542	1.770	36.438	-86.01	0.46	55.88	33.810	74.676	18.914	0.62891	-0.61951	-0.32886	0.33530	24.2	13111	30
2025-5-17 10:32:39.670	WTBenchPress#5(CEA7A127C8E8)	0.014	-1.929	0.036	74.097	-7.813	51.575	-84.59	1.33	55.98	33.810	74.676	18.914	0.62891	-0.61951	-0.32886	0.33530	24.2	13111	30
2025-5-17 10:32:39.670	WTBenchPress#5(CEA7A127C8E8)	0.010	-1.678	-0.019	98.511	2.808	72.876	-82.91	2.54	56.15	33.810	74.676	18.914	0.62891	-0.61951	-0.32886	0.33530	24.2	13111	30
2025-5-17 10:32:39.728	WTBenchPress#5(CEA7A127C8E8)	-0.020	-1.543	0.011	145.081	5.432	66.223	-80.54	3.89	56.26	33.810	74.676	18.914	0.62891	-0.61951	-0.32886	0.33530	24.2	13111	30
2025-5-17 10:32:39.728	WTBenchPress#5(CEA7A127C8E8)	-0.063	-1.405	-0.029	173.279	16.968	82.703	-77.46	5.34	56.35	33.810	74.676	18.914	0.62891	-0.61951	-0.32886	0.33530	24.2	13111	30
2025-5-17 10:32:39.759	WTBenchPress#5(CEA7A127C8E8)	-0.082	-1.271	-0.052	178.894	14.221	92.163	-74.08	7.03	56.53	33.810	74.676	18.914	0.62891	-0.61951	-0.32886	0.33530	24.2	13111	30
2025-5-17 10:32:39.759	WTBenchPress#5(CEA7A127C8E8)	-0.060	-1.072	-0.100	157.043	21.912	112.427	-70.99	9.10	56.88	33.810	74.676	18.914	0.62891	-0.61951	-0.32886	0.33530	24.2	13111	30
2025-5-17 10:32:39.788	WTBenchPress#5(CEA7A127C8E8)	-0.089	-0.849	-0.104	142.151	7.629	125.366	-68.19	11.33	57.65	33.810	74.676	18.914	0.62891	-0.61951	-0.32886	0.33530	24.2	13111	30
2025-5-17 10:32:39.788	WTBenchPress#5(CEA7A127C8E8)	-0.098	-0.611	-0.137	131.226	-13.794	129.333	-65.53	13.45	58.99	43.708	74.774	12.446	0.62891	-0.61951	-0.32886	0.33530	24.2	13111	30
2025-5-17 10:32:39.848	WTBenchPress#5(CEA7A127C8E8)	-0.101	-0.420	-0.072	106.506	-18.494	132.080	-63.21	15.47	60.66	43.708	74.774	12.446	0.62891	-0.61951	-0.32886	0.33530	24.2	13111	30
2025-5-17 10:32:39.848	WTBenchPress#5(CEA7A127C8E8)	-0.079	-0.225	0.019	81.848	-28.748	134.644	-61.28	17.39	62.61	43.708	74.774	12.446	0.62891	-0.61951	-0.32886	0.33530	24.2	13111	30
2025-5-17 10:32:39.878	WTBenchPress#5(CEA7A127C8E8)	-0.035	0.015	0.119	52.246	-35.461	127.869	-59.82	19.09	64.72	43.708	74.774	12.446	0.62891	-0.61951	-0.32886	0.33530	24.2	13111	30
2025-5-17 10:32:39.878	WTBenchPress#5(CEA7A127C8E8)	0.030	0.191	0.264	23.621	-38.147	106.506	-58.90	20.43	66.71	43.708	74.774	12.446	0.62891	-0.61951	-0.32886	0.33530	24.2	13111	30
2025-5-17 10:32:39.907	WTBenchPress#5(CEA7A127C8E8)	0.010	0.316	0.348	6.042	-44.922	72.144	-58.38	21.17	68.40	43.708	74.774	12.446	0.62891	-0.61951	-0.32886	0.33530	24.2	13111	30
2025-5-17 10:32:39.907	WTBenchPress#5(CEA7A127C8E8)	0.019	0.304	0.428	-1.831	-29.175	28.137	-58.18	21.31	69.28	43.708	74.774	12.446	0.62891	-0.61951	-0.32886	0.33530	24.2	13111	30
2025-5-17 10:32:39.968	WTBenchPress#5(CEA7A127C8E8)	-0.013	0.224	0.490	-12.085	-15.137	2.563	-58.20	21.07	69.44	43.708	74.774	12.446	0.62891	-0.61951	-0.32886	0.33530	24.2	13111	30
2025-5-17 10:32:39.968	WTBenchPress#5(CEA7A127C8E8)	-0.027	0.167	0.502	-16.724	3.418	-9.216	-58.31	20.69	69.08	43.708	74.774	12.446	0.62891	-0.61951	-0.32886	0.33530	24.2	13111	30
2025-5-17 10:32:39.998	WTBenchPress#5(CEA7A127C8E8)	-0.003	0.208	0.483	-34.180	15.869	-11.658	-58.63	20.34	68.42	43.708	74.774	12.446	0.66107	-0.48511	-0.14362	0.55402	24.2	13111	30
2025-5-17 10:32:39.998	WTBenchPress#5(CEA7A127C8E8)	-0.015	0.312	0.431	-51.819	23.682	-25.146	-59.25	19.86	67.53	43.708	74.774	12.446	0.66107	-0.48511	-0.14362	0.55402	24.2	13111	30
2025-5-17 10:32:40.27	WTBenchPress#5(CEA7A127C8E8)	-0.040	0.297	0.375	-81.299	37.476	-50.537	-60.40	19.10	66.23	43.708	74.774	12.446	0.66107	-0.48511	-0.14362	0.55402	24.2	13111	30
2025-5-17 10:32:40.28	WTBenchPress#5(CEA7A127C8E8)	-0.068	0.127	0.313	-107.971	43.762	-71.167	-62.12	18.02	64.62	43.708	74.774	12.446	0.66107	-0.48511	-0.14362	0.55402	24.2	13111	30
2025-5-17 10:32:40.118	WTBenchPress#5(CEA7A127C8E8)	-0.093	-0.071	0.204	-132.568	54.565	-87.341	-64.37	16.69	62.71	43.708	74.774	12.446	0.66107	-0.48511	-0.14362	0.55402	24.2	13111	30
2025-5-17 10:32:40.118	WTBenchPress#5(CEA7A127C8E8)	-0.101	-0.274	0.100	-146.606	65.002	-94.971	-67.01	15.25	60.55	43.708	74.774	12.446	0.66107	-0.48511	-0.14362	0.55402	24.2	13111	30
2025-5-17 10:32:40.119	WTBenchPress#5(CEA7A127C8E8)	-0.097	-0.442	-0.084	-137.573	54.077	-99.792	-69.62	13.66	58.46	43.708	74.774	12.446	0.66107	-0.48511	-0.14362	0.55402	24.2	13111	30
2025-5-17 10:32:40.119	WTBenchPress#5(CEA7A127C8E8)	-0.116	-0.688	-0.214	-125.671	55.603	-100.342	-72.20	12.05	56.43	43.708	74.774	12.446	0.66107	-0.48511	-0.14362	0.55402	24.2	13111	30
2025-5-17 10:32:40.154	WTBenchPress#5(CEA7A127C8E8)	-0.187	-0.995	-0.247	-128.113	51.880	-125.916	-75.00	10.07	54.51	43.708	74.774	12.446	0.66107	-0.48511	-0.14362	0.55402	24.2	13111	30
2025-5-17 10:32:40.155	WTBenchPress#5(CEA7A127C8E8)	-0.184	-1.392	-0.277	-129.211	37.720	-114.197	-77.90	8.01	53.14	43.708	74.774	12.446	0.66107	-0.48511	-0.14362	0.55402	24.2	13111	30
2025-5-17 10:32:40.208	WTBenchPress#5(CEA7A127C8E8)	-0.149	-1.563	-0.235	-108.887	21.362	-95.154	-80.32	6.23	52.47	42.728	72.422	20.482	0.66107	-0.48511	-0.14362	0.55402	24.2	13111	30
2025-5-17 10:32:40.208	WTBenchPress#5(CEA7A127C8E8)	-0.227	-1.641	-0.190	-125.122	16.235	-82.764	-83.02	4.66	52.05	42.728	72.422	20.482	0.66107	-0.48511	-0.14362	0.55402	24.2	13111	30
2025-5-17 10:32:40.238	WTBenchPress#5(CEA7A127C8E8)	-0.175	-1.842	-0.119	-149.048	18.555	-54.932	-86.14	3.63	51.70	42.728	72.422	20.482	0.66107	-0.48511	-0.14362	0.55402	24.2	13111	30
2025-5-17 10:32:40.238	WTBenchPress#5(CEA7A127C8E8)	-0.088	-1.764	-0.066	-147.400	29.480	-35.217	-89.20	2.99	51.16	42.728	72.422	20.482	0.66107	-0.48511	-0.14362	0.55402	24.2	13111	30
2025-5-17 10:32:40.268	WTBenchPress#5(CEA7A127C8E8)	-0.045	-1.680	-0.037	-64.453	23.010	-53.406	-90.55	1.97	50.76	42.728	72.422	20.482	0.66107	-0.48511	-0.14362	0.55402	24.2	13111	30
2025-5-17 10:32:40.268	WTBenchPress#5(CEA7A127C8E8)	-0.144	-1.664	-0.073	10.620	-4.456	-89.966	-90.36	0.23	50.92	42.728	72.422	20.482	0.66107	-0.48511	-0.14362	0.55402	24.2	13111	30
2025-5-17 10:32:40.328	WTBenchPress#5(CEA7A127C8E8)	-0.152	-1.975	-0.116	27.527	-18.799	-88.684	-89.86	-1.48	51.34	42.728	72.422	20.482	0.66107	-0.48511	-0.14362	0.55402	24.2	13111	30
2025-5-17 10:32:40.328	WTBenchPress#5(CEA7A127C8E8)	-0.045	-2.215	0.053	-27.100	-11.658	-36.621	-90.43	-2.13	51.60	42.728	72.422	20.482	0.66107	-0.48511	-0.14362	0.55402	24.2	13111	30
2025-5-17 10:32:40.359	WTBenchPress#5(CEA7A127C8E8)	0.051	-1.957	0.178	-74.524	10.071	9.094	-91.91	-1.88	51.38	42.728	72.422	20.482	0.66107	-0.48511	-0.14362	0.55402	24.2	13111	30
2025-5-17 10:32:40.359	WTBenchPress#5(CEA7A127C8E8)	0.040	-1.562	0.179	-59.265	22.095	17.517	-93.04	-1.49	50.89	42.728	72.422	20.482	0.66107	-0.48511	-0.14362	0.55402	24.2	13111	30
2025-5-17 10:32:40.419	WTBenchPress#5(CEA7A127C8E8)	-0.074	-1.402	0.022	-13.000	16.785	-4.883	-93.24	-1.57	50.54	42.728	72.422	20.482	0.66107	-0.48511	-0.14362	0.55402	24.2	13111	30
2025-5-17 10:32:40.419	WTBenchPress#5(CEA7A127C8E8)	-0.141	-1.720	-0.099	60.425	-9.949	-17.212	-92.01	-1.85	50.73	42.728	72.422	20.482	0.63251	-0.64508	-0.31830	0.28702	24.2	13111	30
2025-5-17 10:32:40.455	WTBenchPress#5(CEA7A127C8E8)	-0.035	-2.061	-0.075	60.974	-16.479	11.902	-90.79	-1.55	51.05	42.728	72.422	20.482	0.63251	-0.64508	-0.31830	0.28702	24.2	13111	30
2025-5-17 10:32:40.455	WTBenchPress#5(CEA7A127C8E8)	-0.001	-2.095	0.121	35.522	-3.845	49.072	-90.07	-0.53	51.10	42.728	72.422	20.482	0.63251	-0.64508	-0.31830	0.28702	24.2	13111	30
2025-5-17 10:32:40.477	WTBenchPress#5(CEA7A127C8E8)	-0.075	-1.959	0.125	45.105	6.042	64.331	-89.16	0.77	50.98	42.728	72.422	20.482	0.63251	-0.64508	-0.31830	0.28702	24.2	13111	30
2025-5-17 10:32:40.477	WTBenchPress#5(CEA7A127C8E8)	-0.177	-2.000	0.046	89.783	-1.953	64.453	-87.37	2.05	51.06	42.728	72.422	20.482	0.63251	-0.64508	-0.31830	0.28702	24.2	13111	30
2025-5-17 10:32:40.508	WTBenchPress#5(CEA7A127C8E8)	-0.170	-2.014	-0.137	112.305	-7.446	86.548	-85.16	3.76	51.33	42.728	72.422	20.482	0.63251	-0.64508	-0.31830	0.28702	24.2	13111	30
2025-5-17 10:32:40.508	WTBenchPress#5(CEA7A127C8E8)	-0.143	-1.896	-0.195	141.968	-16.541	113.708	-82.35	5.96	51.95	42.728	72.422	20.482	0.63251	-0.64508	-0.31830	0.28702	24.2	13111	30
2025-5-17 10:32:40.569	WTBenchPress#5(CEA7A127C8E8)	-0.128	-1.654	-0.186	143.433	-9.827	132.874	-79.54	8.49	52.63	42.728	72.422	20.482	0.63251	-0.64508	-0.31830	0.28702	24.2	13111	30
2025-5-17 10:32:40.569	WTBenchPress#5(CEA7A127C8E8)	-0.147	-1.350	-0.265	139.099	-13.184	141.663	-76.78	11.12	53.59	42.728	72.422	20.482	0.63251	-0.64508	-0.31830	0.28702	24.2	13111	30
2025-5-17 10:32:40.600	WTBenchPress#5(CEA7A127C8E8)	-0.145	-0.947	-0.309	167.603	-33.447	150.696	-73.59	13.72	54.99	42.728	72.422	20.482	0.63251	-0.64508	-0.31830	0.28702	24.2	13111	30
2025-5-17 10:32:40.600	WTBenchPress#5(CEA7A127C8E8)	-0.122	-0.737	-0.282	172.180	-40.955	148.621	-70.06	16.18	56.82	46.060	72.226	18.032	0.63251	-0.64508	-0.31830	0.28702	24.2	13111	30
2025-5-17 10:32:40.657	WTBenchPress#5(CEA7A127C8E8)	-0.120	-0.458	-0.222	165.039	-42.358	143.311	-66.40	18.40	58.97	46.060	72.226	18.032	0.63251	-0.64508	-0.31830	0.28702	24.2	13111	30
2025-5-17 10:32:40.658	WTBenchPress#5(CEA7A127C8E8)	-0.077	-0.222	-0.100	116.577	-36.255	136.230	-63.03	20.37	61.28	46.060	72.226	18.032	0.63251	-0.64508	-0.31830	0.28702	24.2	13111	30
2025-5-17 10:32:40.688	WTBenchPress#5(CEA7A127C8E8)	-0.059	0.047	0.024	76.660	-37.415	120.117	-60.57	22.09	63.55	46.060	72.226	18.032	0.63251	-0.64508	-0.31830	0.28702	24.2	13111	30
2025-5-17 10:32:40.688	WTBenchPress#5(CEA7A127C8E8)	-0.055	0.215	0.150	62.866	-43.030	88.257	-58.79	23.37	65.74	46.060	72.226	18.032	0.63251	-0.64508	-0.31830	0.28702	24.2	13111	30
2025-5-17 10:32:40.718	WTBenchPress#5(CEA7A127C8E8)	-0.067	0.270	0.290	58.899	-39.551	53.467	-57.31	24.02	67.64	46.060	72.226	18.032	0.63251	-0.64508	-0.31830	0.28702	24.2	13111	30
2025-5-17 10:32:40.718	WTBenchPress#5(CEA7A127C8E8)	-0.054	0.244	0.364	51.819	-30.579	27.832	-56.07	24.20	68.99	46.060	72.226	18.032	0.63251	-0.64508	-0.31830	0.28702	24.2	13111	30
2025-5-17 10:32:40.778	WTBenchPress#5(CEA7A127C8E8)	-0.061	0.272	0.410	28.320	-14.954	6.592	-55.17	24.16	69.69	46.060	72.226	18.032	0.63251	-0.64508	-0.31830	0.28702	24.2	13111	30
2025-5-17 10:32:40.778	WTBenchPress#5(CEA7A127C8E8)	-0.072	0.285	0.430	-9.766	-0.977	-11.719	-54.83	24.01	69.63	46.060	72.226	18.032	0.63251	-0.64508	-0.31830	0.28702	24.2	13111	30
2025-5-17 10:32:40.808	WTBenchPress#5(CEA7A127C8E8)	-0.052	0.280	0.415	-54.932	8.362	-19.043	-55.16	23.70	69.05	46.060	72.226	18.032	0.66107	-0.47763	-0.10773	0.56845	24.2	13111	30
2025-5-17 10:32:40.808	WTBenchPress#5(CEA7A127C8E8)	-0.028	0.302	0.426	-98.816	16.418	-28.442	-56.21	23.30	68.26	46.060	72.226	18.032	0.66107	-0.47763	-0.10773	0.56845	24.2	13111	30
2025-5-17 10:32:40.838	WTBenchPress#5(CEA7A127C8E8)	-0.013	0.284	0.479	-106.934	22.644	-46.570	-57.86	22.72	67.29	46.060	72.226	18.032	0.66107	-0.47763	-0.10773	0.56845	24.2	13111	30
2025-5-17 10:32:40.838	WTBenchPress#5(CEA7A127C8E8)	-0.038	0.185	0.500	-99.060	31.982	-72.571	-59.60	21.81	66.06	46.060	72.226	18.032	0.66107	-0.47763	-0.10773	0.56845	24.2	13111	30
2025-5-17 10:32:40.898	WTBenchPress#5(CEA7A127C8E8)	-0.049	0.079	0.354	-88.928	39.856	-93.994	-61.23	20.52	64.47	46.060	72.226	18.032	0.66107	-0.47763	-0.10773	0.56845	24.2	13111	30
2025-5-17 10:32:40.898	WTBenchPress#5(CEA7A127C8E8)	-0.064	-0.045	0.215	-93.201	39.795	-116.882	-62.78	18.88	62.61	46.060	72.226	18.032	0.66107	-0.47763	-0.10773	0.56845	24.2	13111	30
2025-5-17 10:32:40.927	WTBenchPress#5(CEA7A127C8E8)	-0.025	-0.215	0.067	-103.149	37.964	-129.211	-64.44	16.85	60.61	46.060	72.226	18.032	0.66107	-0.47763	-0.10773	0.56845	24.2	13111	30
2025-5-17 10:32:40.927	WTBenchPress#5(CEA7A127C8E8)	-0.021	-0.388	0.019	-133.179	43.030	-140.320	-66.41	14.59	58.55	46.060	72.226	18.032	0.66107	-0.47763	-0.10773	0.56845	24.2	13111	30
2025-5-17 10:32:40.959	WTBenchPress#5(CEA7A127C8E8)	-0.100	-0.694	-0.063	-134.155	42.236	-146.301	-68.92	12.16	56.39	46.060	72.226	18.032	0.66107	-0.47763	-0.10773	0.56845	24.2	13111	30
2025-5-17 10:32:40.959	WTBenchPress#5(CEA7A127C8E8)	-0.073	-1.064	-0.245	-134.827	38.208	-142.029	-71.63	9.64	54.37	46.060	72.226	18.032	0.66107	-0.47763	-0.10773	0.56845	24.2	13111	30
2025-5-17 10:32:41.19	WTBenchPress#5(CEA7A127C8E8)	-0.061	-1.229	-0.284	-126.465	23.560	-137.695	-74.49	7.15	52.77	45.276	72.226	18.718	0.66107	-0.47763	-0.10773	0.56845	24.2	13111	30
2025-5-17 10:32:41.19	WTBenchPress#5(CEA7A127C8E8)	-0.110	-1.461	-0.231	-99.121	12.634	-141.724	-76.97	4.54	51.80	45.276	72.226	18.718	0.66107	-0.47763	-0.10773	0.56845	24.2	13111	30
2025-5-17 10:32:41.51	WTBenchPress#5(CEA7A127C8E8)	-0.131	-1.780	-0.190	-95.093	2.930	-130.432	-79.11	1.92	51.22	45.276	72.226	18.718	0.66107	-0.47763	-0.10773	0.56845	24.2	13111	30
2025-5-17 10:32:41.51	WTBenchPress#5(CEA7A127C8E8)	-0.099	-2.024	-0.081	-87.646	-4.456	-94.727	-81.10	-0.27	51.00	45.276	72.226	18.718	0.66107	-0.47763	-0.10773	0.56845	24.2	13111	30
2025-5-17 10:32:41.77	WTBenchPress#5(CEA7A127C8E8)	-0.046	-1.923	-0.028	-92.590	-1.465	-68.481	-83.02	-1.84	50.96	45.276	72.226	18.718	0.66107	-0.47763	-0.10773	0.56845	24.2	13111	30
2025-5-17 10:32:41.78	WTBenchPress#5(CEA7A127C8E8)	-0.022	-1.807	0.018	-88.684	0.427	-60.852	-84.93	-3.05	50.93	45.276	72.226	18.718	0.66107	-0.47763	-0.10773	0.56845	24.2	13111	30
2025-5-17 10:32:41.138	WTBenchPress#5(CEA7A127C8E8)	-0.078	-1.801	-0.013	-58.838	-3.235	-68.604	-86.47	-4.27	50.93	45.276	72.226	18.718	0.66107	-0.47763	-0.10773	0.56845	24.2	13111	30
2025-5-17 10:32:41.138	WTBenchPress#5(CEA7A127C8E8)	-0.029	-2.006	0.008	-41.626	-6.409	-44.739	-87.53	-5.32	51.02	45.276	72.226	18.718	0.66107	-0.47763	-0.10773	0.56845	24.2	13111	30
2025-5-17 10:32:41.169	WTBenchPress#5(CEA7A127C8E8)	0.017	-1.910	0.115	-52.124	2.991	-4.517	-88.50	-5.71	51.06	45.276	72.226	18.718	0.66107	-0.47763	-0.10773	0.56845	24.2	13111	30
2025-5-17 10:32:41.169	WTBenchPress#5(CEA7A127C8E8)	0.010	-1.579	0.054	-28.809	5.798	6.958	-89.31	-5.59	50.99	45.276	72.226	18.718	0.66107	-0.47763	-0.10773	0.56845	24.2	13111	30
2025-5-17 10:32:41.198	WTBenchPress#5(CEA7A127C8E8)	-0.050	-1.458	0.004	-6.409	4.028	-4.272	-89.65	-5.48	50.89	45.276	72.226	18.718	0.66107	-0.47763	-0.10773	0.56845	24.2	13111	30
2025-5-17 10:32:41.198	WTBenchPress#5(CEA7A127C8E8)	-0.121	-1.595	-0.086	11.414	-2.258	-13.245	-89.60	-5.57	50.88	45.276	72.226	18.718	0.65503	-0.62027	-0.33368	0.27344	24.2	13111	30
2025-5-17 10:32:41.257	WTBenchPress#5(CEA7A127C8E8)	-0.066	-1.933	-0.096	17.395	-6.653	5.249	-89.34	-5.56	50.98	45.276	72.226	18.718	0.65503	-0.62027	-0.33368	0.27344	24.2	13111	30
2025-5-17 10:32:41.257	WTBenchPress#5(CEA7A127C8E8)	-0.046	-2.121	0.080	18.494	-4.089	34.424	-89.01	-5.09	51.10	45.276	72.226	18.718	0.65503	-0.62027	-0.33368	0.27344	24.2	13111	30
2025-5-17 10:32:41.288	WTBenchPress#5(CEA7A127C8E8)	-0.109	-2.214	0.160	62.439	-2.014	48.889	-88.22	-4.17	51.18	45.276	72.226	18.718	0.65503	-0.62027	-0.33368	0.27344	24.2	13111	30
2025-5-17 10:32:41.288	WTBenchPress#5(CEA7A127C8E8)	-0.181	-2.305	0.059	101.501	-4.211	66.406	-86.61	-2.97	51.30	45.276	72.226	18.718	0.65503	-0.62027	-0.33368	0.27344	24.2	13111	30
2025-5-17 10:32:41.318	WTBenchPress#5(CEA7A127C8E8)	-0.173	-2.273	-0.140	92.041	0.427	102.295	-84.73	-1.24	51.47	45.276	72.226	18.718	0.65503	-0.62027	-0.33368	0.27344	24.2	13111	30
2025-5-17 10:32:41.318	WTBenchPress#5(CEA7A127C8E8)	-0.157	-2.113	-0.210	84.412	1.282	134.766	-83.05	1.14	51.73	45.276	72.226	18.718	0.65503	-0.62027	-0.33368	0.27344	24.2	13111	30
2025-5-17 10:32:41.378	WTBenchPress#5(CEA7A127C8E8)	-0.123	-1.929	-0.251	114.258	-6.226	155.457	-81.15	4.00	52.22	45.276	72.226	18.718	0.65503	-0.62027	-0.33368	0.27344	24.2	13111	30
2025-5-17 10:32:41.378	WTBenchPress#5(CEA7A127C8E8)	-0.104	-1.610	-0.344	142.395	-18.311	169.250	-78.65	7.12	53.12	45.276	72.226	18.718	0.65503	-0.62027	-0.33368	0.27344	24.2	13111	30
2025-5-17 10:32:41.407	WTBenchPress#5(CEA7A127C8E8)	-0.072	-1.243	-0.379	158.081	-29.968	175.659	-75.66	10.28	54.49	42.630	72.128	22.148	0.65503	-0.62027	-0.33368	0.27344	24.2	13111	30
2025-5-17 10:32:41.407	WTBenchPress#5(CEA7A127C8E8)	-0.071	-0.933	-0.301	159.790	-39.673	174.072	-72.38	13.32	56.32	42.630	72.128	22.148	0.65503	-0.62027	-0.33368	0.27344	24.2	13111	30
2025-5-17 10:32:41.438	WTBenchPress#5(CEA7A127C8E8)	-0.077	-0.663	-0.229	161.133	-45.715	166.016	-68.96	16.01	58.51	42.630	72.128	22.148	0.65503	-0.62027	-0.33368	0.27344	24.2	13111	30
2025-5-17 10:32:41.438	WTBenchPress#5(CEA7A127C8E8)	-0.081	-0.453	-0.157	151.917	-49.011	151.855	-65.57	18.29	60.90	42.630	72.128	22.148	0.65503	-0.62027	-0.33368	0.27344	24.2	13111	30
2025-5-17 10:32:41.498	WTBenchPress#5(CEA7A127C8E8)	-0.109	-0.191	-0.095	130.920	-47.241	133.179	-62.51	20.10	63.29	42.630	72.128	22.148	0.65503	-0.62027	-0.33368	0.27344	24.2	13111	30
2025-5-17 10:32:41.498	WTBenchPress#5(CEA7A127C8E8)	-0.083	-0.021	0.003	115.906	-46.997	111.206	-59.80	21.43	65.57	42.630	72.128	22.148	0.65503	-0.62027	-0.33368	0.27344	24.2	13111	30
2025-5-17 10:32:41.527	WTBenchPress#5(CEA7A127C8E8)	-0.103	0.165	0.118	99.976	-47.485	83.984	-57.47	22.23	67.65	42.630	72.128	22.148	0.65503	-0.62027	-0.33368	0.27344	24.2	13111	30
2025-5-17 10:32:41.527	WTBenchPress#5(CEA7A127C8E8)	-0.102	0.229	0.230	79.834	-40.344	57.312	-55.65	22.60	69.33	42.630	72.128	22.148	0.65503	-0.62027	-0.33368	0.27344	24.2	13111	30
2025-5-17 10:32:41.559	WTBenchPress#5(CEA7A127C8E8)	-0.088	0.234	0.331	51.941	-33.752	35.828	-54.45	22.71	70.54	42.630	72.128	22.148	0.65503	-0.62027	-0.33368	0.27344	24.2	13111	30
2025-5-17 10:32:41.559	WTBenchPress#5(CEA7A127C8E8)	-0.108	0.251	0.418	27.649	-23.315	15.747	-53.81	22.68	71.14	42.630	72.128	22.148	0.65503	-0.62027	-0.33368	0.27344	24.2	13111	30
2025-5-17 10:32:41.618	WTBenchPress#5(CEA7A127C8E8)	-0.074	0.240	0.433	13.184	-19.592	-2.747	-53.42	22.45	71.19	42.630	72.128	22.148	0.66327	-0.45837	-0.11542	0.58011	24.2	13111	30
2025-5-17 10:32:41.618	WTBenchPress#5(CEA7A127C8E8)	-0.033	0.249	0.468	-5.127	-14.343	-17.395	-53.23	21.99	70.87	42.630	72.128	22.148	0.66327	-0.45837	-0.11542	0.58011	24.2	13111	30
2025-5-17 10:32:41.652	WTBenchPress#5(CEA7A127C8E8)	-0.008	0.275	0.479	-37.598	-4.272	-30.945	-53.50	21.34	70.27	42.630	72.128	22.148	0.66327	-0.45837	-0.11542	0.58011	24.2	13111	30
2025-5-17 10:32:41.652	WTBenchPress#5(CEA7A127C8E8)	-0.002	0.281	0.481	-65.796	6.042	-48.157	-54.31	20.46	69.37	42.630	72.128	22.148	0.66327	-0.45837	-0.11542	0.58011	24.2	13111	30
2025-5-17 10:32:41.678	WTBenchPress#5(CEA7A127C8E8)	-0.039	0.166	0.483	-75.378	15.869	-66.223	-55.43	19.35	68.16	42.630	72.128	22.148	0.66327	-0.45837	-0.11542	0.58011	24.2	13111	30
2025-5-17 10:32:41.678	WTBenchPress#5(CEA7A127C8E8)	-0.055	0.047	0.413	-84.717	20.935	-79.590	-56.75	18.05	66.72	42.630	72.128	22.148	0.66327	-0.45837	-0.11542	0.58011	24.2	13111	30
2025-5-17 10:32:41.738	WTBenchPress#5(CEA7A127C8E8)	0.002	-0.031	0.326	-98.267	24.841	-86.670	-58.34	16.63	65.15	42.630	72.128	22.148	0.66327	-0.45837	-0.11542	0.58011	24.2	13111	30
2025-5-17 10:32:41.738	WTBenchPress#5(CEA7A127C8E8)	0.089	-0.070	0.285	-112.366	31.311	-96.741	-60.22	15.08	63.42	42.630	72.128	22.148	0.66327	-0.45837	-0.11542	0.58011	24.2	13111	30
2025-5-17 10:32:41.769	WTBenchPress#5(CEA7A127C8E8)	0.122	-0.162	0.251	-129.395	39.551	-111.877	-62.46	13.32	61.48	42.630	72.128	22.148	0.66327	-0.45837	-0.11542	0.58011	24.2	13111	30
2025-5-17 10:32:41.769	WTBenchPress#5(CEA7A127C8E8)	0.042	-0.412	0.180	-123.230	47.180	-131.531	-64.76	11.21	59.31	42.630	72.128	22.148	0.66327	-0.45837	-0.11542	0.58011	24.2	13111	30
2025-5-17 10:32:41.798	WTBenchPress#5(CEA7A127C8E8)	0.028	-0.718	0.056	-118.591	53.589	-133.972	-67.07	8.98	57.06	42.630	72.128	22.148	0.66327	-0.45837	-0.11542	0.58011	24.2	13111	30
2025-5-17 10:32:41.798	WTBenchPress#5(CEA7A127C8E8)	-0.000	-0.785	-0.079	-127.808	58.105	-133.484	-69.63	6.76	54.85	48.902	71.442	14.602	0.66327	-0.45837	-0.11542	0.58011	24.2	13111	30
2025-5-17 10:32:41.857	WTBenchPress#5(CEA7A127C8E8)	-0.114	-0.939	-0.292	-146.912	56.335	-146.790	-72.61	4.32	52.79	48.902	71.442	14.602	0.66327	-0.45837	-0.11542	0.58011	24.2	13111	30
2025-5-17 10:32:41.857	WTBenchPress#5(CEA7A127C8E8)	-0.110	-1.396	-0.392	-173.706	51.086	-139.648	-76.14	1.83	51.11	48.902	71.442	14.602	0.66327	-0.45837	-0.11542	0.58011	24.2	13111	30
2025-5-17 10:32:41.888	WTBenchPress#5(CEA7A127C8E8)	-0.112	-1.669	-0.290	-179.565	41.931	-117.676	-79.89	-0.30	49.98	48.902	71.442	14.602	0.66327	-0.45837	-0.11542	0.58011	24.2	13111	30
2025-5-17 10:32:41.888	WTBenchPress#5(CEA7A127C8E8)	-0.143	-1.888	-0.205	-129.333	32.654	-112.549	-82.60	-2.40	49.18	48.902	71.442	14.602	0.66327	-0.45837	-0.11542	0.58011	24.2	13111	30
2025-5-17 10:32:41.918	WTBenchPress#5(CEA7A127C8E8)	-0.200	-2.053	-0.188	-73.547	19.836	-109.192	-84.17	-4.46	48.71	48.902	71.442	14.602	0.66327	-0.45837	-0.11542	0.58011	24.2	13111	30
2025-5-17 10:32:41.918	WTBenchPress#5(CEA7A127C8E8)	-0.232	-2.255	-0.207	-37.903	6.897	-95.764	-85.02	-6.26	48.55	48.902	71.442	14.602	0.66327	-0.45837	-0.11542	0.58011	24.2	13111	30
2025-5-17 10:32:41.979	WTBenchPress#5(CEA7A127C8E8)	-0.176	-2.324	-0.137	-32.715	4.272	-60.303	-85.77	-7.33	48.49	48.902	71.442	14.602	0.66327	-0.45837	-0.11542	0.58011	24.2	13111	30
2025-5-17 10:32:41.979	WTBenchPress#5(CEA7A127C8E8)	-0.101	-2.155	-0.015	-40.161	10.681	-20.630	-86.64	-7.60	48.36	48.902	71.442	14.602	0.66327	-0.45837	-0.11542	0.58011	24.2	13111	30
2025-5-17 10:32:42.7	WTBenchPress#5(CEA7A127C8E8)	-0.042	-1.804	-0.005	-32.166	12.329	-1.526	-87.32	-7.48	48.18	48.902	71.442	14.602	0.66327	-0.45837	-0.11542	0.58011	24.2	13111	30
2025-5-17 10:32:42.8	WTBenchPress#5(CEA7A127C8E8)	-0.071	-1.588	-0.018	1.099	5.615	-9.277	-87.36	-7.53	48.13	48.902	71.442	14.602	0.67822	-0.60880	-0.32440	0.25305	24.2	13111	30
2025-5-17 10:32:42.69	WTBenchPress#5(CEA7A127C8E8)	-0.102	-1.678	-0.056	31.982	-1.038	-17.273	-86.79	-7.74	48.20	48.902	71.442	14.602	0.67822	-0.60880	-0.32440	0.25305	24.2	13111	30
2025-5-17 10:32:42.69	WTBenchPress#5(CEA7A127C8E8)	-0.049	-1.906	-0.016	39.734	-6.897	-1.282	-86.08	-7.65	48.39	48.902	71.442	14.602	0.67822	-0.60880	-0.32440	0.25305	24.2	13111	30
2025-5-17 10:32:42.98	WTBenchPress#5(CEA7A127C8E8)	-0.031	-1.954	0.062	45.837	-8.118	16.174	-85.26	-7.21	48.64	48.902	71.442	14.602	0.67822	-0.60880	-0.32440	0.25305	24.2	13111	30
2025-5-17 10:32:42.98	WTBenchPress#5(CEA7A127C8E8)	-0.061	-2.063	0.120	70.496	-10.498	24.414	-83.96	-6.63	48.94	48.902	71.442	14.602	0.67822	-0.60880	-0.32440	0.25305	24.2	13111	30
2025-5-17 10:32:42.127	WTBenchPress#5(CEA7A127C8E8)	-0.070	-2.225	0.152	85.083	-8.240	45.654	-82.38	-5.65	49.25	48.902	71.442	14.602	0.67822	-0.60880	-0.32440	0.25305	24.2	13111	30
2025-5-17 10:32:42.127	WTBenchPress#5(CEA7A127C8E8)	-0.073	-2.170	0.071	85.205	-1.099	81.543	-80.79	-3.96	49.54	48.902	71.442	14.602	0.67822	-0.60880	-0.32440	0.25305	24.2	13111	30
2025-5-17 10:32:42.188	WTBenchPress#5(CEA7A127C8E8)	-0.057	-1.995	-0.068	98.083	-0.854	113.098	-78.96	-1.68	50.00	48.902	71.442	14.602	0.67822	-0.60880	-0.32440	0.25305	24.2	13111	30
2025-5-17 10:32:42.188	WTBenchPress#5(CEA7A127C8E8)	-0.078	-1.756	-0.151	138.550	-9.155	123.596	-76.35	0.71	50.78	48.902	71.442	14.602	0.67822	-0.60880	-0.32440	0.25305	24.2	13111	30
2025-5-17 10:32:42.219	WTBenchPress#5(CEA7A127C8E8)	-0.089	-1.570	-0.177	167.847	-17.212	124.207	-73.16	3.00	51.87	39.788	73.500	21.070	0.67822	-0.60880	-0.32440	0.25305	24.2	13111	30
2025-5-17 10:32:42.219	WTBenchPress#5(CEA7A127C8E8)	-0.069	-1.397	-0.188	172.180	-19.470	131.409	-69.88	5.32	53.21	39.788	73.500	21.070	0.67822	-0.60880	-0.32440	0.25305	24.2	13111	30
2025-5-17 10:32:42.251	WTBenchPress#5(CEA7A127C8E8)	-0.063	-1.165	-0.140	162.659	-18.372	141.357	-66.76	7.72	54.77	39.788	73.500	21.070	0.67822	-0.60880	-0.32440	0.25305	24.2	13111	30
2025-5-17 10:32:42.251	WTBenchPress#5(CEA7A127C8E8)	-0.097	-0.932	-0.115	152.588	-17.273	149.963	-63.78	10.17	56.54	39.788	73.500	21.070	0.67822	-0.60880	-0.32440	0.25305	24.2	13111	30
2025-5-17 10:32:42.308	WTBenchPress#5(CEA7A127C8E8)	-0.103	-0.402	-0.104	107.544	-21.790	146.179	-61.29	12.54	58.51	39.788	73.500	21.070	0.67822	-0.60880	-0.32440	0.25305	24.2	13111	30
2025-5-17 10:32:42.308	WTBenchPress#5(CEA7A127C8E8)	-0.118	-0.215	-0.008	94.666	-28.442	131.470	-59.15	14.59	60.58	39.788	73.500	21.070	0.67822	-0.60880	-0.32440	0.25305	24.2	13111	30
2025-5-17 10:32:42.338	WTBenchPress#5(CEA7A127C8E8)	-0.135	-0.078	0.085	83.374	-31.860	109.070	-57.22	16.22	62.68	39.788	73.500	21.070	0.67822	-0.60880	-0.32440	0.25305	24.2	13111	30
2025-5-17 10:32:42.338	WTBenchPress#5(CEA7A127C8E8)	-0.151	0.003	0.169	74.280	-30.640	87.769	-55.52	17.40	64.61	39.788	73.500	21.070	0.67822	-0.60880	-0.32440	0.25305	24.2	13111	30
2025-5-17 10:32:42.369	WTBenchPress#5(CEA7A127C8E8)	-0.153	0.073	0.249	65.491	-29.846	67.749	-54.03	18.23	66.27	39.788	73.500	21.070	0.67822	-0.60880	-0.32440	0.25305	24.2	13111	30
2025-5-17 10:32:42.369	WTBenchPress#5(CEA7A127C8E8)	-0.148	0.155	0.315	49.927	-28.870	50.781	-52.78	18.77	67.63	39.788	73.500	21.070	0.67822	-0.60880	-0.32440	0.25305	24.2	13111	30
2025-5-17 10:32:42.427	WTBenchPress#5(CEA7A127C8E8)	-0.122	0.251	0.375	22.095	-25.391	29.724	-51.90	19.11	68.61	39.788	73.500	21.070	0.69043	-0.43839	-0.11868	0.56299	24.2	13111	30
2025-5-17 10:32:42.428	WTBenchPress#5(CEA7A127C8E8)	-0.084	0.306	0.427	-6.775	-19.470	5.188	-51.54	19.22	69.04	39.788	73.500	21.070	0.69043	-0.43839	-0.11868	0.56299	24.2	13111	30
2025-5-17 10:32:42.457	WTBenchPress#5(CEA7A127C8E8)	-0.049	0.312	0.488	-29.968	-10.742	-16.541	-51.62	19.03	68.91	39.788	73.500	21.070	0.69043	-0.43839	-0.11868	0.56299	24.2	13111	30
2025-5-17 10:32:42.457	WTBenchPress#5(CEA7A127C8E8)	-0.036	0.320	0.496	-49.683	-1.099	-35.706	-52.02	18.56	68.36	39.788	73.500	21.070	0.69043	-0.43839	-0.11868	0.56299	24.2	13111	30
2025-5-17 10:32:42.518	WTBenchPress#5(CEA7A127C8E8)	-0.029	0.304	0.476	-64.331	5.432	-52.368	-52.71	17.81	67.51	39.788	73.500	21.070	0.69043	-0.43839	-0.11868	0.56299	24.2	13111	30
2025-5-17 10:32:42.518	WTBenchPress#5(CEA7A127C8E8)	0.018	0.345	0.405	-83.618	11.719	-71.777	-53.68	16.81	66.41	39.788	73.500	21.070	0.69043	-0.43839	-0.11868	0.56299	24.2	13111	30
2025-5-17 10:32:42.551	WTBenchPress#5(CEA7A127C8E8)	0.070	0.334	0.333	-98.022	13.550	-96.008	-54.97	15.51	65.06	39.788	73.500	21.070	0.69043	-0.43839	-0.11868	0.56299	24.2	13111	30
2025-5-17 10:32:42.551	WTBenchPress#5(CEA7A127C8E8)	0.097	0.202	0.273	-116.821	18.188	-117.188	-56.54	13.80	63.48	39.788	73.500	21.070	0.69043	-0.43839	-0.11868	0.56299	24.2	13111	30
2025-5-17 10:32:42.579	WTBenchPress#5(CEA7A127C8E8)	0.120	0.013	0.171	-129.883	25.146	-131.592	-58.41	11.77	61.68	39.788	73.500	21.070	0.69043	-0.43839	-0.11868	0.56299	24.2	13111	30
2025-5-17 10:32:42.580	WTBenchPress#5(CEA7A127C8E8)	0.173	-0.214	0.068	-143.921	33.264	-132.446	-60.52	9.55	59.73	39.788	73.500	21.070	0.69043	-0.43839	-0.11868	0.56299	24.2	13111	30
2025-5-17 10:32:42.607	WTBenchPress#5(CEA7A127C8E8)	0.252	-0.375	-0.027	-162.048	35.095	-129.822	-62.94	7.29	57.75	39.788	73.500	21.070	0.69043	-0.43839	-0.11868	0.56299	24.2	13111	30
2025-5-17 10:32:42.608	WTBenchPress#5(CEA7A127C8E8)	0.268	-0.490	-0.086	-176.392	37.842	-138.977	-65.78	4.91	55.82	48.314	72.128	13.230	0.69043	-0.43839	-0.11868	0.56299	24.2	13111	30
2025-5-17 10:32:42.668	WTBenchPress#5(CEA7A127C8E8)	0.100	-0.794	-0.215	-176.453	46.936	-159.180	-69.05	2.20	53.88	48.314	72.128	13.230	0.69043	-0.43839	-0.11868	0.56299	24.2	13111	30
2025-5-17 10:32:42.668	WTBenchPress#5(CEA7A127C8E8)	-0.009	-1.442	-0.392	-147.217	37.231	-156.494	-72.41	-0.79	52.07	48.314	72.128	13.230	0.69043	-0.43839	-0.11868	0.56299	24.2	13111	30
2025-5-17 10:32:42.698	WTBenchPress#5(CEA7A127C8E8)	0.063	-1.877	-0.378	-149.780	35.095	-117.310	-75.45	-3.58	50.77	48.314	72.128	13.230	0.69043	-0.43839	-0.11868	0.56299	24.2	13111	30
2025-5-17 10:32:42.698	WTBenchPress#5(CEA7A127C8E8)	-0.008	-1.830	-0.308	-148.132	32.532	-95.459	-78.54	-5.58	49.91	48.314	72.128	13.230	0.69043	-0.43839	-0.11868	0.56299	24.2	13111	30
2025-5-17 10:32:42.729	WTBenchPress#5(CEA7A127C8E8)	-0.163	-2.068	-0.257	-95.032	17.395	-110.291	-81.07	-7.54	49.35	48.314	72.128	13.230	0.69043	-0.43839	-0.11868	0.56299	24.2	13111	30
2025-5-17 10:32:42.729	WTBenchPress#5(CEA7A127C8E8)	-0.196	-2.482	-0.237	-67.993	7.568	-90.576	-82.81	-9.46	49.08	48.314	72.128	13.230	0.69043	-0.43839	-0.11868	0.56299	24.2	13111	30
2025-5-17 10:32:42.789	WTBenchPress#5(CEA7A127C8E8)	-0.108	-2.542	-0.097	-77.209	12.695	-42.236	-84.36	-10.67	48.95	48.314	72.128	13.230	0.69043	-0.43839	-0.11868	0.56299	24.2	13111	30
2025-5-17 10:32:42.789	WTBenchPress#5(CEA7A127C8E8)	-0.056	-2.195	-0.017	-70.129	18.921	-0.427	-85.90	-10.94	48.76	48.314	72.128	13.230	0.69043	-0.43839	-0.11868	0.56299	24.2	13111	30
2025-5-17 10:32:42.818	WTBenchPress#5(CEA7A127C8E8)	-0.067	-1.933	-0.044	-22.156	10.986	-8.789	-86.87	-10.88	48.59	48.314	72.128	13.230	0.69043	-0.43839	-0.11868	0.56299	24.2	13111	30
2025-5-17 10:32:42.818	WTBenchPress#5(CEA7A127C8E8)	-0.130	-1.955	-0.030	48.035	-4.272	-27.893	-86.68	-11.11	48.61	48.314	72.128	13.230	0.68945	-0.59012	-0.34595	0.23795	24.2	13111	30
2025-5-17 10:32:42.851	WTBenchPress#5(CEA7A127C8E8)	-0.052	-2.087	-0.087	52.979	-7.080	-4.883	-85.78	-11.29	48.80	48.314	72.128	13.230	0.68945	-0.59012	-0.34595	0.23795	24.2	13111	30
2025-5-17 10:32:42.851	WTBenchPress#5(CEA7A127C8E8)	0.018	-1.924	0.003	6.531	1.221	30.823	-85.30	-10.89	48.96	48.314	72.128	13.230	0.68945	-0.59012	-0.34595	0.23795	24.2	13111	30
2025-5-17 10:32:42.908	WTBenchPress#5(CEA7A127C8E8)	0.002	-1.808	0.140	22.034	-0.488	36.926	-85.12	-10.07	49.08	48.314	72.128	13.230	0.68945	-0.59012	-0.34595	0.23795	24.2	13111	30
2025-5-17 10:32:42.908	WTBenchPress#5(CEA7A127C8E8)	-0.061	-1.829	0.122	70.557	-5.554	30.945	-84.29	-9.27	49.26	48.314	72.128	13.230	0.68945	-0.59012	-0.34595	0.23795	24.2	13111	30
2025-5-17 10:32:42.938	WTBenchPress#5(CEA7A127C8E8)	-0.069	-1.958	0.042	95.154	-9.155	32.776	-82.75	-8.54	49.54	48.314	72.128	13.230	0.68945	-0.59012	-0.34595	0.23795	24.2	13111	30
2025-5-17 10:32:42.938	WTBenchPress#5(CEA7A127C8E8)	-0.064	-2.099	0.099	104.004	-6.287	54.932	-80.90	-7.59	49.87	48.314	72.128	13.230	0.68945	-0.59012	-0.34595	0.23795	24.2	13111	30
2025-5-17 10:32:42.969	WTBenchPress#5(CEA7A127C8E8)	-0.059	-2.046	0.069	121.521	-3.784	82.031	-78.81	-6.16	50.27	48.314	72.128	13.230	0.68945	-0.59012	-0.34595	0.23795	24.2	13111	30
2025-5-17 10:32:42.969	WTBenchPress#5(CEA7A127C8E8)	-0.073	-1.940	0.017	134.766	-3.235	102.539	-76.43	-4.30	50.79	48.314	72.128	13.230	0.68945	-0.59012	-0.34595	0.23795	24.2	13111	30
2025-5-17 10:32:43.28	WTBenchPress#5(CEA7A127C8E8)	-0.097	-1.833	-0.017	148.987	-1.221	117.798	-73.81	-2.14	51.47	38.024	73.598	21.266	0.68945	-0.59012	-0.34595	0.23795	24.2	13111	30
2025-5-17 10:32:43.28	WTBenchPress#5(CEA7A127C8E8)	-0.069	-1.664	-0.113	161.316	-1.831	134.033	-70.93	0.26	52.35	38.024	73.598	21.266	0.68945	-0.59012	-0.34595	0.23795	24.2	13111	30
2025-5-17 10:32:43.58	WTBenchPress#5(CEA7A127C8E8)	-0.055	-1.381	-0.170	167.542	-6.104	144.897	-67.86	2.82	53.53	38.024	73.598	21.266	0.68945	-0.59012	-0.34595	0.23795	24.2	13111	30
2025-5-17 10:32:43.58	WTBenchPress#5(CEA7A127C8E8)	-0.050	-1.157	-0.152	168.457	-10.681	146.790	-64.70	5.36	55.00	38.024	73.598	21.266	0.68945	-0.59012	-0.34595	0.23795	24.2	13111	30
2025-5-17 10:32:43.88	WTBenchPress#5(CEA7A127C8E8)	-0.057	-0.988	-0.087	165.710	-13.123	149.353	-61.52	7.79	56.73	38.024	73.598	21.266	0.68945	-0.59012	-0.34595	0.23795	24.2	13111	30
2025-5-17 10:32:43.88	WTBenchPress#5(CEA7A127C8E8)	-0.064	-0.771	-0.078	140.137	-9.705	159.241	-58.56	10.21	58.68	38.024	73.598	21.266	0.68945	-0.59012	-0.34595	0.23795	24.2	13111	30
2025-5-17 10:32:43.149	WTBenchPress#5(CEA7A127C8E8)	-0.080	-0.470	-0.065	110.596	-5.798	162.842	-56.23	12.68	60.77	38.024	73.598	21.266	0.68945	-0.59012	-0.34595	0.23795	24.2	13111	30
2025-5-17 10:32:43.149	WTBenchPress#5(CEA7A127C8E8)	-0.085	-0.180	0.003	92.896	-11.902	148.071	-54.24	14.85	62.92	38.024	73.598	21.266	0.68945	-0.59012	-0.34595	0.23795	24.2	13111	30
2025-5-17 10:32:43.179	WTBenchPress#5(CEA7A127C8E8)	-0.106	0.001	0.093	82.092	-21.057	121.582	-52.47	16.48	64.98	38.024	73.598	21.266	0.68945	-0.59012	-0.34595	0.23795	24.2	13111	30
2025-5-17 10:32:43.179	WTBenchPress#5(CEA7A127C8E8)	-0.125	0.080	0.189	78.247	-24.170	94.910	-50.84	17.58	66.82	38.024	73.598	21.266	0.68945	-0.59012	-0.34595	0.23795	24.2	13111	30
2025-5-17 10:32:43.208	WTBenchPress#5(CEA7A127C8E8)	-0.128	0.107	0.267	57.800	-20.142	78.430	-49.56	18.42	68.35	38.024	73.598	21.266	0.68945	-0.59012	-0.34595	0.23795	24.2	13111	30
2025-5-17 10:32:43.208	WTBenchPress#5(CEA7A127C8E8)	-0.129	0.216	0.308	34.790	-16.602	61.157	-48.76	19.08	69.51	38.024	73.598	21.266	0.69894	-0.42047	-0.10803	0.56824	24.2	13111	30
2025-5-17 10:32:43.268	WTBenchPress#5(CEA7A127C8E8)	-0.121	0.288	0.379	18.982	-15.564	34.363	-48.28	19.45	70.15	38.024	73.598	21.266	0.69894	-0.42047	-0.10803	0.56824	24.2	13111	30
2025-5-17 10:32:43.268	WTBenchPress#5(CEA7A127C8E8)	-0.102	0.291	0.427	8.301	-14.099	8.667	-47.97	19.49	70.25	38.024	73.598	21.266	0.69894	-0.42047	-0.10803	0.56824	24.2	13111	30
2025-5-17 10:32:43.298	WTBenchPress#5(CEA7A127C8E8)	-0.083	0.296	0.434	-16.724	-6.897	-12.573	-47.96	19.23	69.88	38.024	73.598	21.266	0.69894	-0.42047	-0.10803	0.56824	24.2	13111	30
2025-5-17 10:32:43.298	WTBenchPress#5(CEA7A127C8E8)	-0.077	0.233	0.435	-38.635	0.671	-29.602	-48.32	18.75	69.18	38.024	73.598	21.266	0.69894	-0.42047	-0.10803	0.56824	24.2	13111	30
2025-5-17 10:32:43.327	WTBenchPress#5(CEA7A127C8E8)	-0.065	0.186	0.423	-59.814	8.789	-38.574	-49.07	18.16	68.25	38.024	73.598	21.266	0.69894	-0.42047	-0.10803	0.56824	24.2	13111	30
2025-5-17 10:32:43.328	WTBenchPress#5(CEA7A127C8E8)	-0.045	0.195	0.388	-77.576	15.869	-47.302	-50.17	17.50	67.14	38.024	73.598	21.266	0.69894	-0.42047	-0.10803	0.56824	24.2	13111	30
2025-5-17 10:32:43.389	WTBenchPress#5(CEA7A127C8E8)	-0.019	0.228	0.369	-89.355	18.616	-62.439	-51.52	16.65	65.84	38.024	73.598	21.266	0.69894	-0.42047	-0.10803	0.56824	24.2	13111	30
2025-5-17 10:32:43.389	WTBenchPress#5(CEA7A127C8E8)	-0.026	0.207	0.374	-96.558	21.973	-85.632	-53.04	15.47	64.29	38.024	73.598	21.266	0.69894	-0.42047	-0.10803	0.56824	24.2	13111	30
2025-5-17 10:32:43.418	WTBenchPress#5(CEA7A127C8E8)	-0.034	0.072	0.287	-99.792	25.208	-106.567	-54.65	13.95	62.48	38.024	73.598	21.266	0.69894	-0.42047	-0.10803	0.56824	24.2	13111	30
2025-5-17 10:32:43.418	WTBenchPress#5(CEA7A127C8E8)	-0.020	-0.107	0.151	-104.919	23.926	-120.422	-56.33	12.13	60.54	53.606	69.678	8.428	0.69894	-0.42047	-0.10803	0.56824	24.2	13111	30
2025-5-17 10:32:43.478	WTBenchPress#5(CEA7A127C8E8)	0.023	-0.298	0.100	-113.770	23.682	-127.441	-58.19	10.15	58.55	53.606	69.678	8.428	0.69894	-0.42047	-0.10803	0.56824	24.2	13111	30
2025-5-17 10:32:43.478	WTBenchPress#5(CEA7A127C8E8)	0.032	-0.439	0.044	-129.150	25.391	-132.080	-60.40	8.05	56.52	53.606	69.678	8.428	0.69894	-0.42047	-0.10803	0.56824	24.2	13111	30
2025-5-17 10:32:43.508	WTBenchPress#5(CEA7A127C8E8)	0.064	-0.640	-0.022	-152.100	29.114	-132.751	-63.18	5.93	54.53	53.606	69.678	8.428	0.69894	-0.42047	-0.10803	0.56824	24.2	13111	30
2025-5-17 10:32:43.508	WTBenchPress#5(CEA7A127C8E8)	0.052	-0.763	-0.048	-189.575	36.926	-125.305	-66.81	3.89	52.66	53.606	69.678	8.428	0.69894	-0.42047	-0.10803	0.56824	24.2	13111	30
2025-5-17 10:32:43.537	WTBenchPress#5(CEA7A127C8E8)	0.074	-0.959	-0.128	-204.895	43.945	-123.779	-70.94	1.86	50.96	53.606	69.678	8.428	0.69894	-0.42047	-0.10803	0.56824	24.2	13111	30
2025-5-17 10:32:43.538	WTBenchPress#5(CEA7A127C8E8)	0.059	-1.158	-0.202	-180.237	39.856	-133.423	-74.67	-0.48	49.52	53.606	69.678	8.428	0.69894	-0.42047	-0.10803	0.56824	24.2	13111	30
2025-5-17 10:32:43.599	WTBenchPress#5(CEA7A127C8E8)	-0.073	-1.488	-0.352	-122.009	21.179	-144.104	-77.24	-3.19	48.61	53.606	69.678	8.428	0.69894	-0.42047	-0.10803	0.56824	24.2	13111	30
2025-5-17 10:32:43.599	WTBenchPress#5(CEA7A127C8E8)	-0.152	-1.972	-0.485	-76.111	2.686	-143.311	-78.93	-5.98	48.24	53.606	69.678	8.428	0.69894	-0.42047	-0.10803	0.56824	24.2	13111	30
2025-5-17 10:32:43.627	WTBenchPress#5(CEA7A127C8E8)	-0.112	-2.190	-0.418	-82.886	-0.122	-109.192	-80.77	-8.07	48.13	53.606	69.678	8.428	0.69894	-0.42047	-0.10803	0.56824	24.2	13111	30
2025-5-17 10:32:43.628	WTBenchPress#5(CEA7A127C8E8)	-0.069	-2.084	-0.276	-103.638	7.690	-70.496	-83.00	-9.36	48.04	53.606	69.678	8.428	0.69867	-0.58380	-0.33167	0.24680	24.2	13111	30
2025-5-17 10:32:43.657	WTBenchPress#5(CEA7A127C8E8)	-0.076	-2.061	-0.112	-77.209	5.066	-55.115	-84.69	-10.33	48.05	53.606	69.678	8.428	0.69867	-0.58380	-0.33167	0.24680	24.2	13111	30
2025-5-17 10:32:43.657	WTBenchPress#5(CEA7A127C8E8)	-0.149	-2.145	0.002	11.169	-10.559	-56.396	-84.64	-11.34	48.34	53.606	69.678	8.428	0.69867	-0.58380	-0.33167	0.24680	24.2	13111	30
2025-5-17 10:32:43.749	WTBenchPress#5(CEA7A127C8E8)	-0.117	-2.135	-0.100	93.079	-26.855	-47.791	-83.02	-12.19	48.94	53.606	69.678	8.428	0.69867	-0.58380	-0.33167	0.24680	24.2	13111	30
2025-5-17 10:32:43.749	WTBenchPress#5(CEA7A127C8E8)	0.043	-2.063	-0.003	38.818	-12.634	8.789	-82.46	-11.89	49.36	53.606	69.678	8.428	0.69867	-0.58380	-0.33167	0.24680	24.2	13111	30
2025-5-17 10:32:43.749	WTBenchPress#5(CEA7A127C8E8)	0.072	-1.551	0.110	-50.171	11.230	51.331	-83.57	-10.70	49.38	53.606	69.678	8.428	0.69867	-0.58380	-0.33167	0.24680	24.2	13111	30
2025-5-17 10:32:43.749	WTBenchPress#5(CEA7A127C8E8)	0.053	-1.156	0.109	-54.565	20.325	50.537	-84.70	-9.52	49.17	53.606	69.678	8.428	0.69867	-0.58380	-0.33167	0.24680	24.2	13111	30
2025-5-17 10:32:43.779	WTBenchPress#5(CEA7A127C8E8)	0.003	-0.933	0.074	-18.982	16.541	26.855	-85.12	-8.84	48.97	53.606	69.678	8.428	0.69867	-0.58380	-0.33167	0.24680	24.2	13111	30
2025-5-17 10:32:43.779	WTBenchPress#5(CEA7A127C8E8)	-0.037	-0.958	-0.024	20.325	6.409	5.310	-84.77	-8.62	48.93	53.606	69.678	8.428	0.69867	-0.58380	-0.33167	0.24680	24.2	13111	30
2025-5-17 10:32:43.839	WTBenchPress#5(CEA7A127C8E8)	-0.018	-1.111	-0.017	29.541	1.404	4.456	-84.26	-8.42	49.00	34.398	73.304	23.618	0.69867	-0.58380	-0.33167	0.24680	24.2	13111	30
2025-5-17 10:32:43.839	WTBenchPress#5(CEA7A127C8E8)	0.002	-1.017	-0.019	10.071	6.165	17.944	-84.13	-7.95	49.00	34.398	73.304	23.618	0.69867	-0.58380	-0.33167	0.24680	24.2	13111	30
2025-5-17 10:32:43.868	WTBenchPress#5(CEA7A127C8E8)	-0.100	-0.872	-0.041	1.526	10.559	13.611	-84.17	-7.56	48.92	34.398	73.304	23.618	0.69867	-0.58380	-0.33167	0.24680	24.2	13111	30
2025-5-17 10:32:43.868	WTBenchPress#5(CEA7A127C8E8)	-0.106	-1.140	-0.099	74.707	0.427	-27.466	-82.77	-8.00	48.95	34.398	73.304	23.618	0.69867	-0.58380	-0.33167	0.24680	24.2	13111	30
2025-5-17 10:32:43.898	WTBenchPress#5(CEA7A127C8E8)	0.022	-1.421	0.123	40.405	5.920	-13.611	-82.05	-8.15	48.89	34.398	73.304	23.618	0.69867	-0.58380	-0.33167	0.24680	24.2	13111	30
2025-5-17 10:32:43.898	WTBenchPress#5(CEA7A127C8E8)	-0.048	-1.019	0.003	0.366	7.080	15.625	-82.13	-7.71	48.88	34.398	73.304	23.618	0.69867	-0.58380	-0.33167	0.24680	24.2	13111	30
2025-5-17 10:32:43.957	WTBenchPress#5(CEA7A127C8E8)	-0.046	-1.023	-0.005	3.357	13.428	7.996	-82.14	-7.41	48.72	34.398	73.304	23.618	0.69867	-0.58380	-0.33167	0.24680	24.2	13111	30
2025-5-17 10:32:43.958	WTBenchPress#5(CEA7A127C8E8)	0.003	-0.994	-0.004	0.244	1.465	0.671	-82.23	-7.29	48.79	34.398	73.304	23.618	0.69867	-0.58380	-0.33167	0.24680	24.2	13111	30
2025-5-17 10:32:43.989	WTBenchPress#5(CEA7A127C8E8)	0.013	-1.050	0.021	-1.160	6.775	-0.916	-82.35	-7.34	48.80	34.398	73.304	23.618	0.69867	-0.58380	-0.33167	0.24680	24.2	13111	30
2025-5-17 10:32:43.989	WTBenchPress#5(CEA7A127C8E8)	-0.033	-1.047	0.013	0.427	6.470	21.057	-82.45	-7.14	48.77	34.398	73.304	23.618	0.69867	-0.58380	-0.33167	0.24680	24.2	13111	30
2025-5-17 10:32:44.18	WTBenchPress#5(CEA7A127C8E8)	-0.007	-1.039	0.006	-1.282	0.061	4.211	-82.53	-6.70	48.81	34.398	73.304	23.618	0.69867	-0.58380	-0.33167	0.24680	24.2	13111	30
2025-5-17 10:32:44.18	WTBenchPress#5(CEA7A127C8E8)	-0.006	-1.029	0.003	0.366	-0.671	0.183	-82.65	-6.55	48.91	34.398	73.304	23.618	0.69785	-0.58246	-0.31198	0.27625	24.2	13111	30
2025-5-17 10:32:44.78	WTBenchPress#5(CEA7A127C8E8)	-0.047	-1.031	-0.006	0.793	-2.747	-0.122	-82.73	-6.46	49.02	34.398	73.304	23.618	0.69785	-0.58246	-0.31198	0.27625	24.2	13111	30
2025-5-17 10:32:44.78	WTBenchPress#5(CEA7A127C8E8)	-0.018	-1.032	0.023	1.526	3.052	-0.061	-82.80	-6.38	49.14	34.398	73.304	23.618	0.69785	-0.58246	-0.31198	0.27625	24.2	13111	30
2025-5-17 10:32:44.107	WTBenchPress#5(CEA7A127C8E8)	-0.019	-1.029	0.024	3.845	7.874	1.892	-82.84	-6.28	49.14	34.398	73.304	23.618	0.69785	-0.58246	-0.31198	0.27625	24.2	13111	30
2025-5-17 10:32:44.107	WTBenchPress#5(CEA7A127C8E8)	-0.021	-1.034	-0.001	-2.686	5.615	-2.258	-82.86	-6.16	49.08	34.398	73.304	23.618	0.69785	-0.58246	-0.31198	0.27625	24.2	13111	30
2025-5-17 10:32:44.137	WTBenchPress#5(CEA7A127C8E8)	-0.020	-1.030	0.010	0.000	-0.122	0.061	-82.99	-6.10	49.08	34.398	73.304	23.618	0.69785	-0.58246	-0.31198	0.27625	24.2	13111	30
2025-5-17 10:32:44.138	WTBenchPress#5(CEA7A127C8E8)	-0.020	-1.030	0.010	0.000	0.000	0.061	-83.07	-6.02	49.16	34.398	73.304	23.618	0.69785	-0.58246	-0.31198	0.27625	24.2	13111	30
2025-5-17 10:32:44.199	WTBenchPress#5(CEA7A127C8E8)	-0.020	-1.029	0.010	0.000	0.000	0.061	-83.15	-5.93	49.24	34.398	73.304	23.618	0.69785	-0.58246	-0.31198	0.27625	24.2	13111	30
2025-5-17 10:32:44.199	WTBenchPress#5(CEA7A127C8E8)	-0.020	-1.030	0.011	0.000	0.000	0.061	-83.23	-5.86	49.32	34.398	73.304	23.618	0.69785	-0.58246	-0.31198	0.27625	24.2	13111	30
