time	DeviceName	AccX(g)	AccY(g)	AccZ(g)	AsX(°/s)	AsY(°/s)	AsZ(°/s)	AngleX(°)	AngleY(°)	AngleZ(°)	HX(uT)	HY(uT)	HZ(uT)	Q0()	Q1()	Q2()	Q3()	Temperature(°C)	Version()	Battery level(%)
2025-5-17 10:32:17.618	WTBenchPress#5(CEA7A127C8E8)	-0.024	-1.030	0.015	0.000	0.000	0.000	-89.15	1.39	55.56	34.692	75.460	22.540	0.62613	-0.62494	-0.31946	0.33951	24.3	13111	30
2025-5-17 10:32:17.618	WTBenchPress#5(CEA7A127C8E8)	-0.026	-1.029	0.014	0.000	0.000	0.000	-89.15	1.39	55.56	34.692	75.460	22.540	0.62613	-0.62494	-0.31946	0.33951	24.3	13111	30
2025-5-17 10:32:17.647	WTBenchPress#5(CEA7A127C8E8)	-0.024	-1.030	0.014	0.000	0.000	0.000	-89.15	1.39	55.56	34.692	75.460	22.540	0.62613	-0.62494	-0.31946	0.33948	24.3	13111	30
2025-5-17 10:32:17.648	WTBenchPress#5(CEA7A127C8E8)	-0.024	-1.030	0.014	0.000	0.000	0.000	-89.15	1.39	55.56	34.692	75.460	22.540	0.62613	-0.62494	-0.31946	0.33948	24.3	13111	30
2025-5-17 10:32:17.678	WTBenchPress#5(CEA7A127C8E8)	-0.026	-1.029	0.014	0.000	0.000	0.000	-89.15	1.39	55.56	34.692	75.460	22.540	0.62613	-0.62494	-0.31946	0.33948	24.3	13111	30
2025-5-17 10:32:17.678	WTBenchPress#5(CEA7A127C8E8)	-0.027	-1.030	0.015	0.000	0.000	0.000	-89.15	1.39	55.56	34.692	75.460	22.540	0.62613	-0.62494	-0.31946	0.33948	24.3	13111	30
2025-5-17 10:32:17.738	WTBenchPress#5(CEA7A127C8E8)	-0.029	-1.030	0.015	0.366	0.000	0.000	-89.15	1.39	55.56	34.692	75.460	22.540	0.62613	-0.62494	-0.31946	0.33948	24.3	13111	30
2025-5-17 10:32:17.738	WTBenchPress#5(CEA7A127C8E8)	0.002	-1.030	0.009	5.066	0.061	-4.089	-89.10	1.35	55.55	34.692	75.460	22.540	0.62613	-0.62494	-0.31946	0.33948	24.3	13111	30
2025-5-17 10:32:17.769	WTBenchPress#5(CEA7A127C8E8)	-0.063	-1.031	0.024	-7.813	-0.305	6.409	-89.13	1.37	55.54	34.692	75.460	22.540	0.62613	-0.62494	-0.31946	0.33948	24.3	13111	30
2025-5-17 10:32:17.769	WTBenchPress#5(CEA7A127C8E8)	-0.057	-1.029	0.057	-0.549	-15.808	0.366	-89.20	1.43	55.69	34.692	75.460	22.540	0.62613	-0.62494	-0.31946	0.33948	24.3	13111	30
2025-5-17 10:32:17.799	WTBenchPress#5(CEA7A127C8E8)	0.000	-1.026	0.122	2.014	0.366	-1.526	-89.18	1.42	55.81	34.692	75.460	22.540	0.62613	-0.62494	-0.31946	0.33948	24.3	13111	30
2025-5-17 10:32:17.799	WTBenchPress#5(CEA7A127C8E8)	-0.017	-1.031	-0.079	2.380	5.005	-4.395	-89.13	1.36	55.70	34.692	75.460	22.540	0.62613	-0.62494	-0.31946	0.33948	24.3	13111	30
2025-5-17 10:32:17.858	WTBenchPress#5(CEA7A127C8E8)	-0.019	-1.031	-0.002	0.061	-11.353	-0.793	-89.11	1.32	55.83	34.692	75.362	22.442	0.62613	-0.62494	-0.31946	0.33948	24.3	13111	30
2025-5-17 10:32:17.858	WTBenchPress#5(CEA7A127C8E8)	0.003	-1.035	0.027	0.061	-0.244	-2.136	-89.11	1.29	55.88	34.692	75.362	22.442	0.62613	-0.62494	-0.31946	0.33948	24.3	13111	30
2025-5-17 10:32:17.888	WTBenchPress#5(CEA7A127C8E8)	-0.064	-1.073	0.038	7.507	5.188	-19.226	-89.00	0.99	55.78	34.692	75.362	22.442	0.62613	-0.62494	-0.31946	0.33948	24.3	13111	30
2025-5-17 10:32:17.888	WTBenchPress#5(CEA7A127C8E8)	-0.273	-1.375	0.065	32.593	-6.226	-40.466	-88.47	0.29	55.81	34.692	75.362	22.442	0.62613	-0.62494	-0.31946	0.33948	24.3	13111	30
2025-5-17 10:32:17.919	WTBenchPress#5(CEA7A127C8E8)	-0.082	-6.689	0.473	-4.028	6.836	21.790	-88.37	0.43	55.71	34.692	75.362	22.442	0.62613	-0.62494	-0.31946	0.33948	24.3	13111	30
2025-5-17 10:32:17.919	WTBenchPress#5(CEA7A127C8E8)	-0.108	-1.797	0.147	-20.203	11.719	37.109	-88.67	1.12	55.45	34.692	75.362	22.442	0.62613	-0.62494	-0.31946	0.33948	24.3	13111	30
2025-5-17 10:32:17.978	WTBenchPress#5(CEA7A127C8E8)	-0.139	-1.841	0.097	22.522	-2.563	49.561	-88.41	2.05	55.40	34.692	75.362	22.442	0.62613	-0.62494	-0.31946	0.33948	24.3	13111	30
2025-5-17 10:32:17.978	WTBenchPress#5(CEA7A127C8E8)	-0.185	-1.991	0.083	46.021	-0.732	54.749	-87.59	3.11	55.41	34.692	75.362	22.442	0.62613	-0.62494	-0.31946	0.33948	24.3	13111	30
2025-5-17 10:32:18.9	WTBenchPress#5(CEA7A127C8E8)	-0.198	-2.104	0.055	59.265	-3.235	72.021	-86.47	4.45	55.49	34.692	75.362	22.442	0.62613	-0.62494	-0.31946	0.33948	24.3	13111	30
2025-5-17 10:32:18.9	WTBenchPress#5(CEA7A127C8E8)	-0.191	-2.075	0.042	98.267	-10.010	95.947	-84.69	6.20	55.77	34.692	75.362	22.442	0.62613	-0.62494	-0.31946	0.33948	24.3	13111	30
2025-5-17 10:32:18.38	WTBenchPress#5(CEA7A127C8E8)	-0.160	-1.951	-0.066	112.671	-14.832	121.277	-82.50	8.41	56.29	34.692	75.362	22.442	0.62613	-0.62494	-0.31946	0.33948	24.3	13111	30
2025-5-17 10:32:18.38	WTBenchPress#5(CEA7A127C8E8)	-0.118	-1.664	-0.110	106.812	-21.912	137.451	-80.29	10.91	57.12	34.692	75.362	22.442	0.63892	-0.59656	-0.23834	0.42307	24.3	13111	30
2025-5-17 10:32:18.98	WTBenchPress#5(CEA7A127C8E8)	-0.103	-1.359	-0.059	133.484	-31.372	145.142	-77.63	13.51	58.31	34.692	75.362	22.442	0.63892	-0.59656	-0.23834	0.42307	24.3	13111	30
2025-5-17 10:32:18.98	WTBenchPress#5(CEA7A127C8E8)	-0.115	-1.141	-0.095	146.912	-36.560	147.156	-74.56	16.05	59.81	34.692	75.362	22.442	0.63892	-0.59656	-0.23834	0.42307	24.3	13111	30
2025-5-17 10:32:18.127	WTBenchPress#5(CEA7A127C8E8)	-0.088	-0.915	-0.108	151.611	-41.687	151.550	-71.25	18.51	61.63	34.692	75.362	22.442	0.63892	-0.59656	-0.23834	0.42307	24.3	13111	30
2025-5-17 10:32:18.127	WTBenchPress#5(CEA7A127C8E8)	-0.074	-0.642	-0.077	124.878	-28.748	156.799	-68.26	21.01	63.51	34.692	75.362	22.442	0.63892	-0.59656	-0.23834	0.42307	24.3	13111	30
2025-5-17 10:32:18.157	WTBenchPress#5(CEA7A127C8E8)	-0.064	-0.396	-0.077	86.243	-14.587	156.616	-65.99	23.52	65.28	34.692	75.362	22.442	0.63892	-0.59656	-0.23834	0.42307	24.3	13111	30
2025-5-17 10:32:18.157	WTBenchPress#5(CEA7A127C8E8)	-0.041	-0.133	0.021	54.810	-9.949	143.005	-64.40	25.82	66.96	34.692	75.362	22.442	0.63892	-0.59656	-0.23834	0.42307	24.3	13111	30
2025-5-17 10:32:18.218	WTBenchPress#5(CEA7A127C8E8)	-0.016	0.120	0.148	44.800	-17.944	120.117	-63.07	27.66	68.59	34.692	75.362	22.442	0.63892	-0.59656	-0.23834	0.42307	24.3	13111	30
2025-5-17 10:32:18.218	WTBenchPress#5(CEA7A127C8E8)	0.000	0.342	0.236	44.128	-27.161	82.336	-61.81	28.79	70.08	34.692	75.362	22.442	0.63892	-0.59656	-0.23834	0.42307	24.3	13111	30
2025-5-17 10:32:18.253	WTBenchPress#5(CEA7A127C8E8)	0.039	0.467	0.296	36.194	-24.475	37.415	-60.92	28.97	70.92	58.114	64.876	8.526	0.63892	-0.59656	-0.23834	0.42307	24.3	13111	30
2025-5-17 10:32:18.253	WTBenchPress#5(CEA7A127C8E8)	0.079	0.484	0.364	15.442	-10.193	-4.395	-60.68	28.56	70.89	58.114	64.876	8.526	0.63892	-0.59656	-0.23834	0.42307	24.3	13111	30
2025-5-17 10:32:18.278	WTBenchPress#5(CEA7A127C8E8)	0.085	0.407	0.458	-13.550	8.911	-37.415	-61.10	27.71	70.04	58.114	64.876	8.526	0.63892	-0.59656	-0.23834	0.42307	24.3	13111	30
2025-5-17 10:32:18.278	WTBenchPress#5(CEA7A127C8E8)	0.128	0.317	0.471	-40.955	23.499	-50.842	-61.94	26.66	68.82	58.114	64.876	8.526	0.63892	-0.59656	-0.23834	0.42307	24.3	13111	30
2025-5-17 10:32:18.337	WTBenchPress#5(CEA7A127C8E8)	0.113	0.390	0.461	-84.839	35.950	-60.547	-63.53	25.48	67.40	58.114	64.876	8.526	0.63892	-0.59656	-0.23834	0.42307	24.3	13111	30
2025-5-17 10:32:18.338	WTBenchPress#5(CEA7A127C8E8)	0.134	0.420	0.393	-114.258	46.570	-77.820	-65.65	24.01	65.74	58.114	64.876	8.526	0.63892	-0.59656	-0.23834	0.42307	24.3	13111	30
2025-5-17 10:32:18.368	WTBenchPress#5(CEA7A127C8E8)	0.156	0.293	0.266	-130.188	58.777	-96.375	-68.07	22.25	63.83	58.114	64.876	8.526	0.63892	-0.59656	-0.23834	0.42307	24.3	13111	30
2025-5-17 10:32:18.368	WTBenchPress#5(CEA7A127C8E8)	0.167	0.101	0.108	-164.551	77.759	-110.046	-71.21	20.26	61.56	58.114	64.876	8.526	0.63892	-0.59656	-0.23834	0.42307	24.3	13111	30
2025-5-17 10:32:18.399	WTBenchPress#5(CEA7A127C8E8)	0.085	-0.154	-0.010	-174.622	99.304	-131.592	-74.64	17.81	58.88	58.114	64.876	8.526	0.63892	-0.59656	-0.23834	0.42307	24.3	13111	30
2025-5-17 10:32:18.399	WTBenchPress#5(CEA7A127C8E8)	0.026	-0.565	-0.137	-155.762	105.225	-136.230	-77.79	15.08	56.14	58.114	64.876	8.526	0.63892	-0.59656	-0.23834	0.42307	24.3	13111	30
2025-5-17 10:32:18.457	WTBenchPress#5(CEA7A127C8E8)	-0.104	-0.865	-0.367	-135.071	99.548	-139.160	-80.83	12.24	53.67	58.114	64.876	8.526	0.64471	-0.61801	-0.22748	0.38800	24.3	13111	30
2025-5-17 10:32:18.457	WTBenchPress#5(CEA7A127C8E8)	-0.244	-1.223	-0.529	-118.774	84.045	-150.146	-83.67	9.23	51.81	58.114	64.876	8.526	0.64471	-0.61801	-0.22748	0.38800	24.3	13111	30
2025-5-17 10:32:18.488	WTBenchPress#5(CEA7A127C8E8)	-0.333	-1.693	-0.607	-111.328	62.256	-144.775	-86.27	6.30	50.64	58.114	64.876	8.526	0.64471	-0.61801	-0.22748	0.38800	24.3	13111	30
2025-5-17 10:32:18.488	WTBenchPress#5(CEA7A127C8E8)	-0.346	-2.045	-0.577	-116.272	46.082	-121.460	-88.88	3.84	49.97	58.114	64.876	8.526	0.64471	-0.61801	-0.22748	0.38800	24.3	13111	30
2025-5-17 10:32:18.517	WTBenchPress#5(CEA7A127C8E8)	-0.308	-2.019	-0.460	-90.881	27.283	-102.295	-90.90	1.79	49.75	58.114	64.876	8.526	0.64471	-0.61801	-0.22748	0.38800	24.3	13111	30
2025-5-17 10:32:18.518	WTBenchPress#5(CEA7A127C8E8)	-0.277	-2.028	-0.372	-55.176	12.207	-97.168	-92.15	-0.12	49.84	58.114	64.876	8.526	0.64471	-0.61801	-0.22748	0.38800	24.3	13111	30
2025-5-17 10:32:18.578	WTBenchPress#5(CEA7A127C8E8)	-0.196	-2.161	-0.177	-37.048	0.061	-86.121	-93.02	-1.76	50.13	58.114	64.876	8.526	0.64471	-0.61801	-0.22748	0.38800	24.3	13111	30
2025-5-17 10:32:18.578	WTBenchPress#5(CEA7A127C8E8)	-0.129	-1.998	-0.028	-29.114	-1.160	-59.082	-93.68	-2.83	50.36	58.114	64.876	8.526	0.64471	-0.61801	-0.22748	0.38800	24.3	13111	30
2025-5-17 10:32:18.608	WTBenchPress#5(CEA7A127C8E8)	-0.147	-1.683	-0.061	9.827	-2.930	-49.927	-93.55	-3.71	50.57	58.114	64.876	8.526	0.64471	-0.61801	-0.22748	0.38800	24.3	13111	30
2025-5-17 10:32:18.609	WTBenchPress#5(CEA7A127C8E8)	-0.060	-1.645	-0.143	46.936	-7.935	-45.471	-92.68	-4.49	50.84	58.114	64.876	8.526	0.64471	-0.61801	-0.22748	0.38800	24.3	13111	30
2025-5-17 10:32:18.638	WTBenchPress#5(CEA7A127C8E8)	-0.062	-1.566	-0.013	-43.030	3.296	10.315	-93.13	-4.51	50.88	58.114	64.876	8.526	0.64471	-0.61801	-0.22748	0.38800	24.3	13111	30
2025-5-17 10:32:18.638	WTBenchPress#5(CEA7A127C8E8)	-0.101	-1.458	-0.024	14.160	-0.732	4.211	-93.72	-4.22	50.85	33.614	71.932	27.146	0.64471	-0.61801	-0.22748	0.38800	24.3	13111	30
2025-5-17 10:32:18.698	WTBenchPress#5(CEA7A127C8E8)	-0.118	-1.573	-0.063	55.176	-2.808	-4.456	-93.25	-4.08	50.89	33.614	71.932	27.146	0.64471	-0.61801	-0.22748	0.38800	24.3	13111	30
2025-5-17 10:32:18.698	WTBenchPress#5(CEA7A127C8E8)	-0.119	-1.752	-0.063	65.552	-8.179	4.639	-92.12	-4.02	50.98	33.614	71.932	27.146	0.64471	-0.61801	-0.22748	0.38800	24.3	13111	30
2025-5-17 10:32:18.727	WTBenchPress#5(CEA7A127C8E8)	-0.077	-1.873	-0.020	42.053	-9.033	29.663	-90.97	-3.69	51.16	33.614	71.932	27.146	0.64471	-0.61801	-0.22748	0.38800	24.3	13111	30
2025-5-17 10:32:18.728	WTBenchPress#5(CEA7A127C8E8)	-0.094	-1.785	0.030	46.082	-10.315	49.500	-90.14	-2.91	51.34	33.614	71.932	27.146	0.64471	-0.61801	-0.22748	0.38800	24.3	13111	30
2025-5-17 10:32:18.757	WTBenchPress#5(CEA7A127C8E8)	-0.150	-1.756	-0.028	84.229	-9.033	48.035	-89.08	-1.86	51.56	33.614	71.932	27.146	0.64471	-0.61801	-0.22748	0.38800	24.3	13111	30
2025-5-17 10:32:18.758	WTBenchPress#5(CEA7A127C8E8)	-0.141	-1.872	-0.095	117.126	-12.390	58.044	-87.28	-0.79	51.80	33.614	71.932	27.146	0.64471	-0.61801	-0.22748	0.38800	24.3	13111	30
2025-5-17 10:32:18.819	WTBenchPress#5(CEA7A127C8E8)	-0.093	-1.783	-0.105	127.258	-19.592	85.754	-84.96	0.52	52.20	33.614	71.932	27.146	0.64471	-0.61801	-0.22748	0.38800	24.3	13111	30
2025-5-17 10:32:18.819	WTBenchPress#5(CEA7A127C8E8)	-0.090	-1.560	-0.109	118.347	-20.569	105.042	-82.56	2.31	52.84	33.614	71.932	27.146	0.64471	-0.61801	-0.22748	0.38800	24.3	13111	30
2025-5-17 10:32:18.852	WTBenchPress#5(CEA7A127C8E8)	-0.085	-1.452	-0.126	133.179	-24.231	117.126	-80.21	4.37	53.66	33.614	71.932	27.146	0.64471	-0.61801	-0.22748	0.38800	24.3	13111	30
2025-5-17 10:32:18.852	WTBenchPress#5(CEA7A127C8E8)	-0.089	-1.323	-0.142	148.743	-32.104	125.610	-77.55	6.58	54.74	33.614	71.932	27.146	0.67645	-0.56891	-0.23898	0.40189	24.3	13111	30
2025-5-17 10:32:18.878	WTBenchPress#5(CEA7A127C8E8)	-0.093	-1.187	-0.111	150.208	-30.640	135.864	-74.60	8.84	56.11	33.614	71.932	27.146	0.67645	-0.56891	-0.23898	0.40189	24.3	13111	30
2025-5-17 10:32:18.878	WTBenchPress#5(CEA7A127C8E8)	-0.067	-1.030	-0.103	145.874	-22.644	148.987	-71.63	11.23	57.62	33.614	71.932	27.146	0.67645	-0.56891	-0.23898	0.40189	24.3	13111	30
2025-5-17 10:32:18.938	WTBenchPress#5(CEA7A127C8E8)	-0.097	-0.743	-0.065	137.634	-19.226	155.579	-68.70	13.78	59.24	33.614	71.932	27.146	0.67645	-0.56891	-0.23898	0.40189	24.3	13111	30
2025-5-17 10:32:18.938	WTBenchPress#5(CEA7A127C8E8)	-0.124	-0.469	-0.072	112.854	-16.724	151.306	-65.97	16.31	60.99	33.614	71.932	27.146	0.67645	-0.56891	-0.23898	0.40189	24.3	13111	30
2025-5-17 10:32:18.967	WTBenchPress#5(CEA7A127C8E8)	-0.125	-0.219	-0.032	84.534	-19.958	137.146	-63.70	18.64	62.80	33.614	71.932	27.146	0.67645	-0.56891	-0.23898	0.40189	24.3	13111	30
2025-5-17 10:32:18.967	WTBenchPress#5(CEA7A127C8E8)	-0.125	-0.040	0.096	63.904	-20.935	112.671	-61.92	20.57	64.61	33.614	71.932	27.146	0.67645	-0.56891	-0.23898	0.40189	24.3	13111	30
2025-5-17 10:32:19.28	WTBenchPress#5(CEA7A127C8E8)	-0.129	0.048	0.187	43.030	-11.597	87.219	-60.59	22.04	66.19	33.614	71.932	27.146	0.67645	-0.56891	-0.23898	0.40189	24.3	13111	30
2025-5-17 10:32:19.28	WTBenchPress#5(CEA7A127C8E8)	-0.122	0.074	0.285	29.724	-9.460	62.500	-59.74	23.15	67.35	33.614	71.932	27.146	0.67645	-0.56891	-0.23898	0.40189	24.3	13111	30
2025-5-17 10:32:19.59	WTBenchPress#5(CEA7A127C8E8)	-0.136	0.071	0.360	36.499	-8.240	39.612	-59.11	23.89	68.13	56.840	66.444	9.212	0.67645	-0.56891	-0.23898	0.40189	24.3	13111	30
2025-5-17 10:32:19.59	WTBenchPress#5(CEA7A127C8E8)	-0.146	0.072	0.363	23.071	-2.258	21.240	-58.45	24.33	68.51	56.840	66.444	9.212	0.67645	-0.56891	-0.23898	0.40189	24.3	13111	30
2025-5-17 10:32:19.88	WTBenchPress#5(CEA7A127C8E8)	-0.135	0.062	0.375	-7.935	7.080	7.568	-58.35	24.54	68.36	56.840	66.444	9.212	0.67645	-0.56891	-0.23898	0.40189	24.3	13111	30
2025-5-17 10:32:19.88	WTBenchPress#5(CEA7A127C8E8)	-0.126	0.084	0.388	-37.537	14.893	-2.686	-58.82	24.64	67.83	56.840	66.444	9.212	0.67645	-0.56891	-0.23898	0.40189	24.3	13111	30
2025-5-17 10:32:19.153	WTBenchPress#5(CEA7A127C8E8)	-0.127	0.122	0.387	-69.275	24.536	-18.921	-59.86	24.58	66.97	56.840	66.444	9.212	0.67645	-0.56891	-0.23898	0.40189	24.3	13111	30
2025-5-17 10:32:19.153	WTBenchPress#5(CEA7A127C8E8)	-0.135	0.076	0.396	-64.514	29.114	-44.739	-61.17	24.18	65.77	56.840	66.444	9.212	0.67645	-0.56891	-0.23898	0.40189	24.3	13111	30
2025-5-17 10:32:19.178	WTBenchPress#5(CEA7A127C8E8)	-0.157	-0.043	0.352	-43.274	28.809	-67.566	-62.22	23.34	64.32	56.840	66.444	9.212	0.67645	-0.56891	-0.23898	0.40189	24.3	13111	30
2025-5-17 10:32:19.178	WTBenchPress#5(CEA7A127C8E8)	-0.162	-0.167	0.274	-49.561	31.860	-81.970	-63.13	22.18	62.71	56.840	66.444	9.212	0.67645	-0.56891	-0.23898	0.40189	24.3	13111	30
2025-5-17 10:32:19.208	WTBenchPress#5(CEA7A127C8E8)	-0.159	-0.281	0.238	-79.651	37.781	-89.417	-64.47	20.86	60.93	56.840	66.444	9.212	0.67645	-0.56891	-0.23898	0.40189	24.3	13111	30
2025-5-17 10:32:19.208	WTBenchPress#5(CEA7A127C8E8)	-0.184	-0.380	0.181	-109.619	49.927	-94.727	-66.49	19.50	58.96	56.840	66.444	9.212	0.67645	-0.56891	-0.23898	0.40189	24.3	13111	30
2025-5-17 10:32:19.268	WTBenchPress#5(CEA7A127C8E8)	-0.198	-0.532	0.094	-115.417	52.185	-103.088	-68.94	18.03	56.86	56.840	66.444	9.212	0.67517	-0.56235	-0.16031	0.44958	24.3	13111	30
2025-5-17 10:32:19.268	WTBenchPress#5(CEA7A127C8E8)	-0.218	-0.709	0.000	-89.417	40.771	-112.366	-71.22	16.35	54.88	56.840	66.444	9.212	0.67517	-0.56235	-0.16031	0.44958	24.3	13111	30
2025-5-17 10:32:19.297	WTBenchPress#5(CEA7A127C8E8)	-0.244	-0.958	-0.065	-82.214	39.307	-107.361	-73.20	14.56	53.14	56.840	66.444	9.212	0.67517	-0.56235	-0.16031	0.44958	24.3	13111	30
2025-5-17 10:32:19.298	WTBenchPress#5(CEA7A127C8E8)	-0.255	-1.085	-0.123	-97.839	35.400	-81.482	-75.29	13.02	51.70	56.840	66.444	9.212	0.67517	-0.56235	-0.16031	0.44958	24.3	13111	30
2025-5-17 10:32:19.328	WTBenchPress#5(CEA7A127C8E8)	-0.259	-1.057	-0.167	-113.098	32.166	-74.036	-77.67	11.73	50.58	56.840	66.444	9.212	0.67517	-0.56235	-0.16031	0.44958	24.3	13111	30
2025-5-17 10:32:19.328	WTBenchPress#5(CEA7A127C8E8)	-0.287	-1.110	-0.192	-113.220	27.649	-85.693	-80.20	10.35	49.66	56.840	66.444	9.212	0.67517	-0.56235	-0.16031	0.44958	24.3	13111	30
2025-5-17 10:32:19.388	WTBenchPress#5(CEA7A127C8E8)	-0.247	-1.290	-0.141	-94.788	20.142	-90.454	-82.51	8.76	48.95	56.840	66.444	9.212	0.67517	-0.56235	-0.16031	0.44958	24.3	13111	30
2025-5-17 10:32:19.388	WTBenchPress#5(CEA7A127C8E8)	-0.235	-1.352	-0.079	-68.054	14.832	-83.008	-84.31	7.15	48.46	56.840	66.444	9.212	0.67517	-0.56235	-0.16031	0.44958	24.3	13111	30
2025-5-17 10:32:19.419	WTBenchPress#5(CEA7A127C8E8)	-0.230	-1.351	-0.113	-66.101	16.968	-76.599	-85.79	5.67	48.05	56.840	66.444	9.212	0.67517	-0.56235	-0.16031	0.44958	24.3	13111	30
2025-5-17 10:32:19.419	WTBenchPress#5(CEA7A127C8E8)	-0.215	-1.372	-0.137	-83.984	18.188	-76.599	-87.41	4.26	47.66	56.840	66.444	9.212	0.67517	-0.56235	-0.16031	0.44958	24.3	13111	30
2025-5-17 10:32:19.451	WTBenchPress#5(CEA7A127C8E8)	-0.196	-1.503	-0.059	-63.782	13.184	-83.740	-88.97	2.76	47.35	56.840	66.444	9.212	0.67517	-0.56235	-0.16031	0.44958	24.3	13111	30
2025-5-17 10:32:19.451	WTBenchPress#5(CEA7A127C8E8)	-0.196	-1.593	-0.017	-32.166	7.568	-78.369	-89.98	1.25	47.18	40.082	69.188	25.676	0.67517	-0.56235	-0.16031	0.44958	24.3	13111	30
2025-5-17 10:32:19.508	WTBenchPress#5(CEA7A127C8E8)	-0.183	-1.652	-0.025	-18.188	1.831	-63.416	-90.52	-0.05	47.13	40.082	69.188	25.676	0.67517	-0.56235	-0.16031	0.44958	24.3	13111	30
2025-5-17 10:32:19.508	WTBenchPress#5(CEA7A127C8E8)	-0.167	-1.674	-0.001	-26.672	0.610	-48.706	-91.03	-0.98	47.15	40.082	69.188	25.676	0.67517	-0.56235	-0.16031	0.44958	24.3	13111	30
2025-5-17 10:32:19.537	WTBenchPress#5(CEA7A127C8E8)	-0.158	-1.728	0.049	-16.418	1.648	-36.133	-91.41	-1.64	47.16	40.082	69.188	25.676	0.67517	-0.56235	-0.16031	0.44958	24.3	13111	30
2025-5-17 10:32:19.538	WTBenchPress#5(CEA7A127C8E8)	-0.188	-1.712	0.044	-5.859	5.554	-27.588	-91.57	-2.13	47.10	40.082	69.188	25.676	0.67517	-0.56235	-0.16031	0.44958	24.3	13111	30
2025-5-17 10:32:19.568	WTBenchPress#5(CEA7A127C8E8)	-0.189	-1.785	-0.035	-2.991	5.127	-14.893	-91.63	-2.37	47.02	40.082	69.188	25.676	0.67517	-0.56235	-0.16031	0.44958	24.3	13111	30
2025-5-17 10:32:19.568	WTBenchPress#5(CEA7A127C8E8)	-0.192	-1.770	-0.001	-8.545	3.845	5.066	-91.75	-2.26	46.95	40.082	69.188	25.676	0.67517	-0.56235	-0.16031	0.44958	24.3	13111	30
2025-5-17 10:32:19.629	WTBenchPress#5(CEA7A127C8E8)	-0.180	-1.650	-0.005	8.179	-1.343	19.348	-91.66	-1.83	46.96	40.082	69.188	25.676	0.67517	-0.56235	-0.16031	0.44958	24.3	13111	30
2025-5-17 10:32:19.629	WTBenchPress#5(CEA7A127C8E8)	-0.217	-1.476	-0.031	31.067	-7.935	24.658	-91.15	-1.26	47.09	40.082	69.188	25.676	0.67517	-0.56235	-0.16031	0.44958	24.3	13111	30
2025-5-17 10:32:19.658	WTBenchPress#5(CEA7A127C8E8)	-0.219	-1.539	-0.027	43.274	-10.376	26.367	-90.35	-0.65	47.30	40.082	69.188	25.676	0.67517	-0.56235	-0.16031	0.44958	24.3	13111	30
2025-5-17 10:32:19.658	WTBenchPress#5(CEA7A127C8E8)	-0.235	-1.533	-0.043	47.852	-15.442	33.203	-89.43	0.06	47.60	40.082	69.188	25.676	0.65298	-0.63922	-0.28021	0.29382	24.3	13111	30
2025-5-17 10:32:19.689	WTBenchPress#5(CEA7A127C8E8)	-0.241	-1.585	-0.041	67.383	-21.179	26.733	-88.20	0.70	48.03	40.082	69.188	25.676	0.65298	-0.63922	-0.28021	0.29382	24.3	13111	30
2025-5-17 10:32:19.689	WTBenchPress#5(CEA7A127C8E8)	-0.230	-1.722	-0.005	83.984	-27.100	30.029	-86.64	1.34	48.58	40.082	69.188	25.676	0.65298	-0.63922	-0.28021	0.29382	24.3	13111	30
2025-5-17 10:32:19.751	WTBenchPress#5(CEA7A127C8E8)	-0.205	-1.819	0.088	88.135	-27.100	43.640	-84.94	2.17	49.20	40.082	69.188	25.676	0.65298	-0.63922	-0.28021	0.29382	24.3	13111	30
2025-5-17 10:32:19.751	WTBenchPress#5(CEA7A127C8E8)	-0.222	-1.708	0.064	108.887	-27.954	61.157	-82.91	3.30	49.88	40.082	69.188	25.676	0.65298	-0.63922	-0.28021	0.29382	24.3	13111	30
2025-5-17 10:32:19.778	WTBenchPress#5(CEA7A127C8E8)	-0.208	-1.612	-0.028	113.953	-27.222	74.890	-80.70	4.67	50.66	40.082	69.188	25.676	0.65298	-0.63922	-0.28021	0.29382	24.3	13111	30
2025-5-17 10:32:19.778	WTBenchPress#5(CEA7A127C8E8)	-0.190	-1.520	-0.054	119.812	-31.311	89.355	-78.38	6.27	51.61	40.082	69.188	25.676	0.65298	-0.63922	-0.28021	0.29382	24.3	13111	30
2025-5-17 10:32:19.838	WTBenchPress#5(CEA7A127C8E8)	-0.179	-1.366	-0.108	123.657	-31.250	101.257	-75.95	8.04	52.73	40.082	69.188	25.676	0.65298	-0.63922	-0.28021	0.29382	24.3	13111	30
2025-5-17 10:32:19.838	WTBenchPress#5(CEA7A127C8E8)	-0.137	-1.216	-0.141	129.456	-35.034	109.924	-73.40	9.90	54.07	40.082	69.188	25.676	0.65298	-0.63922	-0.28021	0.29382	24.3	13111	30
2025-5-17 10:32:19.868	WTBenchPress#5(CEA7A127C8E8)	-0.130	-1.063	-0.092	113.708	-30.884	122.498	-71.03	11.91	55.56	40.082	69.188	25.676	0.65298	-0.63922	-0.28021	0.29382	24.3	13111	30
2025-5-17 10:32:19.868	WTBenchPress#5(CEA7A127C8E8)	-0.093	-0.861	-0.081	84.595	-27.954	130.920	-69.13	14.04	57.16	40.082	69.188	25.676	0.65298	-0.63922	-0.28021	0.29382	24.3	13111	30
2025-5-17 10:32:19.897	WTBenchPress#5(CEA7A127C8E8)	-0.088	-0.685	-0.012	86.487	-31.982	131.836	-67.27	16.13	58.92	49.588	70.952	14.994	0.65298	-0.63922	-0.28021	0.29382	24.3	13111	30
2025-5-17 10:32:19.898	WTBenchPress#5(CEA7A127C8E8)	-0.094	-0.467	0.013	86.975	-34.119	125.061	-65.33	18.03	60.78	49.588	70.952	14.994	0.65298	-0.63922	-0.28021	0.29382	24.3	13111	30
2025-5-17 10:32:19.927	WTBenchPress#5(CEA7A127C8E8)	-0.051	-0.330	0.028	78.613	-31.982	111.084	-63.56	19.60	62.53	49.588	70.952	14.994	0.65298	-0.63922	-0.28021	0.29382	24.3	13111	30
2025-5-17 10:32:19.927	WTBenchPress#5(CEA7A127C8E8)	-0.103	-0.106	0.051	55.115	-30.396	97.656	-62.25	20.89	64.18	49.588	70.952	14.994	0.65298	-0.63922	-0.28021	0.29382	24.3	13111	30
2025-5-17 10:32:20.19	WTBenchPress#5(CEA7A127C8E8)	-0.110	-0.099	0.196	35.278	-25.452	82.886	-61.38	21.95	65.58	49.588	70.952	14.994	0.65298	-0.63922	-0.28021	0.29382	24.3	13111	30
2025-5-17 10:32:20.19	WTBenchPress#5(CEA7A127C8E8)	-0.094	-0.017	0.266	9.888	-18.005	62.805	-61.09	22.75	66.57	49.588	70.952	14.994	0.65298	-0.63922	-0.28021	0.29382	24.3	13111	30
2025-5-17 10:32:20.20	WTBenchPress#5(CEA7A127C8E8)	-0.078	0.054	0.351	17.334	-20.264	37.109	-60.65	23.10	67.25	49.588	70.952	14.994	0.65298	-0.63922	-0.28021	0.29382	24.3	13111	30
2025-5-17 10:32:20.20	WTBenchPress#5(CEA7A127C8E8)	-0.070	0.038	0.414	4.944	-8.484	15.198	-60.52	23.20	67.36	49.588	70.952	14.994	0.65298	-0.63922	-0.28021	0.29382	24.3	13111	30
2025-5-17 10:32:20.51	WTBenchPress#5(CEA7A127C8E8)	-0.077	0.023	0.433	-12.390	2.625	-3.357	-60.77	23.07	66.99	49.588	70.952	14.994	0.65298	-0.63922	-0.28021	0.29382	24.3	13111	30
2025-5-17 10:32:20.51	WTBenchPress#5(CEA7A127C8E8)	-0.063	0.005	0.435	-21.179	5.798	-13.306	-61.12	22.76	66.43	49.588	70.952	14.994	0.65121	-0.51004	-0.13083	0.54639	24.3	13111	30
2025-5-17 10:32:20.107	WTBenchPress#5(CEA7A127C8E8)	-0.050	0.089	0.436	-36.621	10.620	-27.039	-61.73	22.24	65.65	49.588	70.952	14.994	0.65121	-0.51004	-0.13083	0.54639	24.3	13111	30
2025-5-17 10:32:20.107	WTBenchPress#5(CEA7A127C8E8)	-0.051	0.081	0.435	-58.899	23.499	-47.119	-62.82	21.44	64.47	49.588	70.952	14.994	0.65121	-0.51004	-0.13083	0.54639	24.3	13111	30
2025-5-17 10:32:20.137	WTBenchPress#5(CEA7A127C8E8)	-0.053	-0.033	0.412	-71.350	32.532	-63.171	-64.18	20.41	63.00	49.588	70.952	14.994	0.65121	-0.51004	-0.13083	0.54639	24.3	13111	30
2025-5-17 10:32:20.137	WTBenchPress#5(CEA7A127C8E8)	-0.043	-0.121	0.353	-73.792	35.278	-71.045	-65.57	19.23	61.46	49.588	70.952	14.994	0.65121	-0.51004	-0.13083	0.54639	24.3	13111	30
2025-5-17 10:32:20.168	WTBenchPress#5(CEA7A127C8E8)	-0.029	-0.093	0.287	-83.862	38.635	-83.374	-67.15	17.83	59.80	49.588	70.952	14.994	0.65121	-0.51004	-0.13083	0.54639	24.3	13111	30
2025-5-17 10:32:20.168	WTBenchPress#5(CEA7A127C8E8)	-0.057	-0.154	0.178	-96.313	47.363	-110.168	-69.04	15.96	57.82	49.588	70.952	14.994	0.65121	-0.51004	-0.13083	0.54639	24.3	13111	30
2025-5-17 10:32:20.228	WTBenchPress#5(CEA7A127C8E8)	-0.073	-0.523	0.032	-86.975	48.767	-127.319	-70.81	13.79	55.76	49.588	70.952	14.994	0.65121	-0.51004	-0.13083	0.54639	24.3	13111	30
2025-5-17 10:32:20.229	WTBenchPress#5(CEA7A127C8E8)	-0.081	-0.813	0.021	-105.286	51.270	-111.389	-73.03	11.91	53.87	49.588	70.952	14.994	0.65121	-0.51004	-0.13083	0.54639	24.3	13111	30
2025-5-17 10:32:20.257	WTBenchPress#5(CEA7A127C8E8)	-0.105	-0.834	0.005	-132.996	57.373	-94.543	-75.87	10.37	52.10	49.588	70.952	14.994	0.65121	-0.51004	-0.13083	0.54639	24.3	13111	30
2025-5-17 10:32:20.257	WTBenchPress#5(CEA7A127C8E8)	-0.132	-0.854	-0.101	-158.325	65.369	-88.318	-79.26	8.90	50.37	48.608	69.776	20.090	0.65121	-0.51004	-0.13083	0.54639	24.3	13111	30
2025-5-17 10:32:20.289	WTBenchPress#5(CEA7A127C8E8)	-0.203	-0.982	-0.229	-132.019	58.105	-100.769	-82.11	7.11	48.92	48.608	69.776	20.090	0.65121	-0.51004	-0.13083	0.54639	24.3	13111	30
2025-5-17 10:32:20.289	WTBenchPress#5(CEA7A127C8E8)	-0.198	-1.359	-0.337	-91.309	44.922	-100.037	-84.13	5.26	47.89	48.608	69.776	20.090	0.65121	-0.51004	-0.13083	0.54639	24.3	13111	30
2025-5-17 10:32:20.350	WTBenchPress#5(CEA7A127C8E8)	-0.208	-1.472	-0.291	-95.337	34.119	-76.355	-86.20	3.82	47.30	48.608	69.776	20.090	0.65121	-0.51004	-0.13083	0.54639	24.3	13111	30
2025-5-17 10:32:20.351	WTBenchPress#5(CEA7A127C8E8)	-0.200	-1.559	-0.264	-91.431	34.607	-72.632	-88.24	2.40	46.72	48.608	69.776	20.090	0.65121	-0.51004	-0.13083	0.54639	24.3	13111	30
2025-5-17 10:32:20.378	WTBenchPress#5(CEA7A127C8E8)	-0.204	-1.549	-0.218	-88.501	34.973	-67.688	-90.17	1.04	46.19	48.608	69.776	20.090	0.65121	-0.51004	-0.13083	0.54639	24.3	13111	30
2025-5-17 10:32:20.378	WTBenchPress#5(CEA7A127C8E8)	-0.175	-1.624	-0.217	-62.439	27.954	-64.941	-91.90	-0.22	45.71	48.608	69.776	20.090	0.65121	-0.51004	-0.13083	0.54639	24.3	13111	30
2025-5-17 10:32:20.439	WTBenchPress#5(CEA7A127C8E8)	-0.186	-1.686	-0.116	-16.052	19.958	-60.608	-92.97	-1.42	45.40	48.608	69.776	20.090	0.65121	-0.51004	-0.13083	0.54639	24.3	13111	30
2025-5-17 10:32:20.439	WTBenchPress#5(CEA7A127C8E8)	-0.168	-1.724	-0.133	31.311	7.996	-48.767	-93.10	-2.48	45.25	48.608	69.776	20.090	0.65121	-0.51004	-0.13083	0.54639	24.3	13111	30
2025-5-17 10:32:20.468	WTBenchPress#5(CEA7A127C8E8)	-0.152	-1.698	-0.120	10.742	6.531	-25.757	-92.62	-3.24	45.26	48.608	69.776	20.090	0.65121	-0.51004	-0.13083	0.54639	24.3	13111	30
2025-5-17 10:32:20.469	WTBenchPress#5(CEA7A127C8E8)	-0.136	-1.548	-0.097	-23.743	14.587	-3.113	-92.61	-3.53	45.21	48.608	69.776	20.090	0.64398	-0.66147	-0.29730	0.24335	24.3	13111	30
2025-5-17 10:32:20.498	WTBenchPress#5(CEA7A127C8E8)	-0.110	-1.322	-0.116	-26.672	16.296	2.563	-93.12	-3.46	45.03	48.608	69.776	20.090	0.64398	-0.66147	-0.29730	0.24335	24.3	13111	30
2025-5-17 10:32:20.498	WTBenchPress#5(CEA7A127C8E8)	-0.089	-1.139	-0.152	-2.747	11.841	-6.409	-93.55	-3.35	44.84	48.608	69.776	20.090	0.64398	-0.66147	-0.29730	0.24335	24.3	13111	30
2025-5-17 10:32:20.558	WTBenchPress#5(CEA7A127C8E8)	-0.201	-1.081	-0.144	22.949	4.578	-21.423	-93.50	-3.46	44.77	48.608	69.776	20.090	0.64398	-0.66147	-0.29730	0.24335	24.3	13111	30
2025-5-17 10:32:20.558	WTBenchPress#5(CEA7A127C8E8)	0.003	-1.394	-0.250	75.867	-7.996	-39.795	-92.82	-3.86	44.91	48.608	69.776	20.090	0.64398	-0.66147	-0.29730	0.24335	24.3	13111	30
2025-5-17 10:32:20.588	WTBenchPress#5(CEA7A127C8E8)	-0.081	-1.379	0.058	209.229	-62.378	-9.338	-90.74	-4.38	45.53	48.608	69.776	20.090	0.64398	-0.66147	-0.29730	0.24335	24.3	13111	30
2025-5-17 10:32:20.588	WTBenchPress#5(CEA7A127C8E8)	-0.043	-1.207	0.017	47.363	-23.560	-3.540	-87.54	-4.44	46.74	48.608	69.776	20.090	0.64398	-0.66147	-0.29730	0.24335	24.3	13111	30
2025-5-17 10:32:20.619	WTBenchPress#5(CEA7A127C8E8)	-0.028	-1.017	0.001	5.188	-9.949	-3.235	-86.93	-4.43	47.29	48.608	69.776	20.090	0.64398	-0.66147	-0.29730	0.24335	24.3	13111	30
2025-5-17 10:32:20.619	WTBenchPress#5(CEA7A127C8E8)	-0.038	-1.041	0.037	5.127	-6.714	-2.625	-86.93	-4.40	47.62	48.608	69.776	20.090	0.64398	-0.66147	-0.29730	0.24335	24.3	13111	30
2025-5-17 10:32:20.678	WTBenchPress#5(CEA7A127C8E8)	-0.019	-1.031	0.021	16.418	-12.451	-3.235	-86.86	-4.37	47.92	33.418	74.578	19.600	0.64398	-0.66147	-0.29730	0.24335	24.3	13111	30
2025-5-17 10:32:20.678	WTBenchPress#5(CEA7A127C8E8)	-0.023	-1.030	0.011	5.188	-1.282	1.587	-86.68	-4.33	48.25	33.418	74.578	19.600	0.64398	-0.66147	-0.29730	0.24335	24.3	13111	30
2025-5-17 10:32:20.707	WTBenchPress#5(CEA7A127C8E8)	-0.008	-1.029	0.005	0.305	-2.808	0.549	-86.67	-4.22	48.41	33.418	74.578	19.600	0.64398	-0.66147	-0.29730	0.24335	24.3	13111	30
2025-5-17 10:32:20.707	WTBenchPress#5(CEA7A127C8E8)	-0.006	-1.030	0.000	-0.244	-7.629	0.183	-86.73	-4.13	48.62	33.418	74.578	19.600	0.64398	-0.66147	-0.29730	0.24335	24.3	13111	30
2025-5-17 10:32:20.738	WTBenchPress#5(CEA7A127C8E8)	-0.007	-1.032	0.012	-1.343	-34.363	-1.160	-86.82	-4.08	49.04	33.418	74.578	19.600	0.64398	-0.66147	-0.29730	0.24335	24.3	13111	30
2025-5-17 10:32:20.738	WTBenchPress#5(CEA7A127C8E8)	-0.026	-1.032	0.066	-15.503	-28.687	1.526	-87.09	-4.03	49.79	33.418	74.578	19.600	0.64398	-0.66147	-0.29730	0.24335	24.3	13111	30
2025-5-17 10:32:20.798	WTBenchPress#5(CEA7A127C8E8)	-0.017	-1.030	-0.018	4.395	-28.198	-0.854	-87.28	-3.99	50.47	33.418	74.578	19.600	0.64398	-0.66147	-0.29730	0.24335	24.3	13111	30
2025-5-17 10:32:20.798	WTBenchPress#5(CEA7A127C8E8)	-0.020	-1.030	0.024	2.930	-1.770	-0.793	-87.26	-3.95	50.87	33.418	74.578	19.600	0.64398	-0.66147	-0.29730	0.24335	24.3	13111	30
2025-5-17 10:32:20.828	WTBenchPress#5(CEA7A127C8E8)	-0.019	-1.030	0.011	-0.488	0.000	0.061	-87.28	-3.89	50.98	33.418	74.578	19.600	0.64398	-0.66147	-0.29730	0.24335	24.3	13111	30
2025-5-17 10:32:20.828	WTBenchPress#5(CEA7A127C8E8)	-0.019	-1.030	0.013	0.061	0.000	-0.061	-87.31	-3.83	51.08	33.418	74.578	19.600	0.64398	-0.66147	-0.29730	0.24335	24.3	13111	30
2025-5-17 10:32:20.857	WTBenchPress#5(CEA7A127C8E8)	-0.019	-1.030	0.013	0.000	0.000	0.000	-87.35	-3.77	51.17	33.418	74.578	19.600	0.64398	-0.66147	-0.29730	0.24335	24.3	13111	30
2025-5-17 10:32:20.857	WTBenchPress#5(CEA7A127C8E8)	-0.020	-1.030	0.014	0.000	0.000	0.000	-87.38	-3.71	51.27	33.418	74.578	19.600	0.66107	-0.61230	-0.31985	0.29269	24.3	13111	30
2025-5-17 10:32:20.918	WTBenchPress#5(CEA7A127C8E8)	-0.019	-1.030	0.014	0.000	0.000	0.000	-87.41	-3.65	51.36	33.418	74.578	19.600	0.66107	-0.61230	-0.31985	0.29269	24.3	13111	30
2025-5-17 10:32:20.918	WTBenchPress#5(CEA7A127C8E8)	-0.019	-1.030	0.014	0.000	0.000	0.000	-87.44	-3.59	51.45	33.418	74.578	19.600	0.66107	-0.61230	-0.31985	0.29269	24.3	13111	30
2025-5-17 10:32:20.950	WTBenchPress#5(CEA7A127C8E8)	-0.020	-1.030	0.013	0.000	0.000	0.000	-87.47	-3.54	51.54	33.418	74.578	19.600	0.66107	-0.61230	-0.31985	0.29269	24.3	13111	30
2025-5-17 10:32:20.950	WTBenchPress#5(CEA7A127C8E8)	-0.019	-1.030	0.013	0.000	0.000	0.000	-87.49	-3.48	51.63	33.418	74.578	19.600	0.66107	-0.61230	-0.31985	0.29269	24.3	13111	30
