time	DeviceName	AccX(g)	AccY(g)	AccZ(g)	AsX(°/s)	AsY(°/s)	AsZ(°/s)	AngleX(°)	AngleY(°)	AngleZ(°)	HX(uT)	HY(uT)	HZ(uT)	Q0()	Q1()	Q2()	Q3()	Temperature(°C)	Version()	Battery level(%)
2025-5-17 10:31:36.8	WTBenchPress#5(CEA7A127C8E8)	-0.024	-1.030	0.015	0.000	0.000	0.000	-89.18	1.36	55.28	34.300	75.166	21.462	0.62692	-0.62573	-0.31815	0.33777	24.3	13111	30
2025-5-17 10:31:36.8	WTBenchPress#5(CEA7A127C8E8)	-0.025	-1.030	0.014	0.000	0.000	0.000	-89.18	1.36	55.28	34.300	75.166	21.462	0.62692	-0.62573	-0.31815	0.33777	24.3	13111	30
2025-5-17 10:31:36.38	WTBenchPress#5(CEA7A127C8E8)	-0.025	-1.030	0.016	0.000	0.000	0.000	-89.18	1.36	55.28	34.300	75.166	21.462	0.62692	-0.62573	-0.31815	0.33777	24.3	13111	30
2025-5-17 10:31:36.38	WTBenchPress#5(CEA7A127C8E8)	-0.024	-1.030	0.017	0.000	0.000	0.000	-89.18	1.36	55.29	34.300	75.166	21.462	0.62692	-0.62573	-0.31815	0.33777	24.3	13111	30
2025-5-17 10:31:36.74	WTBenchPress#5(CEA7A127C8E8)	-0.024	-1.030	0.013	0.000	0.000	0.000	-89.18	1.36	55.29	34.300	75.166	21.462	0.62692	-0.62573	-0.31815	0.33777	24.3	13111	30
2025-5-17 10:31:36.74	WTBenchPress#5(CEA7A127C8E8)	-0.025	-1.030	0.011	0.000	0.000	0.000	-89.18	1.36	55.29	34.300	75.166	21.462	0.62692	-0.62573	-0.31815	0.33777	24.3	13111	30
2025-5-17 10:31:36.132	WTBenchPress#5(CEA7A127C8E8)	-0.024	-1.030	0.015	0.000	0.000	0.000	-89.18	1.36	55.29	34.300	75.166	21.462	0.62692	-0.62573	-0.31815	0.33777	24.3	13111	30
2025-5-17 10:31:36.132	WTBenchPress#5(CEA7A127C8E8)	-0.024	-1.030	0.017	0.000	0.000	0.000	-89.18	1.36	55.29	34.300	75.166	21.462	0.62692	-0.62573	-0.31815	0.33777	24.3	13111	30
2025-5-17 10:31:36.157	WTBenchPress#5(CEA7A127C8E8)	-0.024	-1.029	0.017	0.000	0.000	0.000	-89.18	1.36	55.29	34.300	75.166	21.462	0.62692	-0.62573	-0.31815	0.33777	24.3	13111	30
2025-5-17 10:31:36.157	WTBenchPress#5(CEA7A127C8E8)	-0.025	-1.030	0.016	0.000	0.000	0.000	-89.18	1.36	55.29	34.300	75.264	21.364	0.62692	-0.62573	-0.31815	0.33777	24.3	13111	30
2025-5-17 10:31:36.187	WTBenchPress#5(CEA7A127C8E8)	-0.030	-1.030	0.014	0.000	0.000	0.000	-89.18	1.36	55.29	34.300	75.264	21.364	0.62692	-0.62573	-0.31815	0.33777	24.3	13111	30
2025-5-17 10:31:36.187	WTBenchPress#5(CEA7A127C8E8)	-0.067	-1.031	-0.031	-0.977	6.226	0.000	-89.20	1.36	55.17	34.300	75.264	21.364	0.62692	-0.62573	-0.31815	0.33777	24.3	13111	30
2025-5-17 10:31:36.248	WTBenchPress#5(CEA7A127C8E8)	-0.023	-1.028	0.147	-12.573	63.965	0.000	-89.47	1.38	53.89	34.300	75.264	21.364	0.62692	-0.62573	-0.31815	0.33777	24.3	13111	30
2025-5-17 10:31:36.248	WTBenchPress#5(CEA7A127C8E8)	-0.061	-1.030	-0.014	-1.282	36.987	-0.427	-89.51	1.38	53.14	34.300	75.264	21.364	0.62692	-0.62573	-0.31815	0.33777	24.3	13111	30
2025-5-17 10:31:36.278	WTBenchPress#5(CEA7A127C8E8)	-0.071	-1.033	-0.056	-3.540	30.823	-2.014	-89.59	1.36	52.54	34.300	75.264	21.364	0.62692	-0.62573	-0.31815	0.33777	24.3	13111	30
2025-5-17 10:31:36.278	WTBenchPress#5(CEA7A127C8E8)	-0.727	-1.064	-0.021	-6.042	13.733	-12.024	-89.71	1.13	52.28	34.300	75.264	21.364	0.62692	-0.62573	-0.31815	0.33777	24.3	13111	30
2025-5-17 10:31:36.307	WTBenchPress#5(CEA7A127C8E8)	-0.003	-11.791	0.247	0.244	-37.659	-49.011	-89.70	0.17	53.03	34.300	75.264	21.364	0.62692	-0.62573	-0.31815	0.33777	24.3	13111	30
2025-5-17 10:31:36.307	WTBenchPress#5(CEA7A127C8E8)	0.052	-1.846	0.008	-35.889	-29.053	19.775	-90.40	0.59	53.59	34.300	75.264	21.364	0.62692	-0.62573	-0.31815	0.33777	24.3	13111	30
2025-5-17 10:31:36.367	WTBenchPress#5(CEA7A127C8E8)	0.030	-1.349	-0.060	-57.556	-15.869	127.625	-91.53	3.15	53.86	34.300	75.264	21.364	0.62692	-0.62573	-0.31815	0.33777	24.3	13111	30
2025-5-17 10:31:36.368	WTBenchPress#5(CEA7A127C8E8)	-0.055	-0.946	-0.120	-22.949	-18.188	72.937	-91.94	4.59	54.20	34.300	75.264	21.364	0.62692	-0.62573	-0.31815	0.33777	24.3	13111	30
2025-5-17 10:31:36.399	WTBenchPress#5(CEA7A127C8E8)	-0.129	-1.130	0.019	54.016	-13.062	5.310	-90.83	4.67	54.48	34.300	75.264	21.364	0.61398	-0.64206	-0.29959	0.34775	24.3	13111	30
2025-5-17 10:31:36.399	WTBenchPress#5(CEA7A127C8E8)	-0.112	-1.592	0.128	119.751	-8.423	-29.663	-88.43	4.04	54.65	34.300	75.264	21.364	0.61398	-0.64206	-0.29959	0.34775	24.3	13111	30
2025-5-17 10:31:36.428	WTBenchPress#5(CEA7A127C8E8)	-0.048	-1.774	0.180	148.071	-12.756	-12.146	-85.48	3.77	54.89	34.300	75.264	21.364	0.61398	-0.64206	-0.29959	0.34775	24.3	13111	30
2025-5-17 10:31:36.428	WTBenchPress#5(CEA7A127C8E8)	-0.121	-1.519	0.169	42.297	-13.733	81.360	-83.93	4.73	55.24	34.300	75.264	21.364	0.61398	-0.64206	-0.29959	0.34775	24.3	13111	30
2025-5-17 10:31:36.487	WTBenchPress#5(CEA7A127C8E8)	-0.196	-1.324	0.080	-1.953	-7.263	89.172	-83.30	6.32	55.67	34.300	75.264	21.364	0.61398	-0.64206	-0.29959	0.34775	24.3	13111	30
2025-5-17 10:31:36.487	WTBenchPress#5(CEA7A127C8E8)	-0.162	-1.155	0.059	35.217	-5.859	78.064	-83.16	7.97	56.01	34.300	75.264	21.364	0.61398	-0.64206	-0.29959	0.34775	24.3	13111	30
2025-5-17 10:31:36.517	WTBenchPress#5(CEA7A127C8E8)	-0.171	-1.037	0.075	106.567	-3.296	55.603	-82.11	9.32	56.30	34.300	75.264	21.364	0.61398	-0.64206	-0.29959	0.34775	24.3	13111	30
2025-5-17 10:31:36.517	WTBenchPress#5(CEA7A127C8E8)	-0.201	-1.048	0.090	129.639	0.427	40.955	-79.89	10.28	56.52	34.300	75.264	21.364	0.61398	-0.64206	-0.29959	0.34775	24.3	13111	30
2025-5-17 10:31:36.549	WTBenchPress#5(CEA7A127C8E8)	-0.159	-1.192	0.084	113.281	-6.104	50.476	-77.44	11.05	56.73	34.300	75.264	21.364	0.61398	-0.64206	-0.29959	0.34775	24.3	13111	30
2025-5-17 10:31:36.549	WTBenchPress#5(CEA7A127C8E8)	-0.173	-1.050	0.116	77.087	-11.230	81.909	-75.39	12.08	57.18	34.300	75.264	21.364	0.61398	-0.64206	-0.29959	0.34775	24.3	13111	30
2025-5-17 10:31:36.607	WTBenchPress#5(CEA7A127C8E8)	-0.220	-0.818	0.124	54.260	-11.353	88.623	-73.95	13.55	57.89	47.236	72.030	15.582	0.61398	-0.64206	-0.29959	0.34775	24.3	13111	30
2025-5-17 10:31:36.608	WTBenchPress#5(CEA7A127C8E8)	-0.239	-0.639	0.101	70.129	-16.052	76.599	-72.75	15.02	58.66	47.236	72.030	15.582	0.61398	-0.64206	-0.29959	0.34775	24.3	13111	30
2025-5-17 10:31:36.637	WTBenchPress#5(CEA7A127C8E8)	-0.248	-0.521	0.110	75.867	-12.268	60.242	-71.27	16.22	59.43	47.236	72.030	15.582	0.61398	-0.64206	-0.29959	0.34775	24.3	13111	30
2025-5-17 10:31:36.638	WTBenchPress#5(CEA7A127C8E8)	-0.228	-0.443	0.126	57.678	-14.221	54.077	-69.83	17.16	60.08	47.236	72.030	15.582	0.61398	-0.64206	-0.29959	0.34775	24.3	13111	30
2025-5-17 10:31:36.667	WTBenchPress#5(CEA7A127C8E8)	-0.190	-0.337	0.174	32.349	-17.822	54.871	-68.76	18.00	60.75	47.236	72.030	15.582	0.61398	-0.64206	-0.29959	0.34775	24.3	13111	30
2025-5-17 10:31:36.668	WTBenchPress#5(CEA7A127C8E8)	-0.201	-0.187	0.218	-8.789	-19.958	51.270	-68.24	18.81	61.46	47.236	72.030	15.582	0.61398	-0.64206	-0.29959	0.34775	24.3	13111	30
2025-5-17 10:31:36.729	WTBenchPress#5(CEA7A127C8E8)	-0.144	-0.015	0.215	-29.053	-25.269	34.485	-68.39	19.50	62.11	47.236	72.030	15.582	0.61398	-0.64206	-0.29959	0.34775	24.3	13111	30
2025-5-17 10:31:36.729	WTBenchPress#5(CEA7A127C8E8)	-0.070	0.084	0.278	-19.775	-25.574	6.531	-68.76	19.82	62.61	47.236	72.030	15.582	0.61398	-0.64206	-0.29959	0.34775	24.3	13111	30
2025-5-17 10:31:36.757	WTBenchPress#5(CEA7A127C8E8)	-0.020	0.092	0.337	-19.104	-18.799	-18.982	-68.98	19.68	62.77	47.236	72.030	15.582	0.61398	-0.64206	-0.29959	0.34775	24.3	13111	30
2025-5-17 10:31:36.757	WTBenchPress#5(CEA7A127C8E8)	0.014	0.061	0.394	-52.063	0.732	-32.837	-69.37	19.17	62.51	47.236	72.030	15.582	0.64426	-0.55280	-0.17661	0.49805	24.3	13111	30
2025-5-17 10:31:36.787	WTBenchPress#5(CEA7A127C8E8)	-0.019	0.076	0.374	-85.693	12.268	-37.292	-70.43	18.52	61.81	47.236	72.030	15.582	0.64426	-0.55280	-0.17661	0.49805	24.3	13111	30
2025-5-17 10:31:36.788	WTBenchPress#5(CEA7A127C8E8)	-0.018	0.043	0.294	-123.047	25.208	-43.091	-72.13	17.79	60.91	47.236	72.030	15.582	0.64426	-0.55280	-0.17661	0.49805	24.3	13111	30
2025-5-17 10:31:36.849	WTBenchPress#5(CEA7A127C8E8)	0.072	0.017	0.227	-152.222	38.269	-42.175	-74.49	17.02	59.77	47.236	72.030	15.582	0.64426	-0.55280	-0.17661	0.49805	24.3	13111	30
2025-5-17 10:31:36.849	WTBenchPress#5(CEA7A127C8E8)	-0.006	-0.025	0.149	-150.513	51.331	-66.772	-77.26	16.14	58.41	47.236	72.030	15.582	0.64426	-0.55280	-0.17661	0.49805	24.3	13111	30
2025-5-17 10:31:36.878	WTBenchPress#5(CEA7A127C8E8)	0.034	-0.500	-0.076	-141.907	73.059	-92.224	-80.02	14.67	56.59	47.236	72.030	15.582	0.64426	-0.55280	-0.17661	0.49805	24.3	13111	30
2025-5-17 10:31:36.878	WTBenchPress#5(CEA7A127C8E8)	0.069	-0.971	-0.083	-128.845	83.923	-82.947	-82.79	13.05	54.51	47.236	72.030	15.582	0.64426	-0.55280	-0.17661	0.49805	24.3	13111	30
2025-5-17 10:31:36.907	WTBenchPress#5(CEA7A127C8E8)	-0.068	-0.996	-0.114	-129.639	88.379	-84.656	-85.61	11.45	52.49	47.236	72.030	15.582	0.64426	-0.55280	-0.17661	0.49805	24.3	13111	30
2025-5-17 10:31:36.907	WTBenchPress#5(CEA7A127C8E8)	-0.159	-1.303	-0.339	-121.826	87.341	-100.220	-88.38	9.60	50.65	47.236	72.030	15.582	0.64426	-0.55280	-0.17661	0.49805	24.3	13111	30
2025-5-17 10:31:36.967	WTBenchPress#5(CEA7A127C8E8)	-0.154	-1.807	-0.425	-110.352	64.209	-77.209	-90.93	7.76	49.24	47.236	72.030	15.582	0.64426	-0.55280	-0.17661	0.49805	24.3	13111	30
2025-5-17 10:31:36.968	WTBenchPress#5(CEA7A127C8E8)	-0.210	-1.804	-0.401	-88.440	41.870	-43.091	-93.07	6.48	48.39	47.236	72.030	15.582	0.64426	-0.55280	-0.17661	0.49805	24.3	13111	30
2025-5-17 10:31:37.28	WTBenchPress#5(CEA7A127C8E8)	-0.258	-1.729	-0.477	-53.772	35.095	-44.067	-94.61	5.53	47.88	41.454	68.698	27.146	0.64426	-0.55280	-0.17661	0.49805	24.3	13111	30
2025-5-17 10:31:37.28	WTBenchPress#5(CEA7A127C8E8)	-0.255	-1.644	-0.460	-29.846	32.471	-57.800	-95.55	4.44	47.52	41.454	68.698	27.146	0.64426	-0.55280	-0.17661	0.49805	24.3	13111	30
2025-5-17 10:31:37.30	WTBenchPress#5(CEA7A127C8E8)	-0.176	-1.600	-0.376	6.531	14.526	-79.285	-95.88	3.05	47.41	41.454	68.698	27.146	0.64426	-0.55280	-0.17661	0.49805	24.3	13111	30
2025-5-17 10:31:37.30	WTBenchPress#5(CEA7A127C8E8)	-0.140	-1.614	-0.213	40.344	-0.183	-90.088	-95.48	1.39	47.64	41.454	68.698	27.146	0.64426	-0.55280	-0.17661	0.49805	24.3	13111	30
2025-5-17 10:31:37.87	WTBenchPress#5(CEA7A127C8E8)	-0.079	-1.643	-0.165	45.105	-15.320	-76.782	-94.70	-0.19	48.11	41.454	68.698	27.146	0.64426	-0.55280	-0.17661	0.49805	24.3	13111	30
2025-5-17 10:31:37.88	WTBenchPress#5(CEA7A127C8E8)	-0.021	-1.735	-0.063	4.883	-27.649	-40.039	-94.28	-1.25	48.77	41.454	68.698	27.146	0.64426	-0.55280	-0.17661	0.49805	24.3	13111	30
2025-5-17 10:31:37.118	WTBenchPress#5(CEA7A127C8E8)	0.037	-1.676	0.034	-20.996	-28.259	-3.479	-94.50	-1.56	49.45	41.454	68.698	27.146	0.64426	-0.55280	-0.17661	0.49805	24.3	13111	30
2025-5-17 10:31:37.118	WTBenchPress#5(CEA7A127C8E8)	0.052	-1.585	0.060	-14.526	-22.400	8.728	-94.89	-1.40	50.00	41.454	68.698	27.146	0.64426	-0.55280	-0.17661	0.49805	24.3	13111	30
2025-5-17 10:31:37.150	WTBenchPress#5(CEA7A127C8E8)	0.001	-1.615	0.091	30.640	-16.052	5.249	-94.73	-1.18	50.41	41.454	68.698	27.146	0.64426	-0.55280	-0.17661	0.49805	24.3	13111	30
2025-5-17 10:31:37.150	WTBenchPress#5(CEA7A127C8E8)	-0.014	-1.714	0.018	72.815	-12.085	2.625	-93.69	-1.03	50.70	41.454	68.698	27.146	0.64426	-0.55280	-0.17661	0.49805	24.3	13111	30
2025-5-17 10:31:37.207	WTBenchPress#5(CEA7A127C8E8)	-0.003	-1.831	0.014	73.242	-9.338	28.625	-92.22	-0.68	50.92	41.454	68.698	27.146	0.63080	-0.64542	-0.31052	0.29834	24.3	13111	30
2025-5-17 10:31:37.208	WTBenchPress#5(CEA7A127C8E8)	-0.011	-1.837	0.049	67.993	-3.662	55.359	-90.81	0.18	51.05	41.454	68.698	27.146	0.63080	-0.64542	-0.31052	0.29834	24.3	13111	30
2025-5-17 10:31:37.238	WTBenchPress#5(CEA7A127C8E8)	-0.060	-1.708	0.037	68.970	-4.028	78.918	-89.46	1.53	51.15	41.454	68.698	27.146	0.63080	-0.64542	-0.31052	0.29834	24.3	13111	30
2025-5-17 10:31:37.238	WTBenchPress#5(CEA7A127C8E8)	-0.087	-1.596	-0.021	87.769	-9.216	84.900	-87.91	3.14	51.36	41.454	68.698	27.146	0.63080	-0.64542	-0.31052	0.29834	24.3	13111	30
2025-5-17 10:31:37.328	WTBenchPress#5(CEA7A127C8E8)	-0.138	-1.446	-0.027	118.652	-11.047	83.008	-85.87	4.77	51.71	41.454	68.698	27.146	0.63080	-0.64542	-0.31052	0.29834	24.3	13111	30
2025-5-17 10:31:37.328	WTBenchPress#5(CEA7A127C8E8)	-0.160	-1.350	-0.070	130.310	-10.681	78.613	-83.36	6.29	52.14	41.454	68.698	27.146	0.63080	-0.64542	-0.31052	0.29834	24.3	13111	30
2025-5-17 10:31:37.330	WTBenchPress#5(CEA7A127C8E8)	-0.157	-1.266	-0.070	132.629	-11.841	77.271	-80.78	7.73	52.67	41.454	68.698	27.146	0.63080	-0.64542	-0.31052	0.29834	24.3	13111	30
2025-5-17 10:31:37.330	WTBenchPress#5(CEA7A127C8E8)	-0.170	-1.208	-0.003	130.554	-11.292	80.444	-78.22	9.18	53.30	41.454	68.698	27.146	0.63080	-0.64542	-0.31052	0.29834	24.3	13111	30
2025-5-17 10:31:37.359	WTBenchPress#5(CEA7A127C8E8)	-0.185	-1.112	0.020	116.577	-11.047	91.064	-75.88	10.76	54.04	41.454	68.698	27.146	0.63080	-0.64542	-0.31052	0.29834	24.3	13111	30
2025-5-17 10:31:37.359	WTBenchPress#5(CEA7A127C8E8)	-0.221	-0.931	-0.004	111.145	-14.038	91.003	-73.66	12.35	54.90	41.454	68.698	27.146	0.63080	-0.64542	-0.31052	0.29834	24.3	13111	30
2025-5-17 10:31:37.417	WTBenchPress#5(CEA7A127C8E8)	-0.234	-0.865	0.004	114.990	-17.395	82.458	-71.41	13.75	55.87	47.334	72.030	15.680	0.63080	-0.64542	-0.31052	0.29834	24.3	13111	30
2025-5-17 10:31:37.418	WTBenchPress#5(CEA7A127C8E8)	-0.233	-0.777	-0.009	112.671	-18.616	83.313	-69.15	15.08	56.93	47.334	72.030	15.680	0.63080	-0.64542	-0.31052	0.29834	24.3	13111	30
2025-5-17 10:31:37.448	WTBenchPress#5(CEA7A127C8E8)	-0.209	-0.681	0.014	104.431	-18.555	81.116	-67.01	16.34	58.05	47.334	72.030	15.680	0.63080	-0.64542	-0.31052	0.29834	24.3	13111	30
2025-5-17 10:31:37.449	WTBenchPress#5(CEA7A127C8E8)	-0.210	-0.622	0.114	96.680	-14.221	74.768	-65.05	17.49	59.12	47.334	72.030	15.680	0.63080	-0.64542	-0.31052	0.29834	24.3	13111	30
2025-5-17 10:31:37.478	WTBenchPress#5(CEA7A127C8E8)	-0.221	-0.573	0.158	82.825	-6.531	76.599	-63.35	18.68	60.07	47.334	72.030	15.680	0.63080	-0.64542	-0.31052	0.29834	24.3	13111	30
2025-5-17 10:31:37.478	WTBenchPress#5(CEA7A127C8E8)	-0.206	-0.383	0.180	50.659	-8.850	86.182	-62.14	19.99	61.11	47.334	72.030	15.680	0.63080	-0.64542	-0.31052	0.29834	24.3	13111	30
2025-5-17 10:31:37.538	WTBenchPress#5(CEA7A127C8E8)	-0.222	-0.170	0.219	45.288	-22.705	70.679	-61.08	21.03	62.24	47.334	72.030	15.680	0.63080	-0.64542	-0.31052	0.29834	24.3	13111	30
2025-5-17 10:31:37.539	WTBenchPress#5(CEA7A127C8E8)	-0.200	-0.148	0.271	24.902	-24.414	50.110	-60.35	21.71	63.21	47.334	72.030	15.680	0.63080	-0.64542	-0.31052	0.29834	24.3	13111	30
2025-5-17 10:31:37.568	WTBenchPress#5(CEA7A127C8E8)	-0.155	-0.138	0.341	-7.385	-19.348	40.039	-60.21	22.24	63.89	47.334	72.030	15.680	0.63080	-0.64542	-0.31052	0.29834	24.3	13111	30
2025-5-17 10:31:37.568	WTBenchPress#5(CEA7A127C8E8)	-0.125	-0.104	0.407	-32.043	-8.972	30.823	-60.61	22.69	64.20	47.334	72.030	15.680	0.66074	-0.51379	-0.11960	0.53384	24.3	13111	30
2025-5-17 10:31:37.599	WTBenchPress#5(CEA7A127C8E8)	-0.158	-0.050	0.419	-50.110	3.723	19.470	-61.44	23.08	64.10	47.334	72.030	15.680	0.66074	-0.51379	-0.11960	0.53384	24.3	13111	30
2025-5-17 10:31:37.599	WTBenchPress#5(CEA7A127C8E8)	-0.119	-0.030	0.365	-40.466	1.282	-0.183	-62.18	23.14	63.76	47.334	72.030	15.680	0.66074	-0.51379	-0.11960	0.53384	24.3	13111	30
2025-5-17 10:31:37.657	WTBenchPress#5(CEA7A127C8E8)	-0.104	0.049	0.384	-26.917	5.859	-10.803	-62.64	22.99	63.23	47.334	72.030	15.680	0.66074	-0.51379	-0.11960	0.53384	24.3	13111	30
2025-5-17 10:31:37.657	WTBenchPress#5(CEA7A127C8E8)	-0.094	0.138	0.364	-74.402	7.507	-33.325	-63.72	22.49	62.46	47.334	72.030	15.680	0.66074	-0.51379	-0.11960	0.53384	24.3	13111	30
2025-5-17 10:31:37.687	WTBenchPress#5(CEA7A127C8E8)	-0.117	-0.017	0.345	-101.868	18.921	-55.420	-65.47	21.64	61.36	47.334	72.030	15.680	0.66074	-0.51379	-0.11960	0.53384	24.3	13111	30
2025-5-17 10:31:37.688	WTBenchPress#5(CEA7A127C8E8)	-0.157	-0.215	0.283	-125.061	31.433	-63.599	-67.76	20.64	59.97	47.334	72.030	15.680	0.66074	-0.51379	-0.11960	0.53384	24.3	13111	30
2025-5-17 10:31:37.717	WTBenchPress#5(CEA7A127C8E8)	-0.114	-0.323	0.167	-132.324	31.250	-63.049	-70.29	19.61	58.56	47.334	72.030	15.680	0.66074	-0.51379	-0.11960	0.53384	24.3	13111	30
2025-5-17 10:31:37.718	WTBenchPress#5(CEA7A127C8E8)	-0.126	-0.313	0.125	-120.361	26.855	-77.454	-72.61	18.26	57.19	47.334	72.030	15.680	0.66074	-0.51379	-0.11960	0.53384	24.3	13111	30
2025-5-17 10:31:37.778	WTBenchPress#5(CEA7A127C8E8)	-0.144	-0.617	0.097	-125.549	31.860	-94.055	-75.15	16.61	55.71	47.334	72.030	15.680	0.66074	-0.51379	-0.11960	0.53384	24.3	13111	30
2025-5-17 10:31:37.778	WTBenchPress#5(CEA7A127C8E8)	-0.219	-0.938	0.084	-116.394	34.546	-88.562	-77.58	15.04	54.33	47.334	72.030	15.680	0.66074	-0.51379	-0.11960	0.53384	24.3	13111	30
2025-5-17 10:31:37.807	WTBenchPress#5(CEA7A127C8E8)	-0.302	-1.018	-0.085	-107.239	41.992	-70.496	-79.90	13.83	53.03	50.078	69.090	18.326	0.66074	-0.51379	-0.11960	0.53384	24.3	13111	30
2025-5-17 10:31:37.807	WTBenchPress#5(CEA7A127C8E8)	-0.296	-1.027	-0.306	-145.386	37.842	-52.063	-83.01	12.95	52.00	50.078	69.090	18.326	0.66074	-0.51379	-0.11960	0.53384	24.3	13111	30
2025-5-17 10:31:37.837	WTBenchPress#5(CEA7A127C8E8)	-0.184	-1.002	-0.328	-176.697	15.198	-46.753	-86.67	12.09	51.60	50.078	69.090	18.326	0.66074	-0.51379	-0.11960	0.53384	24.3	13111	30
2025-5-17 10:31:37.838	WTBenchPress#5(CEA7A127C8E8)	-0.150	-1.114	-0.187	-143.738	6.042	-55.359	-89.62	11.03	51.48	50.078	69.090	18.326	0.66074	-0.51379	-0.11960	0.53384	24.3	13111	30
2025-5-17 10:31:37.898	WTBenchPress#5(CEA7A127C8E8)	-0.156	-1.196	-0.158	-86.243	10.315	-71.106	-91.42	9.64	51.36	50.078	69.090	18.326	0.66074	-0.51379	-0.11960	0.53384	24.3	13111	30
2025-5-17 10:31:37.898	WTBenchPress#5(CEA7A127C8E8)	-0.217	-1.170	-0.218	-29.968	17.334	-95.825	-92.10	7.75	51.16	50.078	69.090	18.326	0.66074	-0.51379	-0.11960	0.53384	24.3	13111	30
2025-5-17 10:31:37.927	WTBenchPress#5(CEA7A127C8E8)	-0.199	-1.353	-0.378	-8.545	12.573	-99.426	-92.37	5.81	51.10	50.078	69.090	18.326	0.66074	-0.51379	-0.11960	0.53384	24.3	13111	30
2025-5-17 10:31:37.927	WTBenchPress#5(CEA7A127C8E8)	-0.108	-1.368	-0.370	-69.946	10.071	-72.571	-93.86	4.40	51.13	50.078	69.090	18.326	0.66074	-0.51379	-0.11960	0.53384	24.3	13111	30
2025-5-17 10:31:37.958	WTBenchPress#5(CEA7A127C8E8)	-0.033	-1.323	-0.241	-93.445	7.568	-71.350	-95.80	3.03	51.25	50.078	69.090	18.326	0.66074	-0.51379	-0.11960	0.53384	24.3	13111	30
2025-5-17 10:31:37.958	WTBenchPress#5(CEA7A127C8E8)	-0.032	-1.484	-0.138	-36.743	-0.305	-89.966	-96.56	1.31	51.57	50.078	69.090	18.326	0.66074	-0.51379	-0.11960	0.53384	24.3	13111	30
2025-5-17 10:31:38.18	WTBenchPress#5(CEA7A127C8E8)	-0.083	-1.722	-0.141	8.789	-1.282	-92.407	-96.41	-0.45	51.90	50.078	69.090	18.326	0.60330	-0.66541	-0.33496	0.28448	24.3	13111	30
2025-5-17 10:31:38.18	WTBenchPress#5(CEA7A127C8E8)	-0.027	-1.891	-0.242	7.446	-2.930	-71.960	-96.29	-1.80	52.20	50.078	69.090	18.326	0.60330	-0.66541	-0.33496	0.28448	24.3	13111	30
2025-5-17 10:31:38.47	WTBenchPress#5(CEA7A127C8E8)	0.109	-2.018	-0.109	-35.828	-1.099	-39.063	-97.02	-2.49	52.38	50.078	69.090	18.326	0.60330	-0.66541	-0.33496	0.28448	24.3	13111	30
2025-5-17 10:31:38.48	WTBenchPress#5(CEA7A127C8E8)	-0.024	-2.143	0.408	99.426	-1.526	64.758	-95.00	-1.15	52.28	50.078	69.090	18.326	0.60330	-0.66541	-0.33496	0.28448	24.3	13111	30
2025-5-17 10:31:38.78	WTBenchPress#5(CEA7A127C8E8)	0.052	-2.351	0.020	-26.062	28.564	-126.831	-95.47	-3.67	51.94	50.078	69.090	18.326	0.60330	-0.66541	-0.33496	0.28448	24.3	13111	30
2025-5-17 10:31:38.78	WTBenchPress#5(CEA7A127C8E8)	0.064	-1.922	0.073	-11.902	5.432	83.252	-95.64	-1.98	51.65	50.078	69.090	18.326	0.60330	-0.66541	-0.33496	0.28448	24.3	13111	30
2025-5-17 10:31:38.138	WTBenchPress#5(CEA7A127C8E8)	-0.078	-1.418	0.071	20.691	8.606	65.918	-95.16	-0.66	51.34	50.078	69.090	18.326	0.60330	-0.66541	-0.33496	0.28448	24.3	13111	30
2025-5-17 10:31:38.138	WTBenchPress#5(CEA7A127C8E8)	-0.129	-1.485	-0.125	82.031	-2.380	58.289	-93.72	0.36	51.19	50.078	69.090	18.326	0.60330	-0.66541	-0.33496	0.28448	24.3	13111	30
2025-5-17 10:31:38.167	WTBenchPress#5(CEA7A127C8E8)	-0.147	-1.506	-0.147	90.881	-8.118	65.674	-92.02	1.56	51.23	50.078	69.090	18.326	0.60330	-0.66541	-0.33496	0.28448	24.3	13111	30
2025-5-17 10:31:38.168	WTBenchPress#5(CEA7A127C8E8)	-0.184	-1.601	-0.094	116.577	-9.766	66.711	-90.08	2.87	51.42	50.078	69.090	18.326	0.60330	-0.66541	-0.33496	0.28448	24.3	13111	30
2025-5-17 10:31:38.257	WTBenchPress#5(CEA7A127C8E8)	-0.176	-1.636	-0.097	130.615	-6.775	67.017	-87.70	4.19	51.69	50.078	69.090	18.326	0.60330	-0.66541	-0.33496	0.28448	24.3	13111	30
2025-5-17 10:31:38.257	WTBenchPress#5(CEA7A127C8E8)	-0.166	-1.612	-0.078	136.780	-9.460	75.195	-85.12	5.53	52.00	41.356	71.442	25.284	0.60330	-0.66541	-0.33496	0.28448	24.3	13111	30
2025-5-17 10:31:38.258	WTBenchPress#5(CEA7A127C8E8)	-0.178	-1.506	-0.067	148.682	-15.015	80.627	-82.38	6.98	52.48	41.356	71.442	25.284	0.60330	-0.66541	-0.33496	0.28448	24.3	13111	30
2025-5-17 10:31:38.258	WTBenchPress#5(CEA7A127C8E8)	-0.168	-1.522	-0.018	174.255	-18.494	83.313	-79.34	8.48	53.17	41.356	71.442	25.284	0.60330	-0.66541	-0.33496	0.28448	24.3	13111	30
2025-5-17 10:31:38.287	WTBenchPress#5(CEA7A127C8E8)	-0.180	-1.379	-0.007	197.205	-19.775	98.999	-75.80	10.03	54.04	41.356	71.442	25.284	0.60330	-0.66541	-0.33496	0.28448	24.3	13111	30
2025-5-17 10:31:38.287	WTBenchPress#5(CEA7A127C8E8)	-0.209	-1.230	-0.068	219.116	-18.494	102.661	-71.78	11.74	55.13	41.356	71.442	25.284	0.60330	-0.66541	-0.33496	0.28448	24.3	13111	30
2025-5-17 10:31:38.317	WTBenchPress#5(CEA7A127C8E8)	-0.194	-0.981	-0.182	201.111	-13.794	113.586	-67.52	13.47	56.37	41.356	71.442	25.284	0.60330	-0.66541	-0.33496	0.28448	24.3	13111	30
2025-5-17 10:31:38.318	WTBenchPress#5(CEA7A127C8E8)	-0.151	-0.771	-0.140	147.522	-5.066	127.869	-63.78	15.36	57.78	41.356	71.442	25.284	0.60330	-0.66541	-0.33496	0.28448	24.3	13111	30
2025-5-17 10:31:38.378	WTBenchPress#5(CEA7A127C8E8)	-0.139	-0.524	-0.030	125.671	-8.484	128.479	-60.91	17.39	59.35	41.356	71.442	25.284	0.60330	-0.66541	-0.33496	0.28448	24.3	13111	30
2025-5-17 10:31:38.378	WTBenchPress#5(CEA7A127C8E8)	-0.121	-0.335	0.072	116.028	-10.376	117.126	-58.36	19.27	61.07	41.356	71.442	25.284	0.60330	-0.66541	-0.33496	0.28448	24.3	13111	30
2025-5-17 10:31:38.407	WTBenchPress#5(CEA7A127C8E8)	-0.146	-0.175	0.133	119.751	-16.663	102.417	-55.90	20.84	62.80	41.356	71.442	25.284	0.69733	-0.47672	-0.10376	0.52499	24.3	13111	30
2025-5-17 10:31:38.408	WTBenchPress#5(CEA7A127C8E8)	-0.158	0.025	0.142	107.849	-20.935	84.106	-53.43	22.03	64.50	41.356	71.442	25.284	0.69733	-0.47672	-0.10376	0.52499	24.3	13111	30
2025-5-17 10:31:38.437	WTBenchPress#5(CEA7A127C8E8)	-0.165	0.132	0.206	78.674	-16.357	59.204	-51.32	22.85	66.01	41.356	71.442	25.284	0.69733	-0.47672	-0.10376	0.52499	24.3	13111	30
2025-5-17 10:31:38.438	WTBenchPress#5(CEA7A127C8E8)	-0.131	0.170	0.258	38.757	-14.465	43.152	-49.95	23.38	67.12	41.356	71.442	25.284	0.69733	-0.47672	-0.10376	0.52499	24.3	13111	30
2025-5-17 10:31:38.498	WTBenchPress#5(CEA7A127C8E8)	-0.112	0.206	0.348	7.080	-12.634	26.184	-49.37	23.76	67.83	41.356	71.442	25.284	0.69733	-0.47672	-0.10376	0.52499	24.3	13111	30
2025-5-17 10:31:38.498	WTBenchPress#5(CEA7A127C8E8)	-0.100	0.120	0.415	-16.846	-6.348	13.794	-49.33	24.01	68.07	41.356	71.442	25.284	0.69733	-0.47672	-0.10376	0.52499	24.3	13111	30
2025-5-17 10:31:38.527	WTBenchPress#5(CEA7A127C8E8)	-0.107	0.192	0.432	-15.015	-2.686	-2.380	-49.55	24.11	67.91	41.356	71.442	25.284	0.69733	-0.47672	-0.10376	0.52499	24.3	13111	30
2025-5-17 10:31:38.527	WTBenchPress#5(CEA7A127C8E8)	-0.115	0.210	0.408	-14.587	-2.380	-22.217	-49.67	23.94	67.45	41.356	71.442	25.284	0.69733	-0.47672	-0.10376	0.52499	24.3	13111	30
2025-5-17 10:31:38.559	WTBenchPress#5(CEA7A127C8E8)	-0.126	0.212	0.350	-40.710	3.906	-36.926	-50.01	23.43	66.66	41.356	71.442	25.284	0.69733	-0.47672	-0.10376	0.52499	24.3	13111	30
2025-5-17 10:31:38.559	WTBenchPress#5(CEA7A127C8E8)	-0.135	0.164	0.308	-87.585	17.700	-51.331	-51.09	22.78	65.55	41.356	71.442	25.284	0.69733	-0.47672	-0.10376	0.52499	24.3	13111	30
2025-5-17 10:31:38.618	WTBenchPress#5(CEA7A127C8E8)	-0.134	0.083	0.296	-130.920	23.743	-59.448	-53.07	22.06	64.18	57.232	65.856	2.450	0.69733	-0.47672	-0.10376	0.52499	24.3	13111	30
2025-5-17 10:31:38.618	WTBenchPress#5(CEA7A127C8E8)	-0.087	0.098	0.242	-152.344	25.940	-70.435	-55.70	21.19	62.68	57.232	65.856	2.450	0.69733	-0.47672	-0.10376	0.52499	24.3	13111	30
2025-5-17 10:31:38.648	WTBenchPress#5(CEA7A127C8E8)	-0.073	-0.023	0.208	-150.513	27.222	-92.834	-58.51	20.03	61.02	57.232	65.856	2.450	0.69733	-0.47672	-0.10376	0.52499	24.3	13111	30
2025-5-17 10:31:38.648	WTBenchPress#5(CEA7A127C8E8)	-0.067	-0.175	0.106	-144.470	25.757	-107.849	-61.25	18.49	59.23	57.232	65.856	2.450	0.69733	-0.47672	-0.10376	0.52499	24.3	13111	30
2025-5-17 10:31:38.678	WTBenchPress#5(CEA7A127C8E8)	-0.073	-0.365	0.001	-157.227	31.067	-121.277	-64.12	16.68	57.32	57.232	65.856	2.450	0.69733	-0.47672	-0.10376	0.52499	24.3	13111	30
2025-5-17 10:31:38.678	WTBenchPress#5(CEA7A127C8E8)	-0.103	-0.658	-0.078	-177.490	40.283	-131.836	-67.48	14.69	55.24	57.232	65.856	2.450	0.69733	-0.47672	-0.10376	0.52499	24.3	13111	30
2025-5-17 10:31:38.737	WTBenchPress#5(CEA7A127C8E8)	-0.177	-1.106	-0.196	-178.772	42.053	-134.705	-71.30	12.55	53.23	57.232	65.856	2.450	0.69733	-0.47672	-0.10376	0.52499	24.3	13111	30
2025-5-17 10:31:38.738	WTBenchPress#5(CEA7A127C8E8)	-0.216	-1.458	-0.342	-171.265	35.400	-120.972	-75.17	10.37	51.71	57.232	65.856	2.450	0.69733	-0.47672	-0.10376	0.52499	24.3	13111	30
2025-5-17 10:31:38.769	WTBenchPress#5(CEA7A127C8E8)	-0.225	-1.575	-0.353	-161.804	18.372	-108.826	-78.83	8.26	50.83	57.232	65.856	2.450	0.69733	-0.47672	-0.10376	0.52499	24.3	13111	30
2025-5-17 10:31:38.769	WTBenchPress#5(CEA7A127C8E8)	-0.162	-1.693	-0.301	-156.128	4.089	-92.407	-82.25	6.32	50.53	57.232	65.856	2.450	0.69733	-0.47672	-0.10376	0.52499	24.3	13111	30
2025-5-17 10:31:38.827	WTBenchPress#5(CEA7A127C8E8)	-0.113	-1.775	-0.144	-128.418	-4.089	-91.431	-85.27	4.51	50.58	57.232	65.856	2.450	0.64648	-0.63116	-0.27646	0.32730	24.3	13111	30
2025-5-17 10:31:38.827	WTBenchPress#5(CEA7A127C8E8)	-0.123	-1.914	-0.007	-92.529	3.784	-86.609	-87.60	2.77	50.67	57.232	65.856	2.450	0.64648	-0.63116	-0.27646	0.32730	24.3	13111	30
2025-5-17 10:31:38.857	WTBenchPress#5(CEA7A127C8E8)	-0.134	-1.864	-0.050	-75.500	12.573	-66.223	-89.36	1.30	50.62	57.232	65.856	2.450	0.64648	-0.63116	-0.27646	0.32730	24.3	13111	30
2025-5-17 10:31:38.858	WTBenchPress#5(CEA7A127C8E8)	-0.111	-1.705	-0.131	-84.595	11.902	-45.227	-91.01	0.24	50.49	57.232	65.856	2.450	0.64648	-0.63116	-0.27646	0.32730	24.3	13111	30
2025-5-17 10:31:38.887	WTBenchPress#5(CEA7A127C8E8)	-0.032	-1.662	-0.129	-81.299	1.099	-44.128	-92.70	-0.58	50.49	57.232	65.856	2.450	0.64648	-0.63116	-0.27646	0.32730	24.3	13111	30
2025-5-17 10:31:38.887	WTBenchPress#5(CEA7A127C8E8)	-0.015	-1.717	0.027	-41.565	-7.019	-53.711	-93.93	-1.48	50.67	57.232	65.856	2.450	0.64648	-0.63116	-0.27646	0.32730	24.3	13111	30
2025-5-17 10:31:38.947	WTBenchPress#5(CEA7A127C8E8)	-0.029	-1.738	0.061	10.437	-4.456	-67.139	-94.24	-2.60	50.92	57.232	65.856	2.450	0.64648	-0.63116	-0.27646	0.32730	24.3	13111	30
2025-5-17 10:31:38.947	WTBenchPress#5(CEA7A127C8E8)	-0.025	-1.781	0.001	41.748	-7.751	-64.148	-93.70	-3.82	51.14	57.232	65.856	2.450	0.64648	-0.63116	-0.27646	0.32730	24.3	13111	30
2025-5-17 10:31:38.979	WTBenchPress#5(CEA7A127C8E8)	0.050	-1.981	0.036	21.118	-9.033	-30.090	-93.07	-4.66	51.37	57.232	65.856	2.450	0.64648	-0.63116	-0.27646	0.32730	24.3	13111	30
2025-5-17 10:31:38.979	WTBenchPress#5(CEA7A127C8E8)	0.105	-1.946	0.163	-16.296	-2.441	17.151	-93.18	-4.47	51.43	57.232	65.856	2.450	0.64648	-0.63116	-0.27646	0.32730	24.3	13111	30
2025-5-17 10:31:39.8	WTBenchPress#5(CEA7A127C8E8)	0.041	-1.876	0.246	-3.967	8.301	37.292	-93.26	-3.76	51.26	57.232	65.856	2.450	0.64648	-0.63116	-0.27646	0.32730	24.3	13111	30
2025-5-17 10:31:39.8	WTBenchPress#5(CEA7A127C8E8)	-0.012	-1.926	0.116	61.157	9.583	38.269	-92.30	-2.97	51.02	35.574	72.716	27.146	0.64648	-0.63116	-0.27646	0.32730	24.3	13111	30
2025-5-17 10:31:39.68	WTBenchPress#5(CEA7A127C8E8)	-0.046	-1.999	0.032	92.407	4.944	57.617	-90.56	-1.88	50.86	35.574	72.716	27.146	0.64648	-0.63116	-0.27646	0.32730	24.3	13111	30
2025-5-17 10:31:39.68	WTBenchPress#5(CEA7A127C8E8)	-0.039	-1.977	-0.045	97.107	6.104	83.252	-88.63	-0.33	50.77	35.574	72.716	27.146	0.64648	-0.63116	-0.27646	0.32730	24.3	13111	30
2025-5-17 10:31:39.128	WTBenchPress#5(CEA7A127C8E8)	-0.055	-1.835	-0.033	77.515	11.719	113.464	-87.00	1.79	50.68	35.574	72.716	27.146	0.64648	-0.63116	-0.27646	0.32730	24.3	13111	30
2025-5-17 10:31:39.128	WTBenchPress#5(CEA7A127C8E8)	-0.125	-1.607	-0.065	88.806	13.000	120.911	-85.33	4.15	50.65	35.574	72.716	27.146	0.64648	-0.63116	-0.27646	0.32730	24.3	13111	30
2025-5-17 10:31:39.129	WTBenchPress#5(CEA7A127C8E8)	-0.177	-1.427	-0.153	124.817	6.226	113.159	-83.07	6.39	50.82	35.574	72.716	27.146	0.64648	-0.63116	-0.27646	0.32730	24.3	13111	30
2025-5-17 10:31:39.129	WTBenchPress#5(CEA7A127C8E8)	-0.179	-1.311	-0.210	161.804	-5.005	101.685	-80.08	8.38	51.29	35.574	72.716	27.146	0.64648	-0.63116	-0.27646	0.32730	24.3	13111	30
2025-5-17 10:31:39.188	WTBenchPress#5(CEA7A127C8E8)	-0.197	-1.250	-0.182	176.880	-10.254	100.403	-76.69	10.21	52.03	35.574	72.716	27.146	0.64648	-0.63116	-0.27646	0.32730	24.3	13111	30
2025-5-17 10:31:39.188	WTBenchPress#5(CEA7A127C8E8)	-0.182	-1.176	-0.182	173.340	-10.193	111.145	-73.27	12.13	52.98	35.574	72.716	27.146	0.64648	-0.63116	-0.27646	0.32730	24.3	13111	30
2025-5-17 10:31:39.218	WTBenchPress#5(CEA7A127C8E8)	-0.160	-1.059	-0.159	149.963	-6.836	125.549	-70.19	14.25	54.12	35.574	72.716	27.146	0.69128	-0.55069	-0.16425	0.43793	24.3	13111	30
2025-5-17 10:31:39.219	WTBenchPress#5(CEA7A127C8E8)	-0.169	-0.918	-0.126	153.137	-14.221	121.826	-67.13	16.27	55.50	35.574	72.716	27.146	0.69128	-0.55069	-0.16425	0.43793	24.3	13111	30
2025-5-17 10:31:39.248	WTBenchPress#5(CEA7A127C8E8)	-0.182	-0.855	-0.086	201.416	-26.855	109.863	-63.25	17.92	57.17	35.574	72.716	27.146	0.69128	-0.55069	-0.16425	0.43793	24.3	13111	30
2025-5-17 10:31:39.248	WTBenchPress#5(CEA7A127C8E8)	-0.177	-0.661	-0.075	203.796	-32.349	120.789	-59.00	19.47	59.18	35.574	72.716	27.146	0.69128	-0.55069	-0.16425	0.43793	24.3	13111	30
2025-5-17 10:31:39.308	WTBenchPress#5(CEA7A127C8E8)	-0.207	-0.327	-0.051	168.457	-30.029	132.019	-55.17	21.06	61.47	35.574	72.716	27.146	0.69128	-0.55069	-0.16425	0.43793	24.3	13111	30
2025-5-17 10:31:39.309	WTBenchPress#5(CEA7A127C8E8)	-0.190	-0.077	0.031	99.060	-20.813	131.592	-52.53	22.67	63.79	35.574	72.716	27.146	0.69128	-0.55069	-0.16425	0.43793	24.3	13111	30
2025-5-17 10:31:39.338	WTBenchPress#5(CEA7A127C8E8)	-0.208	0.164	0.170	47.852	-21.423	119.507	-50.99	24.11	66.02	35.574	72.716	27.146	0.69128	-0.55069	-0.16425	0.43793	24.3	13111	30
2025-5-17 10:31:39.338	WTBenchPress#5(CEA7A127C8E8)	-0.216	0.312	0.255	14.404	-17.578	85.938	-50.32	25.18	67.81	35.574	72.716	27.146	0.69128	-0.55069	-0.16425	0.43793	24.3	13111	30
2025-5-17 10:31:39.368	WTBenchPress#5(CEA7A127C8E8)	-0.184	0.308	0.333	9.766	-20.996	46.753	-49.99	25.77	68.92	35.574	72.716	27.146	0.69128	-0.55069	-0.16425	0.43793	24.3	13111	30
2025-5-17 10:31:39.369	WTBenchPress#5(CEA7A127C8E8)	-0.156	0.206	0.426	20.142	-22.034	18.738	-49.51	26.00	69.31	35.574	72.716	27.146	0.69128	-0.55069	-0.16425	0.43793	24.3	13111	30
2025-5-17 10:31:39.429	WTBenchPress#5(CEA7A127C8E8)	-0.145	0.244	0.462	-6.104	-10.498	3.784	-49.45	26.02	69.06	59.584	63.406	1.960	0.69128	-0.55069	-0.16425	0.43793	24.3	13111	30
2025-5-17 10:31:39.429	WTBenchPress#5(CEA7A127C8E8)	-0.134	0.329	0.477	-30.090	1.587	-13.306	-49.82	25.85	68.41	59.584	63.406	1.960	0.69128	-0.55069	-0.16425	0.43793	24.3	13111	30
2025-5-17 10:31:39.457	WTBenchPress#5(CEA7A127C8E8)	-0.122	0.395	0.443	-51.453	7.385	-38.208	-50.59	25.29	67.40	59.584	63.406	1.960	0.69128	-0.55069	-0.16425	0.43793	24.3	13111	30
2025-5-17 10:31:39.457	WTBenchPress#5(CEA7A127C8E8)	-0.123	0.352	0.397	-73.792	14.099	-66.345	-51.84	24.33	65.99	59.584	63.406	1.960	0.69128	-0.55069	-0.16425	0.43793	24.3	13111	30
2025-5-17 10:31:39.487	WTBenchPress#5(CEA7A127C8E8)	-0.107	0.183	0.357	-106.689	22.827	-82.642	-53.80	23.19	64.31	59.584	63.406	1.960	0.69128	-0.55069	-0.16425	0.43793	24.3	13111	30
2025-5-17 10:31:39.487	WTBenchPress#5(CEA7A127C8E8)	-0.101	0.015	0.321	-119.019	22.400	-92.163	-55.98	21.84	62.58	59.584	63.406	1.960	0.69128	-0.55069	-0.16425	0.43793	24.3	13111	30
2025-5-17 10:31:39.548	WTBenchPress#5(CEA7A127C8E8)	-0.087	-0.121	0.247	-134.705	27.100	-95.154	-58.47	20.44	60.79	59.584	63.406	1.960	0.69128	-0.55069	-0.16425	0.43793	24.3	13111	30
2025-5-17 10:31:39.548	WTBenchPress#5(CEA7A127C8E8)	-0.068	-0.241	0.184	-145.447	29.968	-104.065	-61.24	18.87	58.91	59.584	63.406	1.960	0.69128	-0.55069	-0.16425	0.43793	24.3	13111	30
2025-5-17 10:31:39.579	WTBenchPress#5(CEA7A127C8E8)	-0.094	-0.353	0.137	-160.950	37.964	-111.755	-64.40	17.18	56.87	59.584	63.406	1.960	0.69128	-0.55069	-0.16425	0.43793	24.3	13111	30
2025-5-17 10:31:39.579	WTBenchPress#5(CEA7A127C8E8)	-0.104	-0.501	-0.014	-168.091	45.593	-116.089	-67.84	15.42	54.73	59.584	63.406	1.960	0.69128	-0.55069	-0.16425	0.43793	24.3	13111	30
2025-5-17 10:31:39.607	WTBenchPress#5(CEA7A127C8E8)	-0.085	-0.688	-0.142	-189.819	47.241	-104.187	-71.83	13.85	52.80	59.584	63.406	1.960	0.69128	-0.55069	-0.16425	0.43793	24.3	13111	30
2025-5-17 10:31:39.607	WTBenchPress#5(CEA7A127C8E8)	-0.089	-0.754	-0.282	-195.923	46.814	-104.492	-76.07	12.16	51.16	59.584	63.406	1.960	0.67819	-0.58865	-0.18927	0.39703	24.3	13111	30
2025-5-17 10:31:39.667	WTBenchPress#5(CEA7A127C8E8)	-0.091	-1.013	-0.396	-184.082	44.312	-114.868	-80.14	10.12	49.91	59.584	63.406	1.960	0.67819	-0.58865	-0.18927	0.39703	24.3	13111	30
2025-5-17 10:31:39.667	WTBenchPress#5(CEA7A127C8E8)	-0.147	-1.222	-0.467	-185.486	43.091	-105.164	-84.21	8.14	49.04	59.584	63.406	1.960	0.67819	-0.58865	-0.18927	0.39703	24.3	13111	30
2025-5-17 10:31:39.698	WTBenchPress#5(CEA7A127C8E8)	-0.128	-1.333	-0.557	-174.072	32.410	-100.647	-87.98	6.14	48.62	59.584	63.406	1.960	0.67819	-0.58865	-0.18927	0.39703	24.3	13111	30
2025-5-17 10:31:39.698	WTBenchPress#5(CEA7A127C8E8)	-0.086	-1.511	-0.470	-130.005	16.113	-117.493	-90.80	3.77	48.66	59.584	63.406	1.960	0.67819	-0.58865	-0.18927	0.39703	24.3	13111	30
2025-5-17 10:31:39.727	WTBenchPress#5(CEA7A127C8E8)	-0.038	-1.823	-0.356	-85.205	3.967	-137.634	-92.66	1.03	49.00	59.584	63.406	1.960	0.67819	-0.58865	-0.18927	0.39703	24.3	13111	30
2025-5-17 10:31:39.727	WTBenchPress#5(CEA7A127C8E8)	-0.021	-2.137	-0.211	-51.758	-3.906	-127.808	-93.81	-1.48	49.50	59.584	63.406	1.960	0.67819	-0.58865	-0.18927	0.39703	24.3	13111	30
2025-5-17 10:31:39.787	WTBenchPress#5(CEA7A127C8E8)	-0.032	-2.260	-0.091	-41.809	-2.502	-89.050	-94.73	-3.19	49.89	59.584	63.406	1.960	0.67819	-0.58865	-0.18927	0.39703	24.3	13111	30
2025-5-17 10:31:39.787	WTBenchPress#5(CEA7A127C8E8)	-0.040	-2.167	-0.066	-45.532	4.639	-50.354	-95.67	-4.12	50.03	59.584	63.406	1.960	0.67819	-0.58865	-0.18927	0.39703	24.3	13111	30
2025-5-17 10:31:39.817	WTBenchPress#5(CEA7A127C8E8)	-0.006	-2.097	-0.086	-31.860	5.371	-35.767	-96.32	-4.76	50.10	59.584	63.406	1.960	0.67819	-0.58865	-0.18927	0.39703	24.3	13111	30
2025-5-17 10:31:39.818	WTBenchPress#5(CEA7A127C8E8)	-0.007	-2.044	0.023	1.953	4.272	0.061	-96.66	-4.86	50.13	35.574	70.952	29.498	0.67819	-0.58865	-0.18927	0.39703	24.3	13111	30
2025-5-17 10:31:39.847	WTBenchPress#5(CEA7A127C8E8)	-0.021	-2.032	0.038	49.255	3.967	8.423	-96.35	-4.75	50.08	35.574	70.952	29.498	0.67819	-0.58865	-0.18927	0.39703	24.3	13111	30
2025-5-17 10:31:39.847	WTBenchPress#5(CEA7A127C8E8)	-0.029	-1.967	0.017	73.425	6.226	25.818	-95.21	-4.43	49.99	35.574	70.952	29.498	0.67819	-0.58865	-0.18927	0.39703	24.3	13111	30
2025-5-17 10:31:39.907	WTBenchPress#5(CEA7A127C8E8)	-0.042	-1.987	0.028	75.439	9.827	43.213	-93.69	-3.78	49.83	35.574	70.952	29.498	0.67819	-0.58865	-0.18927	0.39703	24.3	13111	30
2025-5-17 10:31:39.907	WTBenchPress#5(CEA7A127C8E8)	-0.078	-1.968	0.008	79.041	12.512	67.871	-92.14	-2.75	49.60	35.574	70.952	29.498	0.67819	-0.58865	-0.18927	0.39703	24.3	13111	30
2025-5-17 10:31:39.937	WTBenchPress#5(CEA7A127C8E8)	-0.107	-1.849	-0.048	94.299	11.963	84.290	-90.47	-1.28	49.36	35.574	70.952	29.498	0.67819	-0.58865	-0.18927	0.39703	24.3	13111	30
2025-5-17 10:31:39.938	WTBenchPress#5(CEA7A127C8E8)	-0.150	-1.684	-0.112	117.798	8.423	86.792	-88.49	0.43	49.20	35.574	70.952	29.498	0.67819	-0.58865	-0.18927	0.39703	24.3	13111	30
2025-5-17 10:31:39.968	WTBenchPress#5(CEA7A127C8E8)	-0.165	-1.586	-0.171	144.775	1.831	83.496	-86.06	2.15	49.22	35.574	70.952	29.498	0.67819	-0.58865	-0.18927	0.39703	24.3	13111	30
2025-5-17 10:31:39.968	WTBenchPress#5(CEA7A127C8E8)	-0.163	-1.500	-0.176	163.330	-6.836	84.778	-83.16	3.80	49.49	35.574	70.952	29.498	0.67819	-0.58865	-0.18927	0.39703	24.3	13111	30
2025-5-17 10:31:40.27	WTBenchPress#5(CEA7A127C8E8)	-0.178	-1.379	-0.155	153.748	-8.606	97.717	-80.05	5.49	50.03	35.574	70.952	29.498	0.68420	-0.59042	-0.22992	0.36090	24.3	13111	30
2025-5-17 10:31:40.27	WTBenchPress#5(CEA7A127C8E8)	-0.184	-1.202	-0.140	147.400	-11.536	104.736	-77.12	7.34	50.77	35.574	70.952	29.498	0.68420	-0.59042	-0.22992	0.36090	24.3	13111	30
2025-5-17 10:31:40.58	WTBenchPress#5(CEA7A127C8E8)	-0.189	-1.018	-0.111	150.574	-15.808	105.530	-74.26	9.23	51.72	35.574	70.952	29.498	0.68420	-0.59042	-0.22992	0.36090	24.3	13111	30
2025-5-17 10:31:40.58	WTBenchPress#5(CEA7A127C8E8)	-0.183	-0.865	-0.066	158.447	-23.254	100.525	-71.28	11.01	52.89	35.574	70.952	29.498	0.68420	-0.59042	-0.22992	0.36090	24.3	13111	30
2025-5-17 10:31:40.87	WTBenchPress#5(CEA7A127C8E8)	-0.177	-0.758	-0.036	156.799	-27.161	97.839	-68.17	12.60	54.27	35.574	70.952	29.498	0.68420	-0.59042	-0.22992	0.36090	24.3	13111	30
2025-5-17 10:31:40.87	WTBenchPress#5(CEA7A127C8E8)	-0.174	-0.614	-0.021	145.325	-23.254	94.299	-65.11	14.03	55.77	35.574	70.952	29.498	0.68420	-0.59042	-0.22992	0.36090	24.3	13111	30
2025-5-17 10:31:40.149	WTBenchPress#5(CEA7A127C8E8)	-0.187	-0.587	0.038	118.286	-16.968	95.764	-62.36	15.39	57.26	35.574	70.952	29.498	0.68420	-0.59042	-0.22992	0.36090	24.3	13111	30
2025-5-17 10:31:40.149	WTBenchPress#5(CEA7A127C8E8)	-0.189	-0.438	0.052	83.008	-13.184	103.516	-60.19	16.79	58.74	35.574	70.952	29.498	0.68420	-0.59042	-0.22992	0.36090	24.3	13111	30
2025-5-17 10:31:40.179	WTBenchPress#5(CEA7A127C8E8)	-0.197	-0.288	0.094	71.289	-15.503	96.863	-58.56	18.25	60.29	35.574	70.952	29.498	0.68420	-0.59042	-0.22992	0.36090	24.3	13111	30
2025-5-17 10:31:40.179	WTBenchPress#5(CEA7A127C8E8)	-0.186	-0.183	0.154	66.833	-14.404	81.055	-57.12	19.51	61.78	35.574	70.952	29.498	0.68420	-0.59042	-0.22992	0.36090	24.3	13111	30
2025-5-17 10:31:40.237	WTBenchPress#5(CEA7A127C8E8)	-0.192	-0.073	0.228	65.735	-16.541	61.340	-55.77	20.50	63.07	54.978	68.208	6.272	0.68420	-0.59042	-0.22992	0.36090	24.3	13111	30
2025-5-17 10:31:40.238	WTBenchPress#5(CEA7A127C8E8)	-0.174	-0.064	0.278	69.031	-17.395	33.752	-54.45	21.14	64.08	54.978	68.208	6.272	0.68420	-0.59042	-0.22992	0.36090	24.3	13111	30
2025-5-17 10:31:40.267	WTBenchPress#5(CEA7A127C8E8)	-0.166	-0.139	0.354	49.316	-13.123	24.170	-53.34	21.41	64.65	54.978	68.208	6.272	0.68420	-0.59042	-0.22992	0.36090	24.3	13111	30
2025-5-17 10:31:40.267	WTBenchPress#5(CEA7A127C8E8)	-0.147	-0.097	0.364	22.095	-9.033	26.855	-52.66	21.71	64.98	54.978	68.208	6.272	0.68420	-0.59042	-0.22992	0.36090	24.3	13111	30
2025-5-17 10:31:40.298	WTBenchPress#5(CEA7A127C8E8)	-0.143	0.029	0.377	-4.944	-6.226	24.475	-52.43	22.07	65.17	54.978	68.208	6.272	0.68420	-0.59042	-0.22992	0.36090	24.3	13111	30
2025-5-17 10:31:40.298	WTBenchPress#5(CEA7A127C8E8)	-0.128	0.174	0.377	-27.222	-1.892	10.620	-52.62	22.32	65.12	54.978	68.208	6.272	0.68420	-0.59042	-0.22992	0.36090	24.3	13111	30
2025-5-17 10:31:40.357	WTBenchPress#5(CEA7A127C8E8)	-0.139	0.194	0.396	-42.480	2.380	-15.747	-53.16	22.30	64.69	54.978	68.208	6.272	0.68420	-0.59042	-0.22992	0.36090	24.3	13111	30
2025-5-17 10:31:40.357	WTBenchPress#5(CEA7A127C8E8)	-0.133	0.111	0.378	-58.899	6.958	-37.537	-53.99	21.90	63.90	54.978	68.208	6.272	0.68420	-0.59042	-0.22992	0.36090	24.3	13111	30
2025-5-17 10:31:40.389	WTBenchPress#5(CEA7A127C8E8)	-0.134	-0.026	0.370	-76.782	9.399	-48.889	-55.16	21.24	62.87	54.978	68.208	6.272	0.68420	-0.59042	-0.22992	0.36090	24.3	13111	30
2025-5-17 10:31:40.389	WTBenchPress#5(CEA7A127C8E8)	-0.114	-0.060	0.329	-102.966	15.015	-49.072	-56.76	20.51	61.75	54.978	68.208	6.272	0.68420	-0.59042	-0.22992	0.36090	24.3	13111	30
2025-5-17 10:31:40.417	WTBenchPress#5(CEA7A127C8E8)	-0.135	0.025	0.255	-119.141	19.409	-60.852	-58.78	19.70	60.51	54.978	68.208	6.272	0.68420	-0.59042	-0.22992	0.36090	24.3	13111	30
2025-5-17 10:31:40.418	WTBenchPress#5(CEA7A127C8E8)	-0.146	-0.078	0.155	-125.732	20.264	-86.731	-61.05	18.58	59.08	54.978	68.208	6.272	0.69931	-0.50757	-0.12924	0.48633	24.3	13111	30
2025-5-17 10:31:40.478	WTBenchPress#5(CEA7A127C8E8)	-0.131	-0.397	0.074	-136.414	22.339	-95.154	-63.51	17.15	57.49	54.978	68.208	6.272	0.69931	-0.50757	-0.12924	0.48633	24.3	13111	30
2025-5-17 10:31:40.478	WTBenchPress#5(CEA7A127C8E8)	-0.134	-0.563	0.049	-146.423	23.621	-89.661	-66.28	15.70	55.89	54.978	68.208	6.272	0.69931	-0.50757	-0.12924	0.48633	24.3	13111	30
2025-5-17 10:31:40.507	WTBenchPress#5(CEA7A127C8E8)	-0.161	-0.690	-0.009	-139.832	27.649	-93.384	-69.19	14.28	54.36	54.978	68.208	6.272	0.69931	-0.50757	-0.12924	0.48633	24.3	13111	30
2025-5-17 10:31:40.507	WTBenchPress#5(CEA7A127C8E8)	-0.171	-0.780	-0.123	-164.490	33.997	-87.097	-72.40	12.86	52.89	54.978	68.208	6.272	0.69931	-0.50757	-0.12924	0.48633	24.3	13111	30
2025-5-17 10:31:40.537	WTBenchPress#5(CEA7A127C8E8)	-0.113	-0.924	-0.197	-202.576	32.593	-82.214	-76.31	11.50	51.64	54.978	68.208	6.272	0.69931	-0.50757	-0.12924	0.48633	24.3	13111	30
2025-5-17 10:31:40.537	WTBenchPress#5(CEA7A127C8E8)	-0.097	-1.103	-0.139	-229.736	32.959	-68.787	-80.88	10.22	50.67	54.978	68.208	6.272	0.69931	-0.50757	-0.12924	0.48633	24.3	13111	30
2025-5-17 10:31:40.599	WTBenchPress#5(CEA7A127C8E8)	-0.168	-1.256	-0.196	-219.849	45.044	-67.017	-85.59	8.99	49.81	54.978	68.208	6.272	0.69931	-0.50757	-0.12924	0.48633	24.3	13111	30
2025-5-17 10:31:40.599	WTBenchPress#5(CEA7A127C8E8)	-0.242	-1.460	-0.302	-154.846	39.246	-73.547	-89.52	7.65	49.04	54.978	68.208	6.272	0.69931	-0.50757	-0.12924	0.48633	24.3	13111	30
2025-5-17 10:31:40.628	WTBenchPress#5(CEA7A127C8E8)	-0.243	-1.572	-0.435	-109.619	33.264	-81.726	-92.31	6.10	48.52	54.978	68.208	6.272	0.69931	-0.50757	-0.12924	0.48633	24.3	13111	30
2025-5-17 10:31:40.628	WTBenchPress#5(CEA7A127C8E8)	-0.221	-1.540	-0.467	-109.741	25.330	-76.477	-94.61	4.53	48.22	43.806	67.914	27.832	0.69931	-0.50757	-0.12924	0.48633	24.3	13111	30
2025-5-17 10:31:40.657	WTBenchPress#5(CEA7A127C8E8)	-0.158	-1.647	-0.428	-103.760	15.625	-81.787	-96.82	2.97	48.19	43.806	67.914	27.832	0.69931	-0.50757	-0.12924	0.48633	24.3	13111	30
2025-5-17 10:31:40.657	WTBenchPress#5(CEA7A127C8E8)	-0.146	-1.801	-0.327	-89.355	12.573	-79.590	-98.73	1.41	48.33	43.806	67.914	27.832	0.69931	-0.50757	-0.12924	0.48633	24.3	13111	30
2025-5-17 10:31:40.717	WTBenchPress#5(CEA7A127C8E8)	-0.149	-2.048	-0.252	-16.174	0.122	-87.463	-99.44	-0.20	48.70	43.806	67.914	27.832	0.69931	-0.50757	-0.12924	0.48633	24.3	13111	30
2025-5-17 10:31:40.717	WTBenchPress#5(CEA7A127C8E8)	-0.141	-2.168	-0.213	45.959	-9.521	-83.008	-98.85	-1.75	49.23	43.806	67.914	27.832	0.69931	-0.50757	-0.12924	0.48633	24.3	13111	30
2025-5-17 10:31:40.747	WTBenchPress#5(CEA7A127C8E8)	-0.099	-2.222	-0.142	45.227	-13.428	-57.251	-97.97	-2.87	49.74	43.806	67.914	27.832	0.69931	-0.50757	-0.12924	0.48633	24.3	13111	30
2025-5-17 10:31:40.747	WTBenchPress#5(CEA7A127C8E8)	-0.039	-2.220	0.003	27.588	-9.277	-22.949	-97.34	-3.37	50.08	43.806	67.914	27.832	0.69931	-0.50757	-0.12924	0.48633	24.3	13111	30
2025-5-17 10:31:40.778	WTBenchPress#5(CEA7A127C8E8)	-0.035	-2.030	0.097	36.377	-0.732	5.798	-96.64	-3.29	50.16	43.806	67.914	27.832	0.69931	-0.50757	-0.12924	0.48633	24.3	13111	30
2025-5-17 10:31:40.779	WTBenchPress#5(CEA7A127C8E8)	-0.043	-1.892	0.044	63.599	3.235	16.052	-95.48	-2.94	50.10	43.806	67.914	27.832	0.69931	-0.50757	-0.12924	0.48633	24.3	13111	30
2025-5-17 10:31:40.837	WTBenchPress#5(CEA7A127C8E8)	-0.029	-1.885	-0.016	93.140	-0.488	26.367	-93.74	-2.40	50.06	43.806	67.914	27.832	0.63269	-0.64850	-0.31473	0.28278	24.3	13111	30
2025-5-17 10:31:40.838	WTBenchPress#5(CEA7A127C8E8)	-0.016	-1.931	0.031	101.807	0.793	41.992	-91.75	-1.58	50.03	43.806	67.914	27.832	0.63269	-0.64850	-0.31473	0.28278	24.3	13111	30
2025-5-17 10:31:40.867	WTBenchPress#5(CEA7A127C8E8)	-0.042	-1.934	0.094	124.939	4.639	59.448	-89.37	-0.44	49.98	43.806	67.914	27.832	0.63269	-0.64850	-0.31473	0.28278	24.3	13111	30
2025-5-17 10:31:40.867	WTBenchPress#5(CEA7A127C8E8)	-0.094	-1.817	0.068	137.939	12.878	74.036	-86.72	0.99	49.86	43.806	67.914	27.832	0.63269	-0.64850	-0.31473	0.28278	24.3	13111	30
2025-5-17 10:31:40.898	WTBenchPress#5(CEA7A127C8E8)	-0.124	-1.807	-0.026	127.441	19.165	96.497	-84.19	2.83	49.72	43.806	67.914	27.832	0.63269	-0.64850	-0.31473	0.28278	24.3	13111	30
2025-5-17 10:31:40.898	WTBenchPress#5(CEA7A127C8E8)	-0.168	-1.704	-0.116	116.577	15.869	120.178	-81.90	5.11	49.77	43.806	67.914	27.832	0.63269	-0.64850	-0.31473	0.28278	24.3	13111	30
2025-5-17 10:31:40.961	WTBenchPress#5(CEA7A127C8E8)	-0.201	-1.552	-0.210	119.507	8.484	138.367	-79.63	7.72	50.13	43.806	67.914	27.832	0.63269	-0.64850	-0.31473	0.28278	24.3	13111	30
2025-5-17 10:31:40.961	WTBenchPress#5(CEA7A127C8E8)	-0.225	-1.275	-0.279	145.508	-4.578	140.869	-76.92	10.37	50.89	43.806	67.914	27.832	0.63269	-0.64850	-0.31473	0.28278	24.3	13111	30
2025-5-17 10:31:40.990	WTBenchPress#5(CEA7A127C8E8)	-0.230	-1.099	-0.291	169.006	-16.296	131.165	-73.68	12.76	52.04	43.806	67.914	27.832	0.63269	-0.64850	-0.31473	0.28278	24.3	13111	30
2025-5-17 10:31:40.990	WTBenchPress#5(CEA7A127C8E8)	-0.236	-0.941	-0.256	187.744	-25.085	120.728	-69.99	14.81	53.50	43.806	67.914	27.832	0.63269	-0.64850	-0.31473	0.28278	24.3	13111	30
2025-5-17 10:31:41.18	WTBenchPress#5(CEA7A127C8E8)	-0.208	-0.854	-0.221	174.255	-26.611	123.840	-66.36	16.72	55.21	43.806	67.914	27.832	0.63269	-0.64850	-0.31473	0.28278	24.3	13111	30
2025-5-17 10:31:41.18	WTBenchPress#5(CEA7A127C8E8)	-0.196	-0.652	-0.135	145.142	-26.917	130.188	-63.17	18.61	57.15	51.156	70.070	13.720	0.63269	-0.64850	-0.31473	0.28278	24.3	13111	30
2025-5-17 10:31:41.78	WTBenchPress#5(CEA7A127C8E8)	-0.185	-0.452	-0.054	128.296	-28.259	128.113	-60.31	20.39	59.24	51.156	70.070	13.720	0.63269	-0.64850	-0.31473	0.28278	24.3	13111	30
2025-5-17 10:31:41.78	WTBenchPress#5(CEA7A127C8E8)	-0.203	-0.331	0.067	123.413	-27.832	116.089	-57.58	21.91	61.34	51.156	70.070	13.720	0.63269	-0.64850	-0.31473	0.28278	24.3	13111	30
2025-5-17 10:31:41.107	WTBenchPress#5(CEA7A127C8E8)	-0.205	-0.261	0.125	111.328	-27.527	107.544	-55.11	23.18	63.36	51.156	70.070	13.720	0.63269	-0.64850	-0.31473	0.28278	24.3	13111	30
2025-5-17 10:31:41.108	WTBenchPress#5(CEA7A127C8E8)	-0.189	-0.099	0.159	96.680	-30.884	97.656	-52.90	24.20	65.36	51.156	70.070	13.720	0.63269	-0.64850	-0.31473	0.28278	24.3	13111	30
2025-5-17 10:31:41.137	WTBenchPress#5(CEA7A127C8E8)	-0.197	0.006	0.228	65.247	-28.687	85.632	-51.36	25.07	67.15	51.156	70.070	13.720	0.63269	-0.64850	-0.31473	0.28278	24.3	13111	30
2025-5-17 10:31:41.138	WTBenchPress#5(CEA7A127C8E8)	-0.200	0.125	0.287	32.104	-26.123	70.862	-50.49	25.78	68.60	51.156	70.070	13.720	0.63269	-0.64850	-0.31473	0.28278	24.3	13111	30
2025-5-17 10:31:41.199	WTBenchPress#5(CEA7A127C8E8)	-0.187	0.218	0.370	14.893	-24.170	47.302	-49.99	26.25	69.47	51.156	70.070	13.720	0.63269	-0.64850	-0.31473	0.28278	24.3	13111	30
2025-5-17 10:31:41.199	WTBenchPress#5(CEA7A127C8E8)	-0.162	0.266	0.399	5.066	-21.118	18.372	-49.66	26.35	69.67	51.156	70.070	13.720	0.63269	-0.64850	-0.31473	0.28278	24.3	13111	30
2025-5-17 10:31:41.261	WTBenchPress#5(CEA7A127C8E8)	-0.130	0.269	0.411	-9.705	-18.677	-5.249	-49.56	26.10	69.43	51.156	70.070	13.720	0.63269	-0.64850	-0.31473	0.28278	24.3	13111	30
2025-5-17 10:31:41.261	WTBenchPress#5(CEA7A127C8E8)	-0.094	0.284	0.416	-29.175	-11.230	-25.208	-49.83	25.57	68.84	51.156	70.070	13.720	0.67770	-0.45523	-0.07016	0.57309	24.3	13111	30
2025-5-17 10:31:41.261	WTBenchPress#5(CEA7A127C8E8)	-0.051	0.323	0.433	-77.942	1.587	-38.452	-51.06	24.93	67.94	51.156	70.070	13.720	0.67770	-0.45523	-0.07016	0.57309	24.3	13111	30
2025-5-17 10:31:41.261	WTBenchPress#5(CEA7A127C8E8)	-0.066	0.333	0.477	-118.530	18.433	-61.523	-53.20	24.05	66.56	51.156	70.070	13.720	0.67770	-0.45523	-0.07016	0.57309	24.3	13111	30
2025-5-17 10:31:41.318	WTBenchPress#5(CEA7A127C8E8)	-0.086	0.245	0.410	-127.014	30.579	-89.050	-55.61	22.81	64.72	51.156	70.070	13.720	0.67770	-0.45523	-0.07016	0.57309	24.3	13111	30
2025-5-17 10:31:41.318	WTBenchPress#5(CEA7A127C8E8)	-0.089	0.126	0.288	-118.835	33.569	-115.295	-57.89	21.11	62.62	51.156	70.070	13.720	0.67770	-0.45523	-0.07016	0.57309	24.3	13111	30
2025-5-17 10:31:41.347	WTBenchPress#5(CEA7A127C8E8)	-0.059	-0.135	0.156	-129.395	30.151	-128.723	-60.32	19.09	60.50	51.156	70.070	13.720	0.67770	-0.45523	-0.07016	0.57309	24.3	13111	30
2025-5-17 10:31:41.347	WTBenchPress#5(CEA7A127C8E8)	0.007	-0.357	0.091	-157.471	28.198	-117.432	-63.26	17.20	58.61	51.156	70.070	13.720	0.67770	-0.45523	-0.07016	0.57309	24.3	13111	30
2025-5-17 10:31:41.378	WTBenchPress#5(CEA7A127C8E8)	0.013	-0.379	0.091	-186.523	38.635	-113.647	-66.87	15.41	56.63	51.156	70.070	13.720	0.67770	-0.45523	-0.07016	0.57309	24.3	13111	30
2025-5-17 10:31:41.378	WTBenchPress#5(CEA7A127C8E8)	-0.026	-0.761	0.014	-187.134	52.856	-124.146	-70.74	13.43	54.46	51.156	70.070	13.720	0.67770	-0.45523	-0.07016	0.57309	24.3	13111	30
2025-5-17 10:31:41.437	WTBenchPress#5(CEA7A127C8E8)	-0.102	-1.029	-0.069	-174.316	50.720	-114.014	-74.46	11.51	52.66	51.156	68.992	15.876	0.67770	-0.45523	-0.07016	0.57309	24.3	13111	30
2025-5-17 10:31:41.438	WTBenchPress#5(CEA7A127C8E8)	-0.125	-1.127	-0.210	-166.138	46.326	-98.694	-78.05	9.78	51.30	51.156	68.992	15.876	0.67770	-0.45523	-0.07016	0.57309	24.3	13111	30
2025-5-17 10:31:41.467	WTBenchPress#5(CEA7A127C8E8)	-0.130	-1.192	-0.271	-169.067	41.260	-89.478	-81.68	8.14	50.27	51.156	68.992	15.876	0.67770	-0.45523	-0.07016	0.57309	24.3	13111	30
2025-5-17 10:31:41.467	WTBenchPress#5(CEA7A127C8E8)	-0.206	-1.340	-0.293	-171.387	40.771	-86.121	-85.33	6.50	49.44	51.156	68.992	15.876	0.67770	-0.45523	-0.07016	0.57309	24.3	13111	30
2025-5-17 10:31:41.498	WTBenchPress#5(CEA7A127C8E8)	-0.220	-1.589	-0.395	-133.057	42.725	-75.439	-88.66	4.95	48.66	51.156	68.992	15.876	0.67770	-0.45523	-0.07016	0.57309	24.3	13111	30
2025-5-17 10:31:41.498	WTBenchPress#5(CEA7A127C8E8)	-0.206	-1.629	-0.396	-90.576	31.006	-71.045	-91.26	3.48	48.09	51.156	68.992	15.876	0.67770	-0.45523	-0.07016	0.57309	24.3	13111	30
2025-5-17 10:31:41.560	WTBenchPress#5(CEA7A127C8E8)	-0.155	-1.634	-0.345	-57.190	20.386	-73.547	-93.02	2.07	47.81	51.156	68.992	15.876	0.67770	-0.45523	-0.07016	0.57309	24.3	13111	30
2025-5-17 10:31:41.560	WTBenchPress#5(CEA7A127C8E8)	-0.149	-1.709	-0.229	-25.330	15.564	-76.904	-94.10	0.61	47.74	51.156	68.992	15.876	0.67770	-0.45523	-0.07016	0.57309	24.3	13111	30
2025-5-17 10:31:41.589	WTBenchPress#5(CEA7A127C8E8)	-0.136	-1.755	-0.209	-0.854	14.404	-72.388	-94.55	-0.85	47.73	51.156	68.992	15.876	0.67770	-0.45523	-0.07016	0.57309	24.3	13111	30
2025-5-17 10:31:41.589	WTBenchPress#5(CEA7A127C8E8)	-0.126	-1.729	-0.169	-2.136	14.404	-49.927	-94.64	-2.11	47.70	51.156	68.992	15.876	0.67770	-0.45523	-0.07016	0.57309	24.3	13111	30
2025-5-17 10:31:41.647	WTBenchPress#5(CEA7A127C8E8)	-0.100	-1.553	-0.153	-19.592	14.038	-22.827	-94.81	-2.89	47.61	51.156	68.992	15.876	0.67770	-0.45523	-0.07016	0.57309	24.3	13111	30
2025-5-17 10:31:41.647	WTBenchPress#5(CEA7A127C8E8)	-0.077	-1.433	-0.154	-31.921	12.939	-10.376	-95.29	-3.21	47.48	51.156	68.992	15.876	0.62476	-0.66855	-0.31470	0.25214	24.3	13111	30
2025-5-17 10:31:41.678	WTBenchPress#5(CEA7A127C8E8)	-0.058	-1.340	-0.137	-35.828	14.587	-6.470	-95.96	-3.32	47.33	51.156	68.992	15.876	0.62476	-0.66855	-0.31470	0.25214	24.3	13111	30
2025-5-17 10:31:41.678	WTBenchPress#5(CEA7A127C8E8)	-0.059	-1.283	-0.136	-11.169	10.925	-11.963	-96.56	-3.41	47.16	51.156	68.992	15.876	0.62476	-0.66855	-0.31470	0.25214	24.3	13111	30
2025-5-17 10:31:41.707	WTBenchPress#5(CEA7A127C8E8)	-0.045	-1.274	-0.170	9.521	7.019	-12.817	-96.67	-3.58	47.07	51.156	68.992	15.876	0.62476	-0.66855	-0.31470	0.25214	24.3	13111	30
2025-5-17 10:31:41.707	WTBenchPress#5(CEA7A127C8E8)	-0.046	-1.188	-0.175	12.634	7.385	-10.315	-96.48	-3.75	47.03	51.156	68.992	15.876	0.62476	-0.66855	-0.31470	0.25214	24.3	13111	30
2025-5-17 10:31:41.767	WTBenchPress#5(CEA7A127C8E8)	-0.016	-1.125	-0.176	3.906	6.958	-3.113	-96.27	-3.84	46.99	51.156	68.992	15.876	0.62476	-0.66855	-0.31470	0.25214	24.3	13111	30
2025-5-17 10:31:41.767	WTBenchPress#5(CEA7A127C8E8)	-0.024	-1.066	-0.127	5.127	2.075	-2.441	-96.20	-3.82	46.97	51.156	68.992	15.876	0.62476	-0.66855	-0.31470	0.25214	24.3	13111	30
2025-5-17 10:31:41.799	WTBenchPress#5(CEA7A127C8E8)	-0.030	-1.045	-0.147	1.099	-2.686	-2.625	-96.14	-3.79	47.05	51.156	68.992	15.876	0.62476	-0.66855	-0.31470	0.25214	24.3	13111	30
2025-5-17 10:31:41.799	WTBenchPress#5(CEA7A127C8E8)	-0.006	-1.067	-0.182	10.437	-5.676	-2.441	-96.10	-3.75	47.22	51.156	68.992	15.876	0.62476	-0.66855	-0.31470	0.25214	24.3	13111	30
2025-5-17 10:31:41.827	WTBenchPress#5(CEA7A127C8E8)	-0.039	-1.032	-0.144	19.348	-7.935	-4.578	-95.88	-3.72	47.46	51.156	68.992	15.876	0.62476	-0.66855	-0.31470	0.25214	24.3	13111	30
2025-5-17 10:31:41.827	WTBenchPress#5(CEA7A127C8E8)	-0.054	-1.021	-0.218	29.724	-12.512	-3.967	-95.49	-3.72	47.76	33.418	71.050	29.792	0.62476	-0.66855	-0.31470	0.25214	24.3	13111	30
2025-5-17 10:31:41.888	WTBenchPress#5(CEA7A127C8E8)	-0.017	-1.028	-0.212	23.621	-26.062	6.165	-94.99	-3.65	48.21	33.418	71.050	29.792	0.62476	-0.66855	-0.31470	0.25214	24.3	13111	30
2025-5-17 10:31:41.888	WTBenchPress#5(CEA7A127C8E8)	0.019	-0.968	-0.116	-2.747	-30.518	13.062	-94.74	-3.39	48.87	33.418	71.050	29.792	0.62476	-0.66855	-0.31470	0.25214	24.3	13111	30
2025-5-17 10:31:41.917	WTBenchPress#5(CEA7A127C8E8)	0.003	-0.931	-0.068	14.038	-29.907	7.263	-94.80	-3.04	49.59	33.418	71.050	29.792	0.62476	-0.66855	-0.31470	0.25214	24.3	13111	30
2025-5-17 10:31:41.918	WTBenchPress#5(CEA7A127C8E8)	-0.035	-0.920	-0.102	20.142	-17.212	-8.911	-94.56	-2.88	50.23	33.418	71.050	29.792	0.62476	-0.66855	-0.31470	0.25214	24.3	13111	30
2025-5-17 10:31:41.947	WTBenchPress#5(CEA7A127C8E8)	-0.035	-1.006	-0.156	21.301	-11.719	-14.832	-94.21	-3.05	50.65	33.418	71.050	29.792	0.62476	-0.66855	-0.31470	0.25214	24.3	13111	30
2025-5-17 10:31:41.947	WTBenchPress#5(CEA7A127C8E8)	-0.046	-1.104	-0.140	18.127	-9.338	-18.738	-93.88	-3.32	51.00	33.418	71.050	29.792	0.62476	-0.66855	-0.31470	0.25214	24.3	13111	30
2025-5-17 10:31:42.9	WTBenchPress#5(CEA7A127C8E8)	-0.041	-1.110	-0.166	54.321	-16.602	-34.729	-93.23	-3.78	51.41	33.418	71.050	29.792	0.62476	-0.66855	-0.31470	0.25214	24.3	13111	30
2025-5-17 10:31:42.9	WTBenchPress#5(CEA7A127C8E8)	0.039	-1.154	-0.089	59.570	-20.630	-37.659	-92.19	-4.42	51.93	33.418	71.050	29.792	0.62476	-0.66855	-0.31470	0.25214	24.3	13111	30
2025-5-17 10:31:42.37	WTBenchPress#5(CEA7A127C8E8)	0.037	-1.041	-0.080	48.645	-17.639	-13.550	-91.21	-4.84	52.44	33.418	71.050	29.792	0.62476	-0.66855	-0.31470	0.25214	24.3	13111	30
2025-5-17 10:31:42.38	WTBenchPress#5(CEA7A127C8E8)	-0.027	-1.028	-0.012	58.044	-12.268	76.843	-90.25	-4.15	52.84	33.418	71.050	29.792	0.64514	-0.61899	-0.33200	0.30045	24.3	13111	30
2025-5-17 10:31:42.69	WTBenchPress#5(CEA7A127C8E8)	-0.011	-1.062	-0.052	98.694	-18.555	23.193	-88.78	-3.11	53.26	33.418	71.050	29.792	0.64514	-0.61899	-0.33200	0.30045	24.3	13111	30
2025-5-17 10:31:42.69	WTBenchPress#5(CEA7A127C8E8)	-0.025	-1.208	0.135	46.265	-3.540	5.798	-87.42	-2.79	53.58	33.418	71.050	29.792	0.64514	-0.61899	-0.33200	0.30045	24.3	13111	30
2025-5-17 10:31:42.127	WTBenchPress#5(CEA7A127C8E8)	-0.027	-1.026	0.008	3.601	0.244	-0.183	-87.00	-2.70	53.68	33.418	71.050	29.792	0.64514	-0.61899	-0.33200	0.30045	24.3	13111	30
2025-5-17 10:31:42.127	WTBenchPress#5(CEA7A127C8E8)	-0.033	-1.029	0.008	1.404	0.244	-0.061	-87.01	-2.66	53.73	33.418	71.050	29.792	0.64514	-0.61899	-0.33200	0.30045	24.3	13111	30
2025-5-17 10:31:42.157	WTBenchPress#5(CEA7A127C8E8)	-0.014	-1.024	-0.001	7.507	3.967	-1.587	-86.98	-2.63	53.75	33.418	71.050	29.792	0.64514	-0.61899	-0.33200	0.30045	24.3	13111	30
2025-5-17 10:31:42.157	WTBenchPress#5(CEA7A127C8E8)	-0.036	-1.039	0.018	4.639	14.038	-1.465	-86.90	-2.61	53.62	33.418	71.050	29.792	0.64514	-0.61899	-0.33200	0.30045	24.3	13111	30
2025-5-17 10:31:42.189	WTBenchPress#5(CEA7A127C8E8)	-0.044	-1.029	-0.042	-0.366	12.329	-0.244	-86.90	-2.57	53.40	33.418	71.050	29.792	0.64514	-0.61899	-0.33200	0.30045	24.3	13111	30
2025-5-17 10:31:42.189	WTBenchPress#5(CEA7A127C8E8)	0.000	-1.031	0.013	-0.122	18.311	-0.122	-86.95	-2.52	53.15	33.418	71.050	29.792	0.64514	-0.61899	-0.33200	0.30045	24.3	13111	30
2025-5-17 10:31:42.247	WTBenchPress#5(CEA7A127C8E8)	-0.024	-1.029	0.089	0.122	16.846	-0.549	-86.98	-2.46	52.84	34.790	75.460	22.540	0.64514	-0.61899	-0.33200	0.30045	24.3	13111	30
2025-5-17 10:31:42.248	WTBenchPress#5(CEA7A127C8E8)	-0.025	-1.029	0.013	-0.061	-0.366	0.061	-87.01	-2.41	52.72	34.790	75.460	22.540	0.64514	-0.61899	-0.33200	0.30045	24.3	13111	30
