time	DeviceName	AccX(g)	AccY(g)	AccZ(g)	AsX(°/s)	AsY(°/s)	AsZ(°/s)	AngleX(°)	AngleY(°)	AngleZ(°)	HX(uT)	HY(uT)	HZ(uT)	Q0()	Q1()	Q2()	Q3()	Temperature(°C)	Version()	Battery level(%)
2025-5-17 10:48:14.247	WTBenchPress#5(CEA7A127C8E8)	-0.020	-1.030	0.014	0.000	0.000	0.000	-89.15	1.05	55.39	36.750	73.696	23.422	0.62766	-0.62439	-0.32043	0.33676	24.0	13111	30
2025-5-17 10:48:14.247	WTBenchPress#5(CEA7A127C8E8)	-0.019	-1.030	0.014	0.000	0.000	0.000	-89.15	1.05	55.39	36.750	73.696	23.422	0.62766	-0.62439	-0.32043	0.33676	24.0	13111	30
2025-5-17 10:48:14.274	WTBenchPress#5(CEA7A127C8E8)	-0.019	-1.029	0.016	0.000	0.000	0.000	-89.15	1.05	55.39	36.750	73.696	23.422	0.62766	-0.62439	-0.32043	0.33676	24.0	13111	30
2025-5-17 10:48:14.274	WTBenchPress#5(CEA7A127C8E8)	-0.019	-1.030	0.016	0.000	0.000	0.000	-89.15	1.05	55.39	36.750	73.696	23.422	0.62766	-0.62439	-0.32043	0.33676	24.0	13111	30
2025-5-17 10:48:14.304	WTBenchPress#5(CEA7A127C8E8)	-0.019	-1.030	0.015	0.000	0.000	0.000	-89.15	1.05	55.39	36.750	73.696	23.422	0.62766	-0.62439	-0.32043	0.33676	24.0	13111	30
2025-5-17 10:48:14.304	WTBenchPress#5(CEA7A127C8E8)	-0.019	-1.030	0.013	0.000	0.000	0.000	-89.15	1.05	55.39	36.750	73.696	23.422	0.62766	-0.62439	-0.32043	0.33676	24.0	13111	30
2025-5-17 10:48:14.365	WTBenchPress#5(CEA7A127C8E8)	-0.019	-1.030	0.014	0.000	0.000	0.000	-89.15	1.05	55.39	36.750	73.696	23.422	0.62766	-0.62439	-0.32043	0.33676	24.0	13111	30
2025-5-17 10:48:14.366	WTBenchPress#5(CEA7A127C8E8)	-0.020	-1.030	0.016	0.000	0.000	0.000	-89.15	1.05	55.39	36.750	73.696	23.422	0.62766	-0.62439	-0.32043	0.33676	24.0	13111	30
2025-5-17 10:48:14.395	WTBenchPress#5(CEA7A127C8E8)	-0.018	-1.030	0.017	0.000	0.000	0.000	-89.15	1.05	55.39	36.750	73.696	23.422	0.62766	-0.62439	-0.32043	0.33676	24.0	13111	30
2025-5-17 10:48:14.396	WTBenchPress#5(CEA7A127C8E8)	-0.018	-1.031	0.017	0.000	0.000	0.000	-89.15	1.05	55.39	36.750	73.696	23.422	0.62766	-0.62439	-0.32043	0.33676	24.0	13111	30
2025-5-17 10:48:14.424	WTBenchPress#5(CEA7A127C8E8)	-0.019	-1.030	0.014	0.000	0.000	0.000	-89.15	1.05	55.39	36.750	73.696	23.422	0.62766	-0.62439	-0.32043	0.33676	24.0	13111	30
2025-5-17 10:48:14.424	WTBenchPress#5(CEA7A127C8E8)	-0.019	-1.029	0.012	0.000	0.000	0.000	-89.15	1.05	55.39	36.750	73.696	23.422	0.62766	-0.62439	-0.32043	0.33676	24.0	13111	30
2025-5-17 10:48:14.484	WTBenchPress#5(CEA7A127C8E8)	-0.019	-1.030	0.014	0.000	0.000	0.000	-89.15	1.05	55.39	36.750	73.696	23.422	0.62766	-0.62439	-0.32043	0.33676	24.0	13111	30
2025-5-17 10:48:14.484	WTBenchPress#5(CEA7A127C8E8)	-0.019	-1.030	0.017	0.000	0.000	0.000	-89.15	1.05	55.39	36.750	73.696	23.422	0.62766	-0.62439	-0.32043	0.33676	24.0	13111	30
2025-5-17 10:48:14.514	WTBenchPress#5(CEA7A127C8E8)	-0.019	-1.030	0.017	0.000	0.000	0.000	-89.15	1.04	55.39	36.750	73.696	23.422	0.62766	-0.62439	-0.32043	0.33676	24.0	13111	30
2025-5-17 10:48:14.514	WTBenchPress#5(CEA7A127C8E8)	-0.018	-1.030	0.016	0.000	0.000	0.000	-89.15	1.04	55.39	36.750	73.696	23.422	0.62766	-0.62439	-0.32043	0.33676	24.0	13111	30
2025-5-17 10:48:14.546	WTBenchPress#5(CEA7A127C8E8)	-0.019	-1.030	0.014	0.000	0.000	0.000	-89.15	1.04	55.39	36.750	73.696	23.422	0.62766	-0.62439	-0.32043	0.33676	24.0	13111	30
2025-5-17 10:48:14.546	WTBenchPress#5(CEA7A127C8E8)	-0.019	-1.030	0.014	0.000	0.000	0.000	-89.15	1.04	55.39	36.750	73.696	23.422	0.62766	-0.62439	-0.32043	0.33676	24.0	13111	30
2025-5-17 10:48:14.604	WTBenchPress#5(CEA7A127C8E8)	-0.019	-1.030	0.015	0.000	0.000	0.000	-89.15	1.04	55.39	36.750	73.696	23.422	0.62766	-0.62439	-0.32043	0.33676	24.0	13111	30
2025-5-17 10:48:14.604	WTBenchPress#5(CEA7A127C8E8)	-0.019	-1.030	0.015	0.000	0.000	0.000	-89.15	1.04	55.39	36.750	73.696	23.422	0.62766	-0.62439	-0.32043	0.33676	24.0	13111	30
2025-5-17 10:48:14.635	WTBenchPress#5(CEA7A127C8E8)	-0.020	-1.030	0.016	0.000	0.000	0.000	-89.15	1.04	55.39	36.750	73.696	23.422	0.62766	-0.62439	-0.32043	0.33676	24.0	13111	30
2025-5-17 10:48:14.635	WTBenchPress#5(CEA7A127C8E8)	-0.020	-1.029	0.016	0.000	0.000	0.000	-89.15	1.04	55.39	36.750	73.696	23.422	0.62766	-0.62439	-0.32043	0.33676	24.0	13111	30
2025-5-17 10:48:14.664	WTBenchPress#5(CEA7A127C8E8)	-0.018	-1.030	0.015	0.000	0.000	0.000	-89.15	1.04	55.39	36.750	73.696	23.422	0.62766	-0.62439	-0.32043	0.33676	24.0	13111	30
2025-5-17 10:48:14.664	WTBenchPress#5(CEA7A127C8E8)	-0.019	-1.030	0.015	0.000	0.000	0.000	-89.15	1.04	55.39	36.750	73.696	23.422	0.62766	-0.62439	-0.32043	0.33676	24.0	13111	30
2025-5-17 10:48:14.724	WTBenchPress#5(CEA7A127C8E8)	-0.019	-1.030	0.015	0.000	0.000	0.000	-89.15	1.04	55.39	36.750	73.696	23.422	0.62766	-0.62439	-0.32043	0.33676	24.0	13111	30
2025-5-17 10:48:14.725	WTBenchPress#5(CEA7A127C8E8)	-0.018	-1.030	0.014	0.000	0.000	0.000	-89.15	1.04	55.39	36.750	73.696	23.422	0.62766	-0.62439	-0.32043	0.33676	24.0	13111	30
2025-5-17 10:48:14.756	WTBenchPress#5(CEA7A127C8E8)	-0.019	-1.029	0.015	0.000	0.000	0.000	-89.15	1.04	55.39	36.750	73.696	23.422	0.62766	-0.62439	-0.32043	0.33676	24.0	13111	30
2025-5-17 10:48:14.756	WTBenchPress#5(CEA7A127C8E8)	-0.020	-1.030	0.014	0.000	0.000	0.000	-89.15	1.04	55.39	36.750	73.696	23.422	0.62766	-0.62439	-0.32043	0.33676	24.0	13111	30
2025-5-17 10:48:14.786	WTBenchPress#5(CEA7A127C8E8)	-0.019	-1.031	0.016	0.000	0.000	0.000	-89.15	1.04	55.39	36.750	73.696	23.422	0.62766	-0.62439	-0.32043	0.33676	24.0	13111	30
2025-5-17 10:48:14.786	WTBenchPress#5(CEA7A127C8E8)	-0.018	-1.030	0.016	0.000	0.000	0.000	-89.15	1.04	55.39	36.750	73.696	23.422	0.62766	-0.62439	-0.32043	0.33676	24.0	13111	30
2025-5-17 10:48:14.844	WTBenchPress#5(CEA7A127C8E8)	-0.019	-1.030	0.015	0.000	0.000	0.000	-89.15	1.04	55.39	36.750	73.696	23.422	0.62766	-0.62439	-0.32043	0.33676	24.0	13111	30
2025-5-17 10:48:14.844	WTBenchPress#5(CEA7A127C8E8)	-0.019	-1.030	0.014	0.000	0.000	0.000	-89.15	1.04	55.39	36.750	73.696	23.422	0.62766	-0.62439	-0.32043	0.33676	24.0	13111	30
2025-5-17 10:48:14.876	WTBenchPress#5(CEA7A127C8E8)	-0.018	-1.030	0.015	0.000	0.000	0.000	-89.15	1.04	55.39	36.750	73.696	23.422	0.62766	-0.62439	-0.32043	0.33676	24.2	13111	30
2025-5-17 10:48:14.876	WTBenchPress#5(CEA7A127C8E8)	-0.019	-1.030	0.015	0.000	0.000	0.000	-89.15	1.04	55.39	36.750	73.696	23.422	0.62766	-0.62439	-0.32043	0.33676	24.2	13111	30
2025-5-17 10:48:14.904	WTBenchPress#5(CEA7A127C8E8)	-0.019	-1.030	0.016	0.000	0.000	0.000	-89.15	1.04	55.39	36.750	73.696	23.422	0.62766	-0.62439	-0.32043	0.33676	24.2	13111	30
2025-5-17 10:48:14.904	WTBenchPress#5(CEA7A127C8E8)	-0.019	-1.030	0.016	0.000	0.000	0.000	-89.15	1.04	55.39	36.750	73.696	23.422	0.62766	-0.62439	-0.32043	0.33676	24.2	13111	30
2025-5-17 10:48:14.964	WTBenchPress#5(CEA7A127C8E8)	-0.019	-1.030	0.015	0.000	0.000	0.000	-89.15	1.04	55.39	36.750	73.696	23.422	0.62766	-0.62439	-0.32043	0.33676	24.2	13111	30
2025-5-17 10:48:14.964	WTBenchPress#5(CEA7A127C8E8)	-0.018	-1.030	0.014	0.000	0.000	0.000	-89.15	1.04	55.39	36.750	73.696	23.422	0.62766	-0.62439	-0.32043	0.33676	24.2	13111	30
2025-5-17 10:48:14.995	WTBenchPress#5(CEA7A127C8E8)	-0.019	-1.030	0.014	0.000	0.000	0.000	-89.15	1.04	55.39	36.750	73.696	23.422	0.62766	-0.62439	-0.32043	0.33676	24.2	13111	30
2025-5-17 10:48:14.995	WTBenchPress#5(CEA7A127C8E8)	-0.019	-1.030	0.015	0.000	0.000	0.000	-89.15	1.04	55.39	36.750	73.696	23.422	0.62766	-0.62439	-0.32043	0.33676	24.2	13111	30
2025-5-17 10:48:15.56	WTBenchPress#5(CEA7A127C8E8)	-0.019	-1.030	0.014	0.000	0.000	0.000	-89.15	1.04	55.39	36.750	73.696	23.422	0.62766	-0.62439	-0.32043	0.33676	24.2	13111	30
2025-5-17 10:48:15.56	WTBenchPress#5(CEA7A127C8E8)	-0.018	-1.030	0.016	0.000	0.000	0.000	-89.15	1.04	55.39	36.750	73.696	23.422	0.62766	-0.62439	-0.32043	0.33676	24.2	13111	30
2025-5-17 10:48:15.115	WTBenchPress#5(CEA7A127C8E8)	-0.019	-1.030	0.016	0.000	0.000	0.000	-89.15	1.04	55.39	36.750	73.696	23.422	0.62766	-0.62439	-0.32043	0.33676	24.2	13111	30
2025-5-17 10:48:15.115	WTBenchPress#5(CEA7A127C8E8)	-0.018	-1.030	0.015	0.000	0.000	0.000	-89.15	1.04	55.39	36.554	73.892	23.422	0.62766	-0.62439	-0.32043	0.33676	24.2	13111	30
2025-5-17 10:48:15.116	WTBenchPress#5(CEA7A127C8E8)	-0.018	-1.030	0.015	0.000	0.000	0.000	-89.15	1.04	55.39	36.554	73.892	23.422	0.62766	-0.62439	-0.32043	0.33676	24.2	13111	30
2025-5-17 10:48:15.116	WTBenchPress#5(CEA7A127C8E8)	-0.020	-1.030	0.015	0.000	0.000	0.000	-89.15	1.04	55.39	36.554	73.892	23.422	0.62766	-0.62439	-0.32043	0.33676	24.2	13111	30
2025-5-17 10:48:15.175	WTBenchPress#5(CEA7A127C8E8)	-0.019	-1.030	0.015	0.000	0.000	0.000	-89.15	1.04	55.39	36.554	73.892	23.422	0.62766	-0.62439	-0.32043	0.33676	24.2	13111	30
2025-5-17 10:48:15.175	WTBenchPress#5(CEA7A127C8E8)	-0.019	-1.030	0.015	0.000	0.000	0.000	-89.15	1.04	55.39	36.554	73.892	23.422	0.62766	-0.62439	-0.32043	0.33676	24.2	13111	30
2025-5-17 10:48:15.204	WTBenchPress#5(CEA7A127C8E8)	-0.019	-1.030	0.016	0.000	0.000	0.000	-89.15	1.04	55.39	36.554	73.892	23.422	0.62766	-0.62439	-0.32043	0.33676	24.2	13111	30
2025-5-17 10:48:15.204	WTBenchPress#5(CEA7A127C8E8)	-0.019	-1.030	0.016	0.000	0.000	0.000	-89.15	1.04	55.39	36.554	73.892	23.422	0.62766	-0.62439	-0.32043	0.33676	24.2	13111	30
2025-5-17 10:48:15.235	WTBenchPress#5(CEA7A127C8E8)	-0.019	-1.030	0.014	0.000	0.000	0.000	-89.15	1.04	55.39	36.554	73.892	23.422	0.62766	-0.62439	-0.32043	0.33676	24.2	13111	30
2025-5-17 10:48:15.235	WTBenchPress#5(CEA7A127C8E8)	-0.026	-1.030	0.015	0.000	0.000	0.000	-89.15	1.04	55.39	36.554	73.892	23.422	0.62766	-0.62439	-0.32043	0.33676	24.2	13111	30
2025-5-17 10:48:15.297	WTBenchPress#5(CEA7A127C8E8)	0.003	-1.029	0.050	-0.549	2.869	0.366	-89.15	1.05	55.38	36.554	73.892	23.422	0.62766	-0.62439	-0.32043	0.33676	24.2	13111	30
2025-5-17 10:48:15.297	WTBenchPress#5(CEA7A127C8E8)	-0.004	-1.031	0.013	-0.732	35.461	0.549	-89.17	1.06	55.15	36.554	73.892	23.422	0.62766	-0.62439	-0.32043	0.33676	24.2	13111	30
2025-5-17 10:48:15.324	WTBenchPress#5(CEA7A127C8E8)	-0.004	-1.030	-0.005	-0.244	29.846	0.061	-89.19	1.08	54.47	36.554	73.892	23.422	0.63046	-0.62769	-0.31451	0.33090	24.2	13111	30
2025-5-17 10:48:15.324	WTBenchPress#5(CEA7A127C8E8)	-0.084	-1.030	0.017	-1.770	41.077	1.648	-89.21	1.09	53.83	36.554	73.892	23.422	0.63046	-0.62769	-0.31451	0.33090	24.2	13111	30
2025-5-17 10:48:15.355	WTBenchPress#5(CEA7A127C8E8)	-0.038	-1.035	0.006	-1.099	22.522	-0.610	-89.25	1.12	53.11	36.554	73.892	23.422	0.63046	-0.62769	-0.31451	0.33090	24.2	13111	30
2025-5-17 10:48:15.355	WTBenchPress#5(CEA7A127C8E8)	-0.025	-1.046	0.017	-0.488	14.465	-15.564	-89.28	1.04	52.72	36.554	73.892	23.422	0.63046	-0.62769	-0.31451	0.33090	24.2	13111	30
2025-5-17 10:48:15.415	WTBenchPress#5(CEA7A127C8E8)	-0.054	-1.030	0.023	-7.629	2.808	-8.362	-89.33	0.77	52.50	36.554	73.892	23.422	0.63046	-0.62769	-0.31451	0.33090	24.2	13111	30
2025-5-17 10:48:15.415	WTBenchPress#5(CEA7A127C8E8)	-0.084	-1.043	-0.037	-1.831	-15.015	-7.385	-89.45	0.62	52.54	36.554	73.892	23.422	0.63046	-0.62769	-0.31451	0.33090	24.2	13111	30
2025-5-17 10:48:15.445	WTBenchPress#5(CEA7A127C8E8)	-0.026	-1.218	-0.066	31.433	-58.899	-31.860	-89.32	0.36	53.06	36.554	73.892	23.422	0.63046	-0.62769	-0.31451	0.33090	24.2	13111	30
2025-5-17 10:48:15.445	WTBenchPress#5(CEA7A127C8E8)	-0.021	-1.546	0.109	25.818	-26.550	12.207	-88.73	-0.04	54.09	36.554	73.892	23.422	0.63046	-0.62769	-0.31451	0.33090	24.2	13111	30
2025-5-17 10:48:15.476	WTBenchPress#5(CEA7A127C8E8)	-0.009	-1.577	0.080	-16.724	3.540	46.021	-88.43	0.37	54.45	36.554	73.892	23.422	0.63046	-0.62769	-0.31451	0.33090	24.2	13111	30
2025-5-17 10:48:15.476	WTBenchPress#5(CEA7A127C8E8)	-0.063	-1.478	0.000	-28.931	4.333	58.777	-88.81	1.37	54.38	36.554	73.892	23.422	0.63046	-0.62769	-0.31451	0.33090	24.2	13111	30
2025-5-17 10:48:15.535	WTBenchPress#5(CEA7A127C8E8)	-0.096	-1.365	-0.064	-11.841	-2.136	54.749	-89.21	2.49	54.37	36.946	73.108	23.618	0.63046	-0.62769	-0.31451	0.33090	24.2	13111	30
2025-5-17 10:48:15.535	WTBenchPress#5(CEA7A127C8E8)	-0.165	-1.423	-0.011	26.794	-2.319	42.297	-89.05	3.44	54.42	36.946	73.108	23.618	0.63046	-0.62769	-0.31451	0.33090	24.2	13111	30
2025-5-17 10:48:15.565	WTBenchPress#5(CEA7A127C8E8)	-0.158	-1.500	0.024	62.561	-9.094	34.607	-88.15	4.19	54.55	36.946	73.108	23.618	0.63046	-0.62769	-0.31451	0.33090	24.2	13111	30
2025-5-17 10:48:15.565	WTBenchPress#5(CEA7A127C8E8)	-0.157	-1.454	0.012	86.975	-9.155	26.428	-86.66	4.76	54.76	36.946	73.108	23.618	0.63046	-0.62769	-0.31451	0.33090	24.2	13111	30
2025-5-17 10:48:15.594	WTBenchPress#5(CEA7A127C8E8)	-0.153	-1.429	0.017	78.430	-9.277	19.043	-85.03	5.19	54.97	36.946	73.108	23.618	0.63046	-0.62769	-0.31451	0.33090	24.2	13111	30
2025-5-17 10:48:15.594	WTBenchPress#5(CEA7A127C8E8)	-0.203	-1.400	0.021	74.585	-13.000	8.423	-83.53	5.42	55.21	36.946	73.108	23.618	0.63046	-0.62769	-0.31451	0.33090	24.2	13111	30
2025-5-17 10:48:15.655	WTBenchPress#5(CEA7A127C8E8)	-0.189	-1.458	0.079	86.975	-17.700	4.761	-81.97	5.49	55.53	36.946	73.108	23.618	0.63046	-0.62769	-0.31451	0.33090	24.2	13111	30
2025-5-17 10:48:15.655	WTBenchPress#5(CEA7A127C8E8)	-0.167	-1.442	0.150	81.055	-12.512	14.465	-80.35	5.63	55.84	36.946	73.108	23.618	0.63046	-0.62769	-0.31451	0.33090	24.2	13111	30
2025-5-17 10:48:15.684	WTBenchPress#5(CEA7A127C8E8)	-0.144	-1.406	0.164	87.097	-7.996	27.527	-78.74	6.00	56.09	36.946	73.108	23.618	0.63046	-0.62769	-0.31451	0.33090	24.2	13111	30
2025-5-17 10:48:15.685	WTBenchPress#5(CEA7A127C8E8)	-0.130	-1.323	0.150	106.689	-9.583	41.138	-76.88	6.63	56.38	36.946	73.108	23.618	0.67657	-0.56100	-0.24536	0.40887	24.2	13111	30
2025-5-17 10:48:15.715	WTBenchPress#5(CEA7A127C8E8)	-0.100	-1.175	0.145	95.093	-7.385	60.669	-74.94	7.56	56.76	36.946	73.108	23.618	0.67657	-0.56100	-0.24536	0.40887	24.2	13111	30
2025-5-17 10:48:15.715	WTBenchPress#5(CEA7A127C8E8)	-0.080	-0.973	0.166	75.012	-9.521	72.632	-73.31	8.77	57.27	36.946	73.108	23.618	0.67657	-0.56100	-0.24536	0.40887	24.2	13111	30
2025-5-17 10:48:15.776	WTBenchPress#5(CEA7A127C8E8)	-0.026	-0.842	0.224	80.811	-13.794	83.862	-71.79	10.15	57.94	36.946	73.108	23.618	0.67657	-0.56100	-0.24536	0.40887	24.2	13111	30
2025-5-17 10:48:15.776	WTBenchPress#5(CEA7A127C8E8)	-0.053	-0.684	0.260	75.256	-12.695	86.792	-70.23	11.61	58.72	36.946	73.108	23.618	0.67657	-0.56100	-0.24536	0.40887	24.2	13111	30
2025-5-17 10:48:15.804	WTBenchPress#5(CEA7A127C8E8)	-0.055	-0.533	0.192	82.520	-13.428	81.665	-68.63	13.01	59.52	36.946	73.108	23.618	0.67657	-0.56100	-0.24536	0.40887	24.2	13111	30
2025-5-17 10:48:15.804	WTBenchPress#5(CEA7A127C8E8)	-0.052	-0.437	0.199	76.538	-7.751	75.928	-67.01	14.30	60.28	36.946	73.108	23.618	0.67657	-0.56100	-0.24536	0.40887	24.2	13111	30
2025-5-17 10:48:15.835	WTBenchPress#5(CEA7A127C8E8)	-0.039	-0.345	0.232	69.763	-1.526	67.566	-65.53	15.46	60.90	36.946	73.108	23.618	0.67657	-0.56100	-0.24536	0.40887	24.2	13111	30
2025-5-17 10:48:15.835	WTBenchPress#5(CEA7A127C8E8)	-0.000	-0.255	0.306	50.049	6.470	57.800	-64.35	16.50	61.31	36.946	73.108	23.618	0.67657	-0.56100	-0.24536	0.40887	24.2	13111	30
2025-5-17 10:48:15.896	WTBenchPress#5(CEA7A127C8E8)	-0.030	-0.119	0.345	31.189	7.935	36.560	-63.58	17.29	61.48	36.946	73.108	23.618	0.67657	-0.56100	-0.24536	0.40887	24.2	13111	30
2025-5-17 10:48:15.896	WTBenchPress#5(CEA7A127C8E8)	-0.051	-0.092	0.349	18.005	11.292	15.259	-63.15	17.70	61.38	36.946	73.108	23.618	0.67657	-0.56100	-0.24536	0.40887	24.2	13111	30
2025-5-17 10:48:15.925	WTBenchPress#5(CEA7A127C8E8)	-0.080	-0.082	0.334	14.221	11.963	-1.404	-62.89	17.78	61.03	48.510	73.696	9.408	0.67657	-0.56100	-0.24536	0.40887	24.2	13111	30
2025-5-17 10:48:15.925	WTBenchPress#5(CEA7A127C8E8)	-0.070	-0.118	0.343	1.404	10.254	-3.235	-62.83	17.69	60.57	48.510	73.696	9.408	0.67657	-0.56100	-0.24536	0.40887	24.2	13111	30
2025-5-17 10:48:15.955	WTBenchPress#5(CEA7A127C8E8)	-0.032	-0.100	0.358	-24.170	6.226	0.916	-63.11	17.61	60.19	48.510	73.696	9.408	0.67657	-0.56100	-0.24536	0.40887	24.2	13111	30
2025-5-17 10:48:15.955	WTBenchPress#5(CEA7A127C8E8)	-0.000	-0.057	0.396	-53.833	8.667	-1.587	-63.90	17.50	59.76	48.510	73.696	9.408	0.67657	-0.56100	-0.24536	0.40887	24.2	13111	30
2025-5-17 10:48:16.14	WTBenchPress#5(CEA7A127C8E8)	-0.049	0.001	0.375	-63.843	15.503	-17.273	-64.97	17.20	59.11	48.510	73.696	9.408	0.67657	-0.56100	-0.24536	0.40887	24.2	13111	30
2025-5-17 10:48:16.15	WTBenchPress#5(CEA7A127C8E8)	-0.101	-0.053	0.296	-74.707	21.667	-36.133	-66.24	16.60	58.21	48.510	73.696	9.408	0.67657	-0.56100	-0.24536	0.40887	24.2	13111	30
2025-5-17 10:48:16.46	WTBenchPress#5(CEA7A127C8E8)	-0.086	-0.208	0.272	-75.439	19.897	-39.001	-67.55	15.87	57.24	48.510	73.696	9.408	0.67657	-0.56100	-0.24536	0.40887	24.2	13111	30
2025-5-17 10:48:16.46	WTBenchPress#5(CEA7A127C8E8)	-0.109	-0.263	0.271	-65.552	14.404	-42.542	-68.68	15.06	56.36	48.510	73.696	9.408	0.67657	-0.56100	-0.24536	0.40887	24.2	13111	30
2025-5-17 10:48:16.76	WTBenchPress#5(CEA7A127C8E8)	-0.126	-0.345	0.159	-63.293	18.127	-51.025	-69.76	14.13	55.40	48.510	73.696	9.408	0.67657	-0.56100	-0.24536	0.40887	24.2	13111	30
2025-5-17 10:48:16.77	WTBenchPress#5(CEA7A127C8E8)	-0.138	-0.477	0.119	-88.074	21.973	-54.199	-71.27	13.18	54.36	48.510	73.696	9.408	0.67657	-0.56100	-0.24536	0.40887	24.2	13111	30
2025-5-17 10:48:16.135	WTBenchPress#5(CEA7A127C8E8)	-0.179	-0.607	0.038	-125.305	30.762	-60.852	-73.56	12.18	53.17	48.510	73.696	9.408	0.68085	-0.57788	-0.19531	0.40524	24.2	13111	30
2025-5-17 10:48:16.135	WTBenchPress#5(CEA7A127C8E8)	-0.169	-0.852	-0.026	-132.019	33.936	-60.608	-76.22	11.17	51.97	48.510	73.696	9.408	0.68085	-0.57788	-0.19531	0.40524	24.2	13111	30
2025-5-17 10:48:16.164	WTBenchPress#5(CEA7A127C8E8)	-0.180	-1.028	-0.050	-93.628	26.184	-73.181	-78.38	9.95	50.93	48.510	73.696	9.408	0.68085	-0.57788	-0.19531	0.40524	24.2	13111	30
2025-5-17 10:48:16.164	WTBenchPress#5(CEA7A127C8E8)	-0.333	-1.238	-0.071	-58.533	22.827	-95.337	-79.85	8.31	50.01	48.510	73.696	9.408	0.68085	-0.57788	-0.19531	0.40524	24.2	13111	30
2025-5-17 10:48:16.195	WTBenchPress#5(CEA7A127C8E8)	-0.352	-1.708	-0.146	-43.579	11.719	-76.355	-80.92	6.80	49.41	48.510	73.696	9.408	0.68085	-0.57788	-0.19531	0.40524	24.2	13111	30
2025-5-17 10:48:16.195	WTBenchPress#5(CEA7A127C8E8)	-0.241	-1.848	-0.116	-94.604	11.597	-24.475	-82.67	6.15	49.06	48.510	73.696	9.408	0.68085	-0.57788	-0.19531	0.40524	24.2	13111	30
2025-5-17 10:48:16.255	WTBenchPress#5(CEA7A127C8E8)	-0.177	-1.574	-0.099	-116.211	13.123	-7.446	-84.98	6.00	48.80	48.510	73.696	9.408	0.68085	-0.57788	-0.19531	0.40524	24.2	13111	30
2025-5-17 10:48:16.255	WTBenchPress#5(CEA7A127C8E8)	-0.221	-1.549	-0.040	-75.073	10.620	-37.598	-86.76	5.47	48.55	48.510	73.696	9.408	0.68085	-0.57788	-0.19531	0.40524	24.2	13111	30
2025-5-17 10:48:16.286	WTBenchPress#5(CEA7A127C8E8)	-0.276	-1.764	0.022	-17.822	7.568	-49.744	-87.46	4.59	48.36	48.510	73.696	9.408	0.68085	-0.57788	-0.19531	0.40524	24.2	13111	30
2025-5-17 10:48:16.287	WTBenchPress#5(CEA7A127C8E8)	-0.198	-1.804	-0.022	-13.184	9.705	-25.024	-87.80	4.03	48.18	48.510	73.696	9.408	0.68085	-0.57788	-0.19531	0.40524	24.2	13111	30
2025-5-17 10:48:16.315	WTBenchPress#5(CEA7A127C8E8)	-0.110	-1.523	-0.017	-33.142	10.925	5.493	-88.40	4.05	47.99	48.510	73.696	9.408	0.68085	-0.57788	-0.19531	0.40524	24.2	13111	30
2025-5-17 10:48:16.315	WTBenchPress#5(CEA7A127C8E8)	-0.106	-1.247	0.019	-50.171	14.771	4.883	-89.36	4.21	47.74	39.004	71.344	24.402	0.68085	-0.57788	-0.19531	0.40524	24.2	13111	30
2025-5-17 10:48:16.375	WTBenchPress#5(CEA7A127C8E8)	-0.142	-1.143	0.048	-38.879	16.479	-14.893	-90.22	4.05	47.44	39.004	71.344	24.402	0.68085	-0.57788	-0.19531	0.40524	24.2	13111	30
2025-5-17 10:48:16.375	WTBenchPress#5(CEA7A127C8E8)	-0.178	-1.175	0.047	-11.658	16.052	-29.785	-90.47	3.50	47.14	39.004	71.344	24.402	0.68085	-0.57788	-0.19531	0.40524	24.2	13111	30
2025-5-17 10:48:16.404	WTBenchPress#5(CEA7A127C8E8)	-0.156	-1.211	-0.046	4.272	9.644	-32.410	-90.38	2.91	46.97	39.004	71.344	24.402	0.68085	-0.57788	-0.19531	0.40524	24.2	13111	30
2025-5-17 10:48:16.405	WTBenchPress#5(CEA7A127C8E8)	-0.107	-1.217	-0.073	-2.686	2.380	-31.067	-90.44	2.35	46.95	39.004	71.344	24.402	0.68085	-0.57788	-0.19531	0.40524	24.2	13111	30
2025-5-17 10:48:16.465	WTBenchPress#5(CEA7A127C8E8)	-0.060	-1.207	-0.030	-1.892	-3.540	-29.724	-90.48	1.82	47.05	39.004	71.344	24.402	0.68085	-0.57788	-0.19531	0.40524	24.2	13111	30
2025-5-17 10:48:16.465	WTBenchPress#5(CEA7A127C8E8)	-0.048	-1.209	0.008	-4.028	-3.174	-29.419	-90.56	1.29	47.15	39.004	71.344	24.402	0.68085	-0.57788	-0.19531	0.40524	24.2	13111	30
2025-5-17 10:48:16.495	WTBenchPress#5(CEA7A127C8E8)	-0.059	-1.249	0.042	11.963	-3.296	-30.029	-90.32	0.75	47.25	39.004	71.344	24.402	0.68085	-0.57788	-0.19531	0.40524	24.2	13111	30
2025-5-17 10:48:16.495	WTBenchPress#5(CEA7A127C8E8)	-0.012	-1.293	-0.022	11.841	-1.343	-18.738	-90.08	0.43	47.32	39.004	71.344	24.402	0.64581	-0.64935	-0.28210	0.28555	24.2	13111	30
2025-5-17 10:48:16.524	WTBenchPress#5(CEA7A127C8E8)	0.011	-1.223	-0.034	-4.089	1.404	-6.836	-90.17	0.35	47.34	39.004	71.344	24.402	0.64581	-0.64935	-0.28210	0.28555	24.2	13111	30
2025-5-17 10:48:16.525	WTBenchPress#5(CEA7A127C8E8)	0.000	-1.173	-0.035	3.052	1.221	-6.714	-90.12	0.25	47.38	39.004	71.344	24.402	0.64581	-0.64935	-0.28210	0.28555	24.2	13111	30
2025-5-17 10:48:16.585	WTBenchPress#5(CEA7A127C8E8)	-0.004	-1.238	0.016	23.560	-4.456	-6.287	-89.65	0.16	47.54	39.004	71.344	24.402	0.64581	-0.64935	-0.28210	0.28555	24.2	13111	30
2025-5-17 10:48:16.585	WTBenchPress#5(CEA7A127C8E8)	-0.015	-1.300	0.001	30.640	-1.404	-6.531	-89.06	0.05	47.64	39.004	71.344	24.402	0.64581	-0.64935	-0.28210	0.28555	24.2	13111	30
2025-5-17 10:48:16.615	WTBenchPress#5(CEA7A127C8E8)	-0.035	-1.448	0.023	34.241	2.502	-6.165	-88.39	-0.04	47.67	39.004	71.344	24.402	0.64581	-0.64935	-0.28210	0.28555	24.2	13111	30
2025-5-17 10:48:16.615	WTBenchPress#5(CEA7A127C8E8)	-0.056	-1.631	0.042	61.096	-0.061	-4.883	-87.20	-0.12	47.75	39.004	71.344	24.402	0.64581	-0.64935	-0.28210	0.28555	24.2	13111	30
2025-5-17 10:48:16.645	WTBenchPress#5(CEA7A127C8E8)	-0.071	-1.775	0.059	72.205	4.700	4.883	-85.79	0.01	47.74	39.004	71.344	24.402	0.64581	-0.64935	-0.28210	0.28555	24.2	13111	30
2025-5-17 10:48:16.645	WTBenchPress#5(CEA7A127C8E8)	-0.093	-1.816	0.063	64.209	7.690	17.944	-84.56	0.39	47.70	39.004	71.344	24.402	0.64581	-0.64935	-0.28210	0.28555	24.2	13111	30
2025-5-17 10:48:16.704	WTBenchPress#5(CEA7A127C8E8)	-0.105	-1.788	0.083	75.195	6.958	28.076	-83.12	0.98	47.69	39.004	71.344	24.402	0.64581	-0.64935	-0.28210	0.28555	24.2	13111	30
2025-5-17 10:48:16.704	WTBenchPress#5(CEA7A127C8E8)	-0.121	-1.704	0.069	88.867	3.967	34.790	-81.42	1.68	47.79	39.004	71.344	24.402	0.64581	-0.64935	-0.28210	0.28555	24.2	13111	30
2025-5-17 10:48:16.736	WTBenchPress#5(CEA7A127C8E8)	-0.122	-1.602	0.031	97.046	4.150	35.156	-79.58	2.39	47.89	36.064	74.480	21.266	0.64581	-0.64935	-0.28210	0.28555	24.2	13111	30
2025-5-17 10:48:16.736	WTBenchPress#5(CEA7A127C8E8)	-0.117	-1.529	0.071	112.488	-0.305	30.945	-77.45	2.99	48.10	36.064	74.480	21.266	0.64581	-0.64935	-0.28210	0.28555	24.2	13111	30
2025-5-17 10:48:16.764	WTBenchPress#5(CEA7A127C8E8)	-0.099	-1.503	0.146	139.160	-3.845	29.846	-74.79	3.54	48.40	36.064	74.480	21.266	0.64581	-0.64935	-0.28210	0.28555	24.2	13111	30
2025-5-17 10:48:16.764	WTBenchPress#5(CEA7A127C8E8)	-0.097	-1.293	0.208	124.451	5.798	55.969	-72.21	4.39	48.70	36.064	74.480	21.266	0.64581	-0.64935	-0.28210	0.28555	24.2	13111	30
2025-5-17 10:48:16.824	WTBenchPress#5(CEA7A127C8E8)	-0.106	-1.118	0.181	118.164	6.470	67.627	-69.91	5.52	49.05	36.064	74.480	21.266	0.64581	-0.64935	-0.28210	0.28555	24.2	13111	30
2025-5-17 10:48:16.824	WTBenchPress#5(CEA7A127C8E8)	-0.122	-0.977	0.151	109.619	6.592	79.651	-67.75	6.83	49.52	36.064	74.480	21.266	0.64581	-0.64935	-0.28210	0.28555	24.2	13111	30
2025-5-17 10:48:16.855	WTBenchPress#5(CEA7A127C8E8)	-0.109	-0.823	0.112	101.013	7.935	89.722	-65.75	8.34	50.14	36.064	74.480	21.266	0.64581	-0.64935	-0.28210	0.28555	24.2	13111	30
2025-5-17 10:48:16.855	WTBenchPress#5(CEA7A127C8E8)	-0.121	-0.671	0.106	92.957	4.517	92.957	-63.90	9.96	50.88	36.064	74.480	21.266	0.64581	-0.64935	-0.28210	0.28555	24.2	13111	30
2025-5-17 10:48:16.885	WTBenchPress#5(CEA7A127C8E8)	-0.101	-0.594	0.115	79.468	1.953	95.093	-62.20	11.57	51.78	36.064	74.480	21.266	0.64581	-0.64935	-0.28210	0.28555	24.2	13111	30
2025-5-17 10:48:16.886	WTBenchPress#5(CEA7A127C8E8)	-0.076	-0.473	0.191	44.128	7.080	98.145	-60.86	13.19	52.76	36.064	74.480	21.266	0.64581	-0.64935	-0.28210	0.28555	24.2	13111	30
2025-5-17 10:48:16.945	WTBenchPress#5(CEA7A127C8E8)	-0.081	-0.301	0.258	23.865	12.085	88.806	-60.14	14.83	53.66	36.064	74.480	21.266	0.73242	-0.49445	-0.11774	0.45288	24.2	13111	30
2025-5-17 10:48:16.945	WTBenchPress#5(CEA7A127C8E8)	-0.127	-0.247	0.272	29.358	10.437	73.425	-59.69	16.30	54.37	36.064	74.480	21.266	0.73242	-0.49445	-0.11774	0.45288	24.2	13111	30
2025-5-17 10:48:16.975	WTBenchPress#5(CEA7A127C8E8)	-0.125	-0.228	0.243	37.476	5.859	59.509	-59.10	17.48	54.94	36.064	74.480	21.266	0.73242	-0.49445	-0.11774	0.45288	24.2	13111	30
2025-5-17 10:48:16.975	WTBenchPress#5(CEA7A127C8E8)	-0.120	-0.133	0.287	45.105	-0.305	42.480	-58.33	18.36	55.42	36.064	74.480	21.266	0.73242	-0.49445	-0.11774	0.45288	24.2	13111	30
2025-5-17 10:48:17.4	WTBenchPress#5(CEA7A127C8E8)	-0.145	-0.100	0.377	38.940	-2.441	25.208	-57.47	18.91	55.74	36.064	74.480	21.266	0.73242	-0.49445	-0.11774	0.45288	24.2	13111	30
2025-5-17 10:48:17.4	WTBenchPress#5(CEA7A127C8E8)	-0.131	-0.138	0.431	16.113	-0.183	17.944	-56.79	19.20	55.87	36.064	74.480	21.266	0.73242	-0.49445	-0.11774	0.45288	24.2	13111	30
2025-5-17 10:48:17.65	WTBenchPress#5(CEA7A127C8E8)	-0.115	-0.112	0.499	-13.428	3.174	15.442	-56.55	19.43	55.83	36.064	74.480	21.266	0.73242	-0.49445	-0.11774	0.45288	24.2	13111	30
2025-5-17 10:48:17.65	WTBenchPress#5(CEA7A127C8E8)	-0.097	-0.067	0.537	-16.846	5.371	9.460	-56.72	19.62	55.67	36.064	74.480	21.266	0.73242	-0.49445	-0.11774	0.45288	24.2	13111	30
2025-5-17 10:48:17.95	WTBenchPress#5(CEA7A127C8E8)	-0.109	-0.031	0.528	-2.197	2.563	-7.507	-56.80	19.65	55.37	36.064	74.480	21.266	0.73242	-0.49445	-0.11774	0.45288	24.2	13111	30
2025-5-17 10:48:17.95	WTBenchPress#5(CEA7A127C8E8)	-0.121	-0.104	0.522	-8.240	2.625	-19.470	-56.66	19.39	54.94	36.064	74.480	21.266	0.73242	-0.49445	-0.11774	0.45288	24.2	13111	30
2025-5-17 10:48:17.126	WTBenchPress#5(CEA7A127C8E8)	-0.115	-0.142	0.487	-35.278	4.089	-22.583	-56.73	18.96	54.40	36.064	74.480	21.266	0.73242	-0.49445	-0.11774	0.45288	24.2	13111	30
2025-5-17 10:48:17.126	WTBenchPress#5(CEA7A127C8E8)	-0.108	-0.147	0.508	-57.800	6.836	-24.048	-57.30	18.50	53.81	49.490	73.402	5.586	0.73242	-0.49445	-0.11774	0.45288	24.2	13111	30
2025-5-17 10:48:17.186	WTBenchPress#5(CEA7A127C8E8)	-0.129	-0.110	0.520	-69.763	9.460	-30.579	-58.26	18.01	53.15	49.490	73.402	5.586	0.73242	-0.49445	-0.11774	0.45288	24.2	13111	30
2025-5-17 10:48:17.186	WTBenchPress#5(CEA7A127C8E8)	-0.140	-0.045	0.434	-85.144	13.489	-42.786	-59.47	17.41	52.37	49.490	73.402	5.586	0.73242	-0.49445	-0.11774	0.45288	24.2	13111	30
2025-5-17 10:48:17.215	WTBenchPress#5(CEA7A127C8E8)	-0.141	-0.075	0.312	-76.538	10.986	-58.105	-60.83	16.54	51.40	49.490	73.402	5.586	0.73242	-0.49445	-0.11774	0.45288	24.2	13111	30
2025-5-17 10:48:17.215	WTBenchPress#5(CEA7A127C8E8)	-0.123	-0.249	0.250	-88.074	5.493	-69.885	-62.20	15.40	50.39	49.490	73.402	5.586	0.73242	-0.49445	-0.11774	0.45288	24.2	13111	30
2025-5-17 10:48:17.246	WTBenchPress#5(CEA7A127C8E8)	-0.082	-0.449	0.239	-94.055	-2.869	-67.932	-63.74	14.12	49.48	49.490	73.402	5.586	0.73242	-0.49445	-0.11774	0.45288	24.2	13111	30
2025-5-17 10:48:17.247	WTBenchPress#5(CEA7A127C8E8)	0.020	-0.584	0.362	-76.233	-14.160	-61.768	-65.15	12.84	48.81	49.490	73.402	5.586	0.73242	-0.49445	-0.11774	0.45288	24.2	13111	30
2025-5-17 10:48:17.305	WTBenchPress#5(CEA7A127C8E8)	-0.043	-0.607	0.481	-90.515	3.906	-58.594	-66.57	11.65	48.17	49.490	73.402	5.586	0.73242	-0.49445	-0.11774	0.45288	24.2	13111	30
2025-5-17 10:48:17.305	WTBenchPress#5(CEA7A127C8E8)	-0.141	-0.780	0.320	-91.797	15.259	-62.500	-68.23	10.55	47.31	49.490	73.402	5.586	0.73242	-0.49445	-0.11774	0.45288	24.2	13111	30
2025-5-17 10:48:17.365	WTBenchPress#5(CEA7A127C8E8)	-0.117	-1.022	0.203	-65.613	12.878	-50.659	-69.70	9.55	46.46	49.490	73.402	5.586	0.73270	-0.55020	-0.16183	0.36627	24.2	13111	30
2025-5-17 10:48:17.365	WTBenchPress#5(CEA7A127C8E8)	-0.138	-0.974	0.111	-73.792	16.296	-35.889	-71.04	8.81	45.74	49.490	73.402	5.586	0.73270	-0.55020	-0.16183	0.36627	24.2	13111	30
2025-5-17 10:48:17.366	WTBenchPress#5(CEA7A127C8E8)	-0.209	-0.993	-0.103	-99.243	28.076	-46.082	-72.79	8.15	44.95	49.490	73.402	5.586	0.73270	-0.55020	-0.16183	0.36627	24.2	13111	30
2025-5-17 10:48:17.366	WTBenchPress#5(CEA7A127C8E8)	-0.264	-1.358	-0.203	-95.825	24.536	-59.753	-74.84	7.29	44.08	49.490	73.402	5.586	0.73270	-0.55020	-0.16183	0.36627	24.2	13111	30
2025-5-17 10:48:17.425	WTBenchPress#5(CEA7A127C8E8)	-0.254	-1.632	-0.172	-91.553	21.729	-51.758	-76.85	6.34	43.36	49.490	73.402	5.586	0.73270	-0.55020	-0.16183	0.36627	24.2	13111	30
2025-5-17 10:48:17.425	WTBenchPress#5(CEA7A127C8E8)	-0.232	-1.601	-0.136	-95.215	20.264	-29.236	-78.87	5.67	42.83	49.490	73.402	5.586	0.73270	-0.55020	-0.16183	0.36627	24.2	13111	30
2025-5-17 10:48:17.454	WTBenchPress#5(CEA7A127C8E8)	-0.187	-1.439	-0.141	-97.595	18.860	-23.254	-80.94	5.26	42.43	49.490	73.402	5.586	0.73270	-0.55020	-0.16183	0.36627	24.2	13111	30
2025-5-17 10:48:17.454	WTBenchPress#5(CEA7A127C8E8)	-0.188	-1.395	-0.103	-73.975	13.550	-40.222	-82.78	4.72	42.12	49.490	73.402	5.586	0.73270	-0.55020	-0.16183	0.36627	24.2	13111	30
2025-5-17 10:48:17.489	WTBenchPress#5(CEA7A127C8E8)	-0.224	-1.603	-0.063	-29.602	10.376	-55.969	-83.92	3.84	41.87	49.490	73.402	5.586	0.73270	-0.55020	-0.16183	0.36627	24.2	13111	30
2025-5-17 10:48:17.489	WTBenchPress#5(CEA7A127C8E8)	-0.196	-1.758	-0.075	-18.738	8.545	-39.368	-84.51	2.97	41.69	49.490	73.402	5.586	0.73270	-0.55020	-0.16183	0.36627	24.2	13111	30
2025-5-17 10:48:17.545	WTBenchPress#5(CEA7A127C8E8)	-0.163	-1.560	-0.102	-39.612	10.864	-15.991	-85.19	2.49	41.56	37.730	72.030	24.206	0.73270	-0.55020	-0.16183	0.36627	24.2	13111	30
2025-5-17 10:48:17.545	WTBenchPress#5(CEA7A127C8E8)	-0.128	-1.391	-0.079	-60.425	9.888	-4.028	-86.28	2.36	41.46	37.730	72.030	24.206	0.73270	-0.55020	-0.16183	0.36627	24.2	13111	30
2025-5-17 10:48:17.575	WTBenchPress#5(CEA7A127C8E8)	-0.102	-1.245	-0.032	-60.913	4.333	-18.494	-87.56	2.21	41.43	37.730	72.030	24.206	0.73270	-0.55020	-0.16183	0.36627	24.2	13111	30
2025-5-17 10:48:17.575	WTBenchPress#5(CEA7A127C8E8)	-0.126	-1.302	0.051	-23.987	4.089	-36.804	-88.46	1.71	41.45	37.730	72.030	24.206	0.73270	-0.55020	-0.16183	0.36627	24.2	13111	30
2025-5-17 10:48:17.605	WTBenchPress#5(CEA7A127C8E8)	-0.142	-1.414	0.034	17.395	0.427	-44.189	-88.56	0.97	41.49	37.730	72.030	24.206	0.73270	-0.55020	-0.16183	0.36627	24.2	13111	30
2025-5-17 10:48:17.605	WTBenchPress#5(CEA7A127C8E8)	-0.097	-1.437	-0.008	15.015	-1.953	-29.175	-88.28	0.38	41.59	37.730	72.030	24.206	0.73270	-0.55020	-0.16183	0.36627	24.2	13111	30
2025-5-17 10:48:17.665	WTBenchPress#5(CEA7A127C8E8)	-0.036	-1.319	0.025	-18.494	1.709	-13.306	-88.52	0.10	41.67	37.730	72.030	24.206	0.73270	-0.55020	-0.16183	0.36627	24.2	13111	30
2025-5-17 10:48:17.666	WTBenchPress#5(CEA7A127C8E8)	-0.036	-1.175	0.056	-36.682	6.836	-11.353	-89.18	-0.05	41.63	37.730	72.030	24.206	0.73270	-0.55020	-0.16183	0.36627	24.2	13111	30
2025-5-17 10:48:17.696	WTBenchPress#5(CEA7A127C8E8)	-0.034	-1.128	0.057	-20.386	6.287	-19.226	-89.68	-0.34	41.58	37.730	72.030	24.206	0.73270	-0.55020	-0.16183	0.36627	24.2	13111	30
2025-5-17 10:48:17.697	WTBenchPress#5(CEA7A127C8E8)	-0.050	-1.095	0.024	-4.395	8.240	-25.146	-89.84	-0.75	41.51	37.730	72.030	24.206	0.73270	-0.55020	-0.16183	0.36627	24.2	13111	30
2025-5-17 10:48:17.725	WTBenchPress#5(CEA7A127C8E8)	0.000	-1.180	0.020	14.465	2.808	-21.301	-89.64	-1.13	41.51	37.730	72.030	24.206	0.73270	-0.55020	-0.16183	0.36627	24.2	13111	30
2025-5-17 10:48:17.725	WTBenchPress#5(CEA7A127C8E8)	0.011	-1.179	0.016	27.893	-0.183	-10.071	-89.15	-1.33	41.57	37.730	72.030	24.206	0.66873	-0.65317	-0.25681	0.24515	24.2	13111	30
2025-5-17 10:48:17.785	WTBenchPress#5(CEA7A127C8E8)	0.003	-1.139	0.021	8.484	1.587	-6.836	-88.89	-1.43	41.64	37.730	72.030	24.206	0.66873	-0.65317	-0.25681	0.24515	24.2	13111	30
2025-5-17 10:48:17.785	WTBenchPress#5(CEA7A127C8E8)	-0.036	-1.190	0.041	-8.240	6.042	-4.395	-88.97	-1.48	41.64	37.730	72.030	24.206	0.66873	-0.65317	-0.25681	0.24515	24.2	13111	30
2025-5-17 10:48:17.815	WTBenchPress#5(CEA7A127C8E8)	-0.070	-1.406	0.030	21.240	4.456	0.000	-88.70	-1.46	41.64	37.730	72.030	24.206	0.66873	-0.65317	-0.25681	0.24515	24.2	13111	30
2025-5-17 10:48:17.815	WTBenchPress#5(CEA7A127C8E8)	-0.061	-1.595	-0.035	36.926	1.282	10.986	-88.05	-1.25	41.70	37.730	72.030	24.206	0.66873	-0.65317	-0.25681	0.24515	24.2	13111	30
2025-5-17 10:48:17.845	WTBenchPress#5(CEA7A127C8E8)	-0.088	-1.715	-0.039	52.429	-5.432	15.991	-87.11	-0.92	41.91	37.730	72.030	24.206	0.66873	-0.65317	-0.25681	0.24515	24.2	13111	30
2025-5-17 10:48:17.845	WTBenchPress#5(CEA7A127C8E8)	-0.106	-1.888	0.007	71.045	-7.263	19.043	-85.83	-0.54	42.19	37.730	72.030	24.206	0.66873	-0.65317	-0.25681	0.24515	24.2	13111	30
2025-5-17 10:48:17.906	WTBenchPress#5(CEA7A127C8E8)	-0.110	-2.009	0.101	76.965	-1.770	29.358	-84.38	0.01	42.42	37.730	72.030	24.206	0.66873	-0.65317	-0.25681	0.24515	24.2	13111	30
2025-5-17 10:48:17.906	WTBenchPress#5(CEA7A127C8E8)	-0.143	-1.960	0.088	89.539	3.479	42.725	-82.72	0.81	42.58	37.730	72.030	24.206	0.66873	-0.65317	-0.25681	0.24515	24.2	13111	30
2025-5-17 10:48:17.965	WTBenchPress#5(CEA7A127C8E8)	-0.162	-1.901	0.038	106.750	1.770	53.772	-80.76	1.84	42.81	37.730	72.030	24.206	0.66873	-0.65317	-0.25681	0.24515	24.2	13111	30
2025-5-17 10:48:17.965	WTBenchPress#5(CEA7A127C8E8)	-0.174	-1.841	0.046	123.596	1.282	64.087	-78.48	3.05	43.12	35.770	74.284	21.756	0.66873	-0.65317	-0.25681	0.24515	24.2	13111	30
2025-5-17 10:48:17.994	WTBenchPress#5(CEA7A127C8E8)	-0.179	-1.613	0.024	125.977	1.465	76.416	-76.09	4.47	43.54	35.770	74.284	21.756	0.66873	-0.65317	-0.25681	0.24515	24.2	13111	30
2025-5-17 10:48:17.994	WTBenchPress#5(CEA7A127C8E8)	-0.128	-1.423	0.033	131.531	-2.380	77.026	-73.62	5.91	44.10	35.770	74.284	21.756	0.66873	-0.65317	-0.25681	0.24515	24.2	13111	30
2025-5-17 10:48:18.24	WTBenchPress#5(CEA7A127C8E8)	-0.179	-1.336	0.159	146.301	-4.700	76.233	-70.89	7.29	44.79	35.770	74.284	21.756	0.66873	-0.65317	-0.25681	0.24515	24.2	13111	30
2025-5-17 10:48:18.25	WTBenchPress#5(CEA7A127C8E8)	-0.143	-1.181	0.046	158.569	-4.883	85.022	-67.91	8.75	45.62	35.770	74.284	21.756	0.66873	-0.65317	-0.25681	0.24515	24.2	13111	30
2025-5-17 10:48:18.55	WTBenchPress#5(CEA7A127C8E8)	-0.114	-1.039	0.160	130.737	3.540	90.393	-65.43	10.35	46.43	35.770	74.284	21.756	0.66873	-0.65317	-0.25681	0.24515	24.2	13111	30
2025-5-17 10:48:18.55	WTBenchPress#5(CEA7A127C8E8)	-0.086	-0.869	0.186	121.948	-0.732	100.708	-63.07	12.06	47.48	35.770	74.284	21.756	0.66873	-0.65317	-0.25681	0.24515	24.2	13111	30
2025-5-17 10:48:18.115	WTBenchPress#5(CEA7A127C8E8)	-0.069	-0.708	0.208	111.633	-1.099	106.140	-60.88	13.80	48.66	35.770	74.284	21.756	0.66873	-0.65317	-0.25681	0.24515	24.2	13111	30
2025-5-17 10:48:18.115	WTBenchPress#5(CEA7A127C8E8)	-0.092	-0.576	0.192	97.473	5.066	104.126	-58.96	15.52	49.78	35.770	74.284	21.756	0.66873	-0.65317	-0.25681	0.24515	24.2	13111	30
2025-5-17 10:48:18.145	WTBenchPress#5(CEA7A127C8E8)	-0.106	-0.469	0.147	74.951	8.606	99.426	-57.47	17.14	50.85	35.770	74.284	21.756	0.75134	-0.48441	-0.08328	0.44025	24.2	13111	30
2025-5-17 10:48:18.145	WTBenchPress#5(CEA7A127C8E8)	-0.102	-0.409	0.202	59.387	7.813	97.778	-56.27	18.70	51.94	35.770	74.284	21.756	0.75134	-0.48441	-0.08328	0.44025	24.2	13111	30
2025-5-17 10:48:18.175	WTBenchPress#5(CEA7A127C8E8)	-0.107	-0.312	0.261	51.941	6.348	93.811	-55.17	20.17	53.02	35.770	74.284	21.756	0.75134	-0.48441	-0.08328	0.44025	24.2	13111	30
2025-5-17 10:48:18.175	WTBenchPress#5(CEA7A127C8E8)	-0.142	-0.187	0.225	51.697	1.587	82.520	-54.04	21.37	54.04	35.770	74.284	21.756	0.75134	-0.48441	-0.08328	0.44025	24.2	13111	30
2025-5-17 10:48:18.235	WTBenchPress#5(CEA7A127C8E8)	-0.139	-0.146	0.239	39.612	-4.028	67.749	-53.14	22.27	54.95	35.770	74.284	21.756	0.75134	-0.48441	-0.08328	0.44025	24.2	13111	30
2025-5-17 10:48:18.235	WTBenchPress#5(CEA7A127C8E8)	-0.146	-0.134	0.332	23.193	-4.028	55.542	-52.57	22.99	55.66	35.770	74.284	21.756	0.75134	-0.48441	-0.08328	0.44025	24.2	13111	30
2025-5-17 10:48:18.264	WTBenchPress#5(CEA7A127C8E8)	-0.165	-0.126	0.394	11.719	-0.427	43.640	-52.23	23.57	56.09	35.770	74.284	21.756	0.75134	-0.48441	-0.08328	0.44025	24.2	13111	30
2025-5-17 10:48:18.265	WTBenchPress#5(CEA7A127C8E8)	-0.176	-0.118	0.437	15.015	0.183	31.982	-51.81	23.98	56.29	35.770	74.284	21.756	0.75134	-0.48441	-0.08328	0.44025	24.2	13111	30
2025-5-17 10:48:18.296	WTBenchPress#5(CEA7A127C8E8)	-0.158	-0.099	0.478	9.766	-1.282	25.146	-51.43	24.26	56.41	35.770	74.284	21.756	0.75134	-0.48441	-0.08328	0.44025	24.2	13111	30
2025-5-17 10:48:18.296	WTBenchPress#5(CEA7A127C8E8)	-0.153	-0.072	0.512	-9.277	0.305	20.386	-51.38	24.48	56.41	35.770	74.284	21.756	0.75134	-0.48441	-0.08328	0.44025	24.2	13111	30
2025-5-17 10:48:18.355	WTBenchPress#5(CEA7A127C8E8)	-0.157	-0.055	0.554	-33.203	3.052	13.977	-51.78	24.61	56.29	53.704	70.364	3.430	0.75134	-0.48441	-0.08328	0.44025	24.2	13111	30
2025-5-17 10:48:18.355	WTBenchPress#5(CEA7A127C8E8)	-0.168	-0.036	0.593	-45.349	3.906	5.188	-52.39	24.61	56.04	53.704	70.364	3.430	0.75134	-0.48441	-0.08328	0.44025	24.2	13111	30
2025-5-17 10:48:18.386	WTBenchPress#5(CEA7A127C8E8)	-0.183	-0.009	0.562	-37.476	2.563	-8.667	-52.85	24.36	55.65	53.704	70.364	3.430	0.75134	-0.48441	-0.08328	0.44025	24.2	13111	30
2025-5-17 10:48:18.386	WTBenchPress#5(CEA7A127C8E8)	-0.203	-0.018	0.540	-39.734	1.282	-18.860	-53.34	23.92	55.16	53.704	70.364	3.430	0.75134	-0.48441	-0.08328	0.44025	24.2	13111	30
2025-5-17 10:48:18.415	WTBenchPress#5(CEA7A127C8E8)	-0.208	-0.001	0.500	-54.565	5.493	-27.039	-54.15	23.42	54.50	53.704	70.364	3.430	0.75134	-0.48441	-0.08328	0.44025	24.2	13111	30
2025-5-17 10:48:18.415	WTBenchPress#5(CEA7A127C8E8)	-0.188	0.036	0.402	-67.749	8.301	-40.344	-55.26	22.74	53.64	53.704	70.364	3.430	0.75134	-0.48441	-0.08328	0.44025	24.2	13111	30
2025-5-17 10:48:18.475	WTBenchPress#5(CEA7A127C8E8)	-0.138	-0.021	0.288	-73.242	5.310	-57.861	-56.49	21.74	52.63	53.704	70.364	3.430	0.75134	-0.48441	-0.08328	0.44025	24.2	13111	30
2025-5-17 10:48:18.475	WTBenchPress#5(CEA7A127C8E8)	-0.120	-0.180	0.284	-83.679	-6.653	-78.003	-57.68	20.39	51.66	53.704	70.364	3.430	0.75134	-0.48441	-0.08328	0.44025	24.2	13111	30
2025-5-17 10:48:18.506	WTBenchPress#5(CEA7A127C8E8)	-0.080	-0.241	0.220	-104.675	-0.122	-83.923	-59.21	18.93	50.64	53.704	70.364	3.430	0.75134	-0.48441	-0.08328	0.44025	24.2	13111	30
2025-5-17 10:48:18.506	WTBenchPress#5(CEA7A127C8E8)	-0.020	-0.250	0.225	-121.643	1.709	-97.168	-61.19	17.40	49.48	53.704	70.364	3.430	0.75134	-0.48441	-0.08328	0.44025	24.2	13111	30
2025-5-17 10:48:18.565	WTBenchPress#5(CEA7A127C8E8)	-0.002	-0.469	0.271	-129.333	4.639	-117.310	-63.50	15.60	48.20	53.704	70.364	3.430	0.75134	-0.48441	-0.08328	0.44025	24.2	13111	30
2025-5-17 10:48:18.565	WTBenchPress#5(CEA7A127C8E8)	-0.084	-0.831	0.297	-98.022	8.057	-127.319	-65.84	13.45	46.82	53.704	70.364	3.430	0.74017	-0.53647	-0.12805	0.38452	24.2	13111	30
2025-5-17 10:48:18.595	WTBenchPress#5(CEA7A127C8E8)	-0.127	-1.219	0.204	-63.660	11.475	-112.305	-67.61	11.23	45.47	53.704	70.364	3.430	0.74017	-0.53647	-0.12805	0.38452	24.2	13111	30
2025-5-17 10:48:18.595	WTBenchPress#5(CEA7A127C8E8)	-0.140	-1.286	0.070	-100.403	17.517	-78.247	-69.11	9.38	44.32	53.704	70.364	3.430	0.74017	-0.53647	-0.12805	0.38452	24.2	13111	30
2025-5-17 10:48:18.625	WTBenchPress#5(CEA7A127C8E8)	-0.136	-1.225	-0.025	-173.706	23.132	-57.068	-71.59	8.14	43.40	53.704	70.364	3.430	0.74017	-0.53647	-0.12805	0.38452	24.2	13111	30
2025-5-17 10:48:18.625	WTBenchPress#5(CEA7A127C8E8)	-0.179	-1.297	-0.056	-180.603	30.518	-64.026	-75.21	7.16	42.56	53.704	70.364	3.430	0.74017	-0.53647	-0.12805	0.38452	24.2	13111	30
2025-5-17 10:48:18.655	WTBenchPress#5(CEA7A127C8E8)	-0.256	-1.615	-0.017	-108.765	23.315	-80.811	-78.58	5.97	41.73	53.704	70.364	3.430	0.74017	-0.53647	-0.12805	0.38452	24.2	13111	30
2025-5-17 10:48:18.655	WTBenchPress#5(CEA7A127C8E8)	-0.266	-1.937	-0.039	-37.903	16.113	-59.692	-80.50	4.59	41.08	53.704	70.364	3.430	0.74017	-0.53647	-0.12805	0.38452	24.2	13111	30
2025-5-17 10:48:18.715	WTBenchPress#5(CEA7A127C8E8)	-0.239	-1.909	-0.147	-74.829	24.536	-21.118	-81.53	3.70	40.64	53.704	70.364	3.430	0.74017	-0.53647	-0.12805	0.38452	24.2	13111	30
2025-5-17 10:48:18.715	WTBenchPress#5(CEA7A127C8E8)	-0.210	-1.681	-0.145	-109.314	25.513	-2.869	-83.30	3.48	40.20	53.704	70.364	3.430	0.74017	-0.53647	-0.12805	0.38452	24.2	13111	30
2025-5-17 10:48:18.746	WTBenchPress#5(CEA7A127C8E8)	-0.196	-1.548	-0.128	-84.595	21.484	-13.794	-85.45	3.46	39.81	53.704	70.364	3.430	0.74017	-0.53647	-0.12805	0.38452	24.2	13111	30
2025-5-17 10:48:18.746	WTBenchPress#5(CEA7A127C8E8)	-0.224	-1.509	-0.090	-36.682	18.311	-34.485	-86.98	3.15	39.49	38.024	71.736	25.578	0.74017	-0.53647	-0.12805	0.38452	24.2	13111	30
2025-5-17 10:48:18.775	WTBenchPress#5(CEA7A127C8E8)	-0.242	-1.519	-0.167	29.297	7.446	-43.091	-87.45	2.49	39.27	38.024	71.736	25.578	0.74017	-0.53647	-0.12805	0.38452	24.2	13111	30
2025-5-17 10:48:18.775	WTBenchPress#5(CEA7A127C8E8)	-0.164	-1.588	-0.158	11.536	2.502	-20.386	-87.02	1.81	39.24	38.024	71.736	25.578	0.74017	-0.53647	-0.12805	0.38452	24.2	13111	30
2025-5-17 10:48:18.835	WTBenchPress#5(CEA7A127C8E8)	-0.112	-1.314	-0.060	-45.898	8.850	5.493	-87.15	1.61	39.28	38.024	71.736	25.578	0.74017	-0.53647	-0.12805	0.38452	24.2	13111	30
2025-5-17 10:48:18.835	WTBenchPress#5(CEA7A127C8E8)	-0.129	-1.031	-0.028	-52.551	12.329	-3.052	-88.18	1.75	39.22	38.024	71.736	25.578	0.74017	-0.53647	-0.12805	0.38452	24.2	13111	30
2025-5-17 10:48:18.865	WTBenchPress#5(CEA7A127C8E8)	-0.129	-0.977	-0.060	-29.968	8.728	-28.076	-89.18	1.64	39.12	38.024	71.736	25.578	0.74017	-0.53647	-0.12805	0.38452	24.2	13111	30
2025-5-17 10:48:18.865	WTBenchPress#5(CEA7A127C8E8)	-0.215	-1.038	-0.104	-9.155	0.916	-46.509	-89.72	1.05	39.10	38.024	71.736	25.578	0.74017	-0.53647	-0.12805	0.38452	24.2	13111	30
2025-5-17 10:48:18.898	WTBenchPress#5(CEA7A127C8E8)	-0.072	-1.937	-0.114	153.259	-31.128	-70.068	-88.34	-0.03	39.51	38.024	71.736	25.578	0.74017	-0.53647	-0.12805	0.38452	24.2	13111	30
2025-5-17 10:48:18.898	WTBenchPress#5(CEA7A127C8E8)	-0.096	-1.608	0.166	162.170	-33.630	-30.640	-85.27	-0.99	40.24	38.024	71.736	25.578	0.74017	-0.53647	-0.12805	0.38452	24.2	13111	30
2025-5-17 10:48:18.955	WTBenchPress#5(CEA7A127C8E8)	-0.067	-1.382	0.134	-68.726	7.751	8.606	-84.43	-1.15	40.58	38.024	71.736	25.578	0.69272	-0.63229	-0.24066	0.24960	24.2	13111	30
2025-5-17 10:48:18.955	WTBenchPress#5(CEA7A127C8E8)	-0.020	-0.973	0.049	-94.788	13.916	16.113	-86.12	-0.81	40.49	38.024	71.736	25.578	0.69272	-0.63229	-0.24066	0.24960	24.2	13111	30
2025-5-17 10:48:18.985	WTBenchPress#5(CEA7A127C8E8)	-0.020	-0.763	0.049	-59.631	9.521	3.723	-87.70	-0.53	40.36	38.024	71.736	25.578	0.69272	-0.63229	-0.24066	0.24960	24.2	13111	30
2025-5-17 10:48:18.985	WTBenchPress#5(CEA7A127C8E8)	-0.021	-0.745	-0.031	-0.427	4.883	-17.273	-88.31	-0.59	40.30	38.024	71.736	25.578	0.69272	-0.63229	-0.24066	0.24960	24.2	13111	30
2025-5-17 10:48:19.15	WTBenchPress#5(CEA7A127C8E8)	-0.008	-1.067	-0.065	61.340	-4.395	-31.311	-87.73	-1.01	40.38	38.024	71.736	25.578	0.69272	-0.63229	-0.24066	0.24960	24.2	13111	30
2025-5-17 10:48:19.15	WTBenchPress#5(CEA7A127C8E8)	0.001	-1.192	0.013	42.847	-3.601	-18.799	-86.73	-1.46	40.55	38.024	71.736	25.578	0.69272	-0.63229	-0.24066	0.24960	24.2	13111	30
2025-5-17 10:48:19.75	WTBenchPress#5(CEA7A127C8E8)	-0.012	-1.119	0.037	-0.977	3.174	-2.319	-86.36	-1.61	40.67	38.024	71.736	25.578	0.69272	-0.63229	-0.24066	0.24960	24.2	13111	30
2025-5-17 10:48:19.75	WTBenchPress#5(CEA7A127C8E8)	-0.021	-1.061	0.022	-24.536	5.981	6.653	-86.66	-1.52	40.70	38.024	71.736	25.578	0.69272	-0.63229	-0.24066	0.24960	24.2	13111	30
2025-5-17 10:48:19.106	WTBenchPress#5(CEA7A127C8E8)	-0.014	-1.032	0.017	-28.320	5.249	9.399	-87.22	-1.31	40.72	38.024	71.736	25.578	0.69272	-0.63229	-0.24066	0.24960	24.2	13111	30
2025-5-17 10:48:19.106	WTBenchPress#5(CEA7A127C8E8)	-0.051	-1.025	0.073	-24.353	4.578	7.202	-87.77	-1.10	40.75	38.024	71.736	25.578	0.69272	-0.63229	-0.24066	0.24960	24.2	13111	30
2025-5-17 10:48:19.135	WTBenchPress#5(CEA7A127C8E8)	-0.088	-1.105	0.022	-7.690	5.066	-1.831	-88.10	-1.01	40.77	38.024	71.736	25.578	0.69272	-0.63229	-0.24066	0.24960	24.2	13111	30
2025-5-17 10:48:19.136	WTBenchPress#5(CEA7A127C8E8)	-0.103	-1.415	0.022	32.776	-3.906	-0.427	-87.86	-0.99	40.87	34.888	73.206	25.578	0.69272	-0.63229	-0.24066	0.24960	24.2	13111	30
2025-5-17 10:48:19.195	WTBenchPress#5(CEA7A127C8E8)	-0.131	-1.669	0.007	61.462	-5.737	4.639	-86.95	-0.92	41.08	34.888	73.206	25.578	0.69272	-0.63229	-0.24066	0.24960	24.2	13111	30
2025-5-17 10:48:19.195	WTBenchPress#5(CEA7A127C8E8)	-0.134	-1.907	0.076	48.950	-5.615	23.376	-85.88	-0.60	41.31	34.888	73.206	25.578	0.69272	-0.63229	-0.24066	0.24960	24.2	13111	30
2025-5-17 10:48:19.225	WTBenchPress#5(CEA7A127C8E8)	-0.142	-1.958	0.108	36.316	-2.686	41.931	-85.07	0.07	41.56	34.888	73.206	25.578	0.69272	-0.63229	-0.24066	0.24960	24.2	13111	30
2025-5-17 10:48:19.225	WTBenchPress#5(CEA7A127C8E8)	-0.153	-1.930	0.107	51.941	-1.160	55.664	-84.23	1.07	41.78	34.888	73.206	25.578	0.69272	-0.63229	-0.24066	0.24960	24.2	13111	30
2025-5-17 10:48:19.255	WTBenchPress#5(CEA7A127C8E8)	-0.181	-1.839	0.093	67.322	-3.052	68.848	-83.09	2.32	42.06	34.888	73.206	25.578	0.69272	-0.63229	-0.24066	0.24960	24.2	13111	30
2025-5-17 10:48:19.255	WTBenchPress#5(CEA7A127C8E8)	-0.209	-1.731	0.020	95.398	-8.606	72.754	-81.51	3.71	42.46	34.888	73.206	25.578	0.69272	-0.63229	-0.24066	0.24960	24.2	13111	30
2025-5-17 10:48:19.316	WTBenchPress#5(CEA7A127C8E8)	-0.224	-1.658	0.017	115.967	-14.038	78.796	-79.46	5.15	43.03	34.888	73.206	25.578	0.69272	-0.63229	-0.24066	0.24960	24.2	13111	30
2025-5-17 10:48:19.316	WTBenchPress#5(CEA7A127C8E8)	-0.216	-1.581	0.009	120.850	-14.771	84.656	-77.12	6.70	43.76	34.888	73.206	25.578	0.69272	-0.63229	-0.24066	0.24960	24.2	13111	30
2025-5-17 10:48:19.345	WTBenchPress#5(CEA7A127C8E8)	-0.234	-1.506	0.058	141.479	-16.296	84.900	-74.45	8.22	44.60	34.888	73.206	25.578	0.69272	-0.63229	-0.24066	0.24960	24.2	13111	30
2025-5-17 10:48:19.346	WTBenchPress#5(CEA7A127C8E8)	-0.215	-1.503	0.082	157.349	-17.456	94.910	-71.43	9.83	45.60	34.888	73.206	25.578	0.73019	-0.55405	-0.15298	0.36923	24.2	13111	30
2025-5-17 10:48:19.405	WTBenchPress#5(CEA7A127C8E8)	-0.209	-1.458	0.067	171.082	-15.869	108.398	-68.10	11.62	46.78	34.888	73.206	25.578	0.73019	-0.55405	-0.15298	0.36923	24.2	13111	30
2025-5-17 10:48:19.405	WTBenchPress#5(CEA7A127C8E8)	-0.149	-1.400	0.018	169.983	-8.240	133.240	-64.68	13.76	48.16	34.888	73.206	25.578	0.73019	-0.55405	-0.15298	0.36923	24.2	13111	30
2025-5-17 10:48:19.435	WTBenchPress#5(CEA7A127C8E8)	-0.092	-1.159	0.019	132.935	2.380	167.542	-61.74	16.46	49.82	34.888	73.206	25.578	0.73019	-0.55405	-0.15298	0.36923	24.2	13111	30
2025-5-17 10:48:19.435	WTBenchPress#5(CEA7A127C8E8)	-0.068	-0.822	0.070	92.285	10.681	186.462	-59.47	19.52	51.72	34.888	73.206	25.578	0.73019	-0.55405	-0.15298	0.36923	24.2	13111	30
2025-5-17 10:48:19.465	WTBenchPress#5(CEA7A127C8E8)	-0.049	-0.562	0.115	68.298	10.376	192.078	-57.62	22.66	53.83	34.888	73.206	25.578	0.73019	-0.55405	-0.15298	0.36923	24.2	13111	30
2025-5-17 10:48:19.465	WTBenchPress#5(CEA7A127C8E8)	-0.056	-0.240	0.146	63.721	-2.075	182.739	-55.76	25.52	56.17	34.888	73.206	25.578	0.73019	-0.55405	-0.15298	0.36923	24.2	13111	30
2025-5-17 10:48:19.526	WTBenchPress#5(CEA7A127C8E8)	-0.086	-0.002	0.132	73.425	-21.118	152.832	-53.64	27.68	58.65	34.888	73.206	25.578	0.73019	-0.55405	-0.15298	0.36923	24.2	13111	30
2025-5-17 10:48:19.526	WTBenchPress#5(CEA7A127C8E8)	-0.114	0.095	0.170	55.237	-18.616	117.920	-51.81	29.20	60.80	34.888	73.206	25.578	0.73019	-0.55405	-0.15298	0.36923	24.2	13111	30
2025-5-17 10:48:19.555	WTBenchPress#5(CEA7A127C8E8)	-0.120	0.108	0.232	28.748	-14.709	89.355	-50.63	30.26	62.47	34.888	73.206	25.578	0.73019	-0.55405	-0.15298	0.36923	24.2	13111	30
2025-5-17 10:48:19.555	WTBenchPress#5(CEA7A127C8E8)	-0.103	0.073	0.308	20.081	-13.550	69.641	-49.80	31.03	63.73	58.016	66.052	4.900	0.73019	-0.55405	-0.15298	0.36923	24.2	13111	30
2025-5-17 10:48:19.585	WTBenchPress#5(CEA7A127C8E8)	-0.116	0.188	0.357	21.118	-10.620	45.349	-49.08	31.49	64.52	58.016	66.052	4.900	0.73019	-0.55405	-0.15298	0.36923	24.2	13111	30
2025-5-17 10:48:19.585	WTBenchPress#5(CEA7A127C8E8)	-0.096	0.229	0.421	15.259	-9.888	19.714	-48.50	31.59	64.81	58.016	66.052	4.900	0.73019	-0.55405	-0.15298	0.36923	24.2	13111	30
2025-5-17 10:48:19.645	WTBenchPress#5(CEA7A127C8E8)	-0.082	0.308	0.481	14.954	-16.052	-6.775	-47.92	31.23	64.75	58.016	66.052	4.900	0.73019	-0.55405	-0.15298	0.36923	24.2	13111	30
2025-5-17 10:48:19.645	WTBenchPress#5(CEA7A127C8E8)	-0.092	0.296	0.507	2.197	-15.015	-36.560	-47.53	30.38	64.30	58.016	66.052	4.900	0.73019	-0.55405	-0.15298	0.36923	24.2	13111	30
2025-5-17 10:48:19.675	WTBenchPress#5(CEA7A127C8E8)	-0.116	0.200	0.502	-18.433	-7.690	-59.937	-47.62	29.22	63.43	58.016	66.052	4.900	0.73019	-0.55405	-0.15298	0.36923	24.2	13111	30
2025-5-17 10:48:19.675	WTBenchPress#5(CEA7A127C8E8)	-0.109	0.060	0.502	-35.522	-1.648	-69.031	-48.13	27.95	62.30	58.016	66.052	4.900	0.73019	-0.55405	-0.15298	0.36923	24.2	13111	30
2025-5-17 10:48:19.706	WTBenchPress#5(CEA7A127C8E8)	-0.091	0.046	0.555	-57.434	8.118	-73.303	-49.11	26.71	60.97	58.016	66.052	4.900	0.73019	-0.55405	-0.15298	0.36923	24.2	13111	30
2025-5-17 10:48:19.706	WTBenchPress#5(CEA7A127C8E8)	-0.104	0.085	0.592	-69.092	7.813	-86.365	-50.39	25.32	59.51	58.016	66.052	4.900	0.73019	-0.55405	-0.15298	0.36923	24.2	13111	30
2025-5-17 10:48:19.765	WTBenchPress#5(CEA7A127C8E8)	-0.096	0.051	0.562	-69.275	9.277	-100.830	-51.78	23.65	57.84	58.016	66.052	4.900	0.73343	-0.46655	-0.05371	0.49133	24.2	13111	30
2025-5-17 10:48:19.765	WTBenchPress#5(CEA7A127C8E8)	-0.098	-0.054	0.508	-68.604	15.320	-111.572	-53.18	21.86	55.98	58.016	66.052	4.900	0.73343	-0.46655	-0.05371	0.49133	24.2	13111	30
2025-5-17 10:48:19.795	WTBenchPress#5(CEA7A127C8E8)	-0.141	-0.245	0.408	-74.951	22.888	-110.657	-54.71	20.17	54.06	58.016	66.052	4.900	0.73343	-0.46655	-0.05371	0.49133	24.2	13111	30
2025-5-17 10:48:19.795	WTBenchPress#5(CEA7A127C8E8)	-0.106	-0.384	0.312	-82.092	23.499	-94.299	-56.33	18.73	52.36	58.016	66.052	4.900	0.73343	-0.46655	-0.05371	0.49133	24.2	13111	30
2025-5-17 10:48:19.824	WTBenchPress#5(CEA7A127C8E8)	-0.093	-0.312	0.260	-112.244	25.085	-87.646	-58.54	17.41	50.75	58.016	66.052	4.900	0.73343	-0.46655	-0.05371	0.49133	24.2	13111	30
2025-5-17 10:48:19.824	WTBenchPress#5(CEA7A127C8E8)	-0.149	-0.359	0.177	-140.930	33.508	-100.525	-61.40	15.92	48.91	58.016	66.052	4.900	0.73343	-0.46655	-0.05371	0.49133	24.2	13111	30
2025-5-17 10:48:19.885	WTBenchPress#5(CEA7A127C8E8)	-0.150	-0.679	0.058	-151.917	36.072	-106.323	-64.56	14.32	47.04	58.016	66.052	4.900	0.73343	-0.46655	-0.05371	0.49133	24.2	13111	30
2025-5-17 10:48:19.885	WTBenchPress#5(CEA7A127C8E8)	-0.159	-0.906	0.021	-147.217	39.246	-97.168	-67.69	12.85	45.33	58.016	66.052	4.900	0.73343	-0.46655	-0.05371	0.49133	24.2	13111	30
2025-5-17 10:48:19.916	WTBenchPress#5(CEA7A127C8E8)	-0.188	-1.062	-0.002	-138.123	42.969	-98.877	-70.71	11.33	43.68	58.016	66.052	4.900	0.73343	-0.46655	-0.05371	0.49133	24.2	13111	30
2025-5-17 10:48:19.916	WTBenchPress#5(CEA7A127C8E8)	-0.187	-1.283	-0.047	-111.084	36.560	-108.582	-73.20	9.51	42.25	58.016	66.052	4.900	0.73343	-0.46655	-0.05371	0.49133	24.2	13111	30
2025-5-17 10:48:19.944	WTBenchPress#5(CEA7A127C8E8)	-0.224	-1.479	-0.045	-98.938	33.142	-95.642	-75.42	7.87	41.12	58.016	66.052	4.900	0.73343	-0.46655	-0.05371	0.49133	24.2	13111	30
2025-5-17 10:48:19.945	WTBenchPress#5(CEA7A127C8E8)	-0.263	-1.514	-0.146	-130.310	40.771	-73.425	-78.26	6.66	40.06	41.846	72.716	21.952	0.73343	-0.46655	-0.05371	0.49133	24.2	13111	30
2025-5-17 10:48:20.5	WTBenchPress#5(CEA7A127C8E8)	-0.262	-1.629	-0.220	-129.822	37.048	-64.392	-81.06	5.56	39.20	41.846	72.716	21.952	0.73343	-0.46655	-0.05371	0.49133	24.2	13111	30
2025-5-17 10:48:20.5	WTBenchPress#5(CEA7A127C8E8)	-0.270	-1.756	-0.197	-97.534	27.710	-57.251	-83.17	4.55	38.64	41.846	72.716	21.952	0.73343	-0.46655	-0.05371	0.49133	24.2	13111	30
2025-5-17 10:48:20.65	WTBenchPress#5(CEA7A127C8E8)	-0.278	-1.808	-0.218	-76.111	27.161	-44.922	-84.84	3.76	38.16	41.846	72.716	21.952	0.73343	-0.46655	-0.05371	0.49133	24.2	13111	30
2025-5-17 10:48:20.65	WTBenchPress#5(CEA7A127C8E8)	-0.257	-1.766	-0.206	-43.579	20.081	-37.354	-85.84	3.10	37.86	41.846	72.716	21.952	0.73343	-0.46655	-0.05371	0.49133	24.2	13111	30
2025-5-17 10:48:20.66	WTBenchPress#5(CEA7A127C8E8)	-0.275	-1.611	-0.218	-20.874	12.817	-36.255	-86.37	2.46	37.73	41.846	72.716	21.952	0.73343	-0.46655	-0.05371	0.49133	24.2	13111	30
2025-5-17 10:48:20.66	WTBenchPress#5(CEA7A127C8E8)	-0.249	-1.765	-0.172	-35.339	8.545	-21.606	-87.19	2.11	37.71	41.846	72.716	21.952	0.73343	-0.46655	-0.05371	0.49133	24.2	13111	30
2025-5-17 10:48:20.129	WTBenchPress#5(CEA7A127C8E8)	-0.196	-1.708	-0.091	-48.523	9.583	-1.587	-88.26	2.16	37.68	41.846	72.716	21.952	0.73343	-0.46655	-0.05371	0.49133	24.2	13111	30
2025-5-17 10:48:20.129	WTBenchPress#5(CEA7A127C8E8)	-0.223	-1.472	-0.040	-24.109	9.277	4.089	-88.82	2.31	37.66	41.846	72.716	21.952	0.73343	-0.46655	-0.05371	0.49133	24.2	13111	30
2025-5-17 10:48:20.155	WTBenchPress#5(CEA7A127C8E8)	-0.205	-1.246	-0.134	9.460	4.883	-3.845	-88.71	2.30	37.64	41.846	72.716	21.952	0.73343	-0.46655	-0.05371	0.49133	24.2	13111	30
2025-5-17 10:48:20.155	WTBenchPress#5(CEA7A127C8E8)	-0.137	-1.153	-0.082	-44.067	8.484	8.118	-88.87	2.36	37.68	41.846	72.716	21.952	0.66794	-0.67020	-0.21231	0.24390	24.2	13111	30
2025-5-17 10:48:20.185	WTBenchPress#5(CEA7A127C8E8)	-0.157	-0.926	-0.011	-81.177	20.508	-0.549	-90.01	2.55	37.59	41.846	72.716	21.952	0.66794	-0.67020	-0.21231	0.24390	24.2	13111	30
2025-5-17 10:48:20.185	WTBenchPress#5(CEA7A127C8E8)	-0.194	-0.976	-0.083	-23.682	19.897	-27.771	-91.40	2.47	37.32	41.846	72.716	21.952	0.66794	-0.67020	-0.21231	0.24390	24.2	13111	30
2025-5-17 10:48:20.245	WTBenchPress#5(CEA7A127C8E8)	-0.162	-1.172	-0.144	36.316	5.554	-37.292	-91.62	1.94	37.13	41.846	72.716	21.952	0.66794	-0.67020	-0.21231	0.24390	24.2	13111	30
2025-5-17 10:48:20.245	WTBenchPress#5(CEA7A127C8E8)	-0.117	-1.260	-0.127	53.650	-7.324	-26.245	-90.86	1.33	37.23	41.846	72.716	21.952	0.66794	-0.67020	-0.21231	0.24390	24.2	13111	30
2025-5-17 10:48:20.274	WTBenchPress#5(CEA7A127C8E8)	-0.038	-1.132	-0.075	2.991	-3.174	-9.827	-90.09	0.98	37.49	41.846	72.716	21.952	0.66794	-0.67020	-0.21231	0.24390	24.2	13111	30
2025-5-17 10:48:20.274	WTBenchPress#5(CEA7A127C8E8)	-0.053	-0.945	0.009	-11.658	-0.122	-8.850	-90.17	0.87	37.67	41.846	72.716	21.952	0.66794	-0.67020	-0.21231	0.24390	24.2	13111	30
2025-5-17 10:48:20.304	WTBenchPress#5(CEA7A127C8E8)	-0.048	-0.945	-0.020	9.583	3.479	-13.855	-90.35	0.75	37.79	41.846	72.716	21.952	0.66794	-0.67020	-0.21231	0.24390	24.2	13111	30
2025-5-17 10:48:20.304	WTBenchPress#5(CEA7A127C8E8)	-0.035	-1.021	-0.080	38.086	0.000	-16.541	-90.06	0.53	37.88	41.846	72.716	21.952	0.66794	-0.67020	-0.21231	0.24390	24.2	13111	30
2025-5-17 10:48:20.365	WTBenchPress#5(CEA7A127C8E8)	-0.025	-1.011	-0.081	41.565	-3.418	-16.541	-89.34	0.26	38.03	41.846	72.716	21.952	0.66794	-0.67020	-0.21231	0.24390	24.2	13111	30
2025-5-17 10:48:20.365	WTBenchPress#5(CEA7A127C8E8)	-0.060	-0.916	-0.095	42.419	-9.399	-24.048	-88.57	-0.05	38.29	41.846	72.716	21.952	0.66794	-0.67020	-0.21231	0.24390	24.2	13111	30
2025-5-17 10:48:20.395	WTBenchPress#5(CEA7A127C8E8)	-0.091	-0.883	-0.170	51.880	-18.677	-42.786	-87.75	-0.58	38.68	35.966	71.932	27.440	0.66794	-0.67020	-0.21231	0.24390	24.2	13111	30
2025-5-17 10:48:20.395	WTBenchPress#5(CEA7A127C8E8)	-0.009	-0.755	-0.103	69.397	-39.307	-44.067	-86.74	-1.41	39.31	35.966	71.932	27.440	0.66794	-0.67020	-0.21231	0.24390	24.2	13111	30
2025-5-17 10:48:20.425	WTBenchPress#5(CEA7A127C8E8)	0.021	-1.421	0.186	-12.024	-37.720	-26.062	-85.90	-2.19	40.24	35.966	71.932	27.440	0.66794	-0.67020	-0.21231	0.24390	24.2	13111	30
2025-5-17 10:48:20.425	WTBenchPress#5(CEA7A127C8E8)	-0.020	-1.019	0.031	0.244	-2.075	0.488	-86.19	-2.55	40.94	35.966	71.932	27.440	0.66794	-0.67020	-0.21231	0.24390	24.2	13111	30
2025-5-17 10:48:20.485	WTBenchPress#5(CEA7A127C8E8)	-0.021	-1.030	0.003	-0.366	0.000	0.244	-86.26	-2.48	41.12	35.966	71.932	27.440	0.66794	-0.67020	-0.21231	0.24390	24.2	13111	30
2025-5-17 10:48:20.485	WTBenchPress#5(CEA7A127C8E8)	0.002	-1.030	0.002	-0.122	-0.122	0.122	-86.34	-2.42	41.26	35.966	71.932	27.440	0.66794	-0.67020	-0.21231	0.24390	24.2	13111	30
2025-5-17 10:48:20.515	WTBenchPress#5(CEA7A127C8E8)	-0.042	-1.029	0.001	0.244	-2.441	-0.061	-86.40	-2.37	41.42	35.966	71.932	27.440	0.66794	-0.67020	-0.21231	0.24390	24.2	13111	30
2025-5-17 10:48:20.515	WTBenchPress#5(CEA7A127C8E8)	-0.017	-1.030	0.002	0.305	-4.700	-0.061	-86.45	-2.33	41.62	35.966	71.932	27.440	0.66794	-0.67020	-0.21231	0.24390	24.2	13111	30
2025-5-17 10:48:20.545	WTBenchPress#5(CEA7A127C8E8)	-0.018	-1.030	0.005	2.441	-2.197	-1.282	-86.50	-2.30	41.84	35.966	71.932	27.440	0.66794	-0.67020	-0.21231	0.24390	24.2	13111	30
2025-5-17 10:48:20.545	WTBenchPress#5(CEA7A127C8E8)	-0.026	-1.031	0.012	7.813	-0.916	0.183	-86.47	-2.27	42.00	35.966	71.932	27.440	0.68481	-0.63416	-0.25894	0.24835	24.2	13111	30
2025-5-17 10:48:20.605	WTBenchPress#5(CEA7A127C8E8)	-0.019	-1.030	0.000	5.981	-2.686	-0.854	-86.39	-2.24	42.17	35.966	71.932	27.440	0.68481	-0.63416	-0.25894	0.24835	24.2	13111	30
2025-5-17 10:48:20.605	WTBenchPress#5(CEA7A127C8E8)	-0.019	-1.030	0.011	1.892	-1.892	-1.221	-86.36	-2.22	42.34	35.966	71.932	27.440	0.68481	-0.63416	-0.25894	0.24835	24.2	13111	30
2025-5-17 10:48:20.665	WTBenchPress#5(CEA7A127C8E8)	-0.031	-1.030	0.010	0.793	-2.747	-0.488	-86.38	-2.20	42.52	35.966	71.932	27.440	0.68481	-0.63416	-0.25894	0.24835	24.2	13111	30
2025-5-17 10:48:20.665	WTBenchPress#5(CEA7A127C8E8)	-0.011	-1.033	-0.010	2.747	-7.629	-0.610	-86.40	-2.18	42.74	35.966	71.932	27.440	0.68481	-0.63416	-0.25894	0.24835	24.2	13111	30
2025-5-17 10:48:20.665	WTBenchPress#5(CEA7A127C8E8)	-0.028	-1.015	0.043	1.404	-14.587	-1.221	-86.41	-2.17	43.09	35.966	71.932	27.440	0.68481	-0.63416	-0.25894	0.24835	24.2	13111	30
2025-5-17 10:48:20.665	WTBenchPress#5(CEA7A127C8E8)	-0.023	-1.034	0.007	-2.136	-18.982	0.977	-86.47	-2.15	43.53	35.966	71.932	27.440	0.68481	-0.63416	-0.25894	0.24835	24.2	13111	30
2025-5-17 10:48:20.727	WTBenchPress#5(CEA7A127C8E8)	-0.004	-1.028	0.019	-0.610	-34.363	0.061	-86.56	-2.14	44.18	35.966	71.932	27.440	0.68481	-0.63416	-0.25894	0.24835	24.2	13111	30
2025-5-17 10:48:20.727	WTBenchPress#5(CEA7A127C8E8)	-0.021	-1.030	0.011	-9.033	-66.589	4.761	-86.73	-2.11	45.28	35.966	71.932	27.440	0.68481	-0.63416	-0.25894	0.24835	24.2	13111	30
2025-5-17 10:48:20.754	WTBenchPress#5(CEA7A127C8E8)	-0.019	-1.030	-0.003	-2.502	-48.828	0.488	-86.92	-2.08	46.53	35.966	71.932	27.440	0.68481	-0.63416	-0.25894	0.24835	24.2	13111	30
2025-5-17 10:48:20.754	WTBenchPress#5(CEA7A127C8E8)	-0.019	-1.030	0.007	0.000	-22.461	0.305	-87.01	-2.08	47.32	35.770	73.794	24.402	0.68481	-0.63416	-0.25894	0.24835	24.2	13111	30
