time	DeviceName	AccX(g)	AccY(g)	AccZ(g)	AsX(°/s)	AsY(°/s)	AsZ(°/s)	AngleX(°)	AngleY(°)	AngleZ(°)	HX(uT)	HY(uT)	HZ(uT)	Q0()	Q1()	Q2()	Q3()	Temperature(°C)	Version()	Battery level(%)
2025-5-17 10:33:9.342	WTBenchPress#5(CEA7A127C8E8)	-0.020	-1.029	0.010	0.000	0.000	0.000	-89.42	1.11	55.69	34.594	74.676	22.148	0.62512	-0.62524	-0.32248	0.33792	24.2	13111	30
2025-5-17 10:33:9.342	WTBenchPress#5(CEA7A127C8E8)	-0.019	-1.031	0.011	0.000	0.000	0.000	-89.42	1.11	55.69	34.594	74.676	22.148	0.62512	-0.62524	-0.32248	0.33792	24.2	13111	30
2025-5-17 10:33:9.369	WTBenchPress#5(CEA7A127C8E8)	-0.019	-1.029	0.010	0.000	0.000	0.000	-89.42	1.11	55.69	34.594	74.676	22.148	0.62512	-0.62524	-0.32248	0.33792	24.2	13111	30
2025-5-17 10:33:9.369	WTBenchPress#5(CEA7A127C8E8)	-0.021	-1.030	0.009	0.000	0.000	0.000	-89.42	1.11	55.69	34.594	74.676	22.148	0.62512	-0.62524	-0.32248	0.33792	24.2	13111	30
2025-5-17 10:33:9.399	WTBenchPress#5(CEA7A127C8E8)	-0.020	-1.030	0.009	0.000	0.000	0.000	-89.42	1.11	55.69	34.594	74.676	22.148	0.62512	-0.62524	-0.32248	0.33792	24.2	13111	30
2025-5-17 10:33:9.399	WTBenchPress#5(CEA7A127C8E8)	-0.019	-1.030	0.011	0.000	0.000	0.000	-89.42	1.11	55.69	34.594	74.676	22.148	0.62512	-0.62524	-0.32248	0.33792	24.2	13111	30
2025-5-17 10:33:9.457	WTBenchPress#5(CEA7A127C8E8)	-0.020	-1.030	0.012	0.000	0.000	0.000	-89.42	1.11	55.69	34.594	74.676	22.148	0.62512	-0.62524	-0.32248	0.33792	24.2	13111	30
2025-5-17 10:33:9.457	WTBenchPress#5(CEA7A127C8E8)	-0.020	-1.029	0.011	0.000	0.000	0.000	-89.42	1.11	55.69	34.594	74.676	22.148	0.62512	-0.62524	-0.32248	0.33792	24.2	13111	30
2025-5-17 10:33:9.488	WTBenchPress#5(CEA7A127C8E8)	-0.020	-1.030	0.009	0.000	0.000	0.000	-89.42	1.11	55.69	34.594	74.676	22.148	0.62512	-0.62524	-0.32248	0.33792	24.2	13111	30
2025-5-17 10:33:9.488	WTBenchPress#5(CEA7A127C8E8)	-0.020	-1.030	0.009	0.000	0.000	0.000	-89.42	1.11	55.69	34.594	74.676	22.148	0.62512	-0.62524	-0.32248	0.33792	24.2	13111	30
2025-5-17 10:33:9.518	WTBenchPress#5(CEA7A127C8E8)	-0.021	-1.030	0.011	0.000	0.000	0.000	-89.42	1.11	55.69	34.594	74.676	22.148	0.62512	-0.62524	-0.32248	0.33792	24.2	13111	30
2025-5-17 10:33:9.518	WTBenchPress#5(CEA7A127C8E8)	-0.020	-1.030	0.011	0.000	0.000	0.000	-89.42	1.11	55.69	34.594	74.676	22.148	0.62509	-0.62524	-0.32251	0.33792	24.2	13111	30
2025-5-17 10:33:9.608	WTBenchPress#5(CEA7A127C8E8)	-0.020	-1.029	0.010	0.000	0.000	0.000	-89.42	1.11	55.69	34.594	74.676	22.148	0.62509	-0.62524	-0.32251	0.33792	24.2	13111	30
2025-5-17 10:33:9.608	WTBenchPress#5(CEA7A127C8E8)	-0.021	-1.030	0.010	0.000	0.000	0.000	-89.42	1.11	55.69	34.594	74.676	22.148	0.62509	-0.62524	-0.32251	0.33792	24.2	13111	30
2025-5-17 10:33:9.610	WTBenchPress#5(CEA7A127C8E8)	-0.020	-1.030	0.009	0.000	0.000	0.000	-89.42	1.11	55.69	34.594	74.676	22.148	0.62509	-0.62524	-0.32251	0.33792	24.2	13111	30
2025-5-17 10:33:9.610	WTBenchPress#5(CEA7A127C8E8)	-0.020	-1.030	0.010	0.000	0.000	0.000	-89.42	1.11	55.69	34.594	74.676	22.148	0.62509	-0.62524	-0.32251	0.33792	24.2	13111	30
2025-5-17 10:33:9.642	WTBenchPress#5(CEA7A127C8E8)	-0.020	-1.030	0.010	0.000	0.000	0.000	-89.42	1.11	55.69	34.594	74.676	22.148	0.62509	-0.62524	-0.32251	0.33792	24.2	13111	30
2025-5-17 10:33:9.642	WTBenchPress#5(CEA7A127C8E8)	-0.020	-1.030	0.010	0.000	0.000	0.000	-89.42	1.11	55.69	34.594	74.676	22.148	0.62509	-0.62524	-0.32251	0.33792	24.2	13111	30
2025-5-17 10:33:9.699	WTBenchPress#5(CEA7A127C8E8)	-0.020	-1.030	0.011	0.000	0.000	0.000	-89.42	1.11	55.69	34.594	74.676	22.148	0.62509	-0.62524	-0.32251	0.33792	24.2	13111	30
2025-5-17 10:33:9.699	WTBenchPress#5(CEA7A127C8E8)	-0.020	-1.030	0.010	0.000	0.000	0.000	-89.42	1.11	55.69	34.594	74.676	22.148	0.62509	-0.62524	-0.32251	0.33792	24.2	13111	30
2025-5-17 10:33:9.728	WTBenchPress#5(CEA7A127C8E8)	-0.019	-1.031	0.010	0.000	0.000	0.000	-89.42	1.11	55.69	34.496	74.578	22.246	0.62509	-0.62524	-0.32251	0.33792	24.2	13111	30
2025-5-17 10:33:9.729	WTBenchPress#5(CEA7A127C8E8)	-0.019	-1.030	0.010	0.000	0.000	0.000	-89.42	1.11	55.69	34.496	74.578	22.246	0.62509	-0.62524	-0.32251	0.33792	24.2	13111	30
2025-5-17 10:33:9.758	WTBenchPress#5(CEA7A127C8E8)	-0.020	-1.030	0.009	0.000	0.000	0.000	-89.42	1.11	55.69	34.496	74.578	22.246	0.62509	-0.62524	-0.32251	0.33792	24.2	13111	30
2025-5-17 10:33:9.758	WTBenchPress#5(CEA7A127C8E8)	-0.020	-1.030	0.010	0.000	0.000	0.000	-89.42	1.11	55.69	34.496	74.578	22.246	0.62509	-0.62524	-0.32251	0.33792	24.2	13111	30
2025-5-17 10:33:9.818	WTBenchPress#5(CEA7A127C8E8)	-0.020	-1.030	0.011	0.000	0.000	0.000	-89.42	1.11	55.69	34.496	74.578	22.246	0.62509	-0.62524	-0.32251	0.33792	24.2	13111	30
2025-5-17 10:33:9.818	WTBenchPress#5(CEA7A127C8E8)	-0.020	-1.030	0.011	0.000	0.000	0.000	-89.42	1.11	55.69	34.496	74.578	22.246	0.62509	-0.62524	-0.32251	0.33792	24.2	13111	30
2025-5-17 10:33:9.847	WTBenchPress#5(CEA7A127C8E8)	-0.020	-1.030	0.011	0.000	0.000	0.000	-89.42	1.11	55.69	34.496	74.578	22.246	0.62509	-0.62524	-0.32251	0.33792	24.2	13111	30
2025-5-17 10:33:9.848	WTBenchPress#5(CEA7A127C8E8)	-0.019	-1.030	0.010	0.000	0.000	0.000	-89.42	1.11	55.69	34.496	74.578	22.246	0.62509	-0.62524	-0.32251	0.33792	24.2	13111	30
2025-5-17 10:33:9.879	WTBenchPress#5(CEA7A127C8E8)	-0.020	-1.030	0.010	0.000	0.000	0.000	-89.42	1.11	55.69	34.496	74.578	22.246	0.62509	-0.62524	-0.32251	0.33792	24.2	13111	30
2025-5-17 10:33:9.879	WTBenchPress#5(CEA7A127C8E8)	-0.020	-1.030	0.010	0.000	0.000	0.000	-89.42	1.11	55.69	34.496	74.578	22.246	0.62509	-0.62524	-0.32251	0.33792	24.2	13111	30
2025-5-17 10:33:9.941	WTBenchPress#5(CEA7A127C8E8)	-0.020	-1.030	0.010	0.000	0.000	0.000	-89.42	1.11	55.69	34.496	74.578	22.246	0.62509	-0.62524	-0.32251	0.33792	24.2	13111	30
2025-5-17 10:33:9.941	WTBenchPress#5(CEA7A127C8E8)	-0.020	-1.030	0.011	0.000	0.000	0.000	-89.42	1.11	55.69	34.496	74.578	22.246	0.62509	-0.62524	-0.32251	0.33792	24.2	13111	30
2025-5-17 10:33:9.968	WTBenchPress#5(CEA7A127C8E8)	-0.020	-1.030	0.011	0.000	0.000	0.000	-89.42	1.11	55.69	34.496	74.578	22.246	0.62509	-0.62524	-0.32251	0.33792	24.2	13111	30
2025-5-17 10:33:9.968	WTBenchPress#5(CEA7A127C8E8)	-0.020	-1.030	0.010	0.000	0.000	0.000	-89.42	1.11	55.69	34.496	74.578	22.246	0.62509	-0.62524	-0.32251	0.33792	24.2	13111	30
2025-5-17 10:33:9.998	WTBenchPress#5(CEA7A127C8E8)	-0.020	-1.030	0.010	0.000	0.000	0.000	-89.42	1.11	55.69	34.496	74.578	22.246	0.62509	-0.62524	-0.32251	0.33792	24.2	13111	30
2025-5-17 10:33:9.998	WTBenchPress#5(CEA7A127C8E8)	-0.020	-1.030	0.010	0.000	0.000	0.000	-89.42	1.11	55.69	34.496	74.578	22.246	0.62509	-0.62524	-0.32251	0.33792	24.2	13111	30
2025-5-17 10:33:10.58	WTBenchPress#5(CEA7A127C8E8)	-0.020	-1.030	0.010	0.000	0.000	0.000	-89.42	1.11	55.69	34.496	74.578	22.246	0.62509	-0.62524	-0.32251	0.33792	24.2	13111	30
2025-5-17 10:33:10.59	WTBenchPress#5(CEA7A127C8E8)	-0.020	-1.030	0.010	0.000	0.000	0.000	-89.42	1.11	55.69	34.496	74.578	22.246	0.62509	-0.62524	-0.32251	0.33792	24.2	13111	30
2025-5-17 10:33:10.89	WTBenchPress#5(CEA7A127C8E8)	-0.020	-1.030	0.011	0.000	0.000	0.000	-89.42	1.11	55.69	34.496	74.578	22.246	0.62509	-0.62524	-0.32251	0.33792	24.2	13111	30
2025-5-17 10:33:10.89	WTBenchPress#5(CEA7A127C8E8)	-0.019	-1.030	0.010	0.000	0.000	0.000	-89.42	1.11	55.69	34.496	74.578	22.246	0.62509	-0.62524	-0.32251	0.33792	24.2	13111	30
2025-5-17 10:33:10.118	WTBenchPress#5(CEA7A127C8E8)	-0.020	-1.030	0.010	0.000	0.000	0.000	-89.42	1.11	55.69	34.496	74.578	22.246	0.62509	-0.62524	-0.32251	0.33792	24.2	13111	30
2025-5-17 10:33:10.118	WTBenchPress#5(CEA7A127C8E8)	-0.020	-1.030	0.010	0.000	0.000	0.000	-89.42	1.11	55.69	34.594	74.578	22.148	0.62509	-0.62524	-0.32251	0.33792	24.2	13111	30
2025-5-17 10:33:10.178	WTBenchPress#5(CEA7A127C8E8)	-0.020	-1.030	0.010	0.000	0.000	0.000	-89.42	1.11	55.69	34.594	74.578	22.148	0.62509	-0.62524	-0.32251	0.33792	24.2	13111	30
2025-5-17 10:33:10.179	WTBenchPress#5(CEA7A127C8E8)	-0.020	-1.030	0.011	0.000	0.000	0.000	-89.42	1.11	55.69	34.594	74.578	22.148	0.62509	-0.62524	-0.32251	0.33792	24.2	13111	30
2025-5-17 10:33:10.208	WTBenchPress#5(CEA7A127C8E8)	-0.020	-1.030	0.010	0.000	0.000	0.000	-89.42	1.11	55.69	34.594	74.578	22.148	0.62509	-0.62524	-0.32251	0.33792	24.2	13111	30
2025-5-17 10:33:10.208	WTBenchPress#5(CEA7A127C8E8)	-0.020	-1.030	0.011	0.000	0.000	0.000	-89.42	1.11	55.69	34.594	74.578	22.148	0.62509	-0.62524	-0.32251	0.33792	24.2	13111	30
2025-5-17 10:33:10.240	WTBenchPress#5(CEA7A127C8E8)	-0.020	-1.030	0.010	0.000	0.000	0.000	-89.42	1.11	55.69	34.594	74.578	22.148	0.62509	-0.62524	-0.32251	0.33792	24.2	13111	30
2025-5-17 10:33:10.241	WTBenchPress#5(CEA7A127C8E8)	-0.020	-1.030	0.009	0.000	0.000	0.000	-89.42	1.11	55.69	34.594	74.578	22.148	0.62509	-0.62524	-0.32251	0.33792	24.2	13111	30
2025-5-17 10:33:10.299	WTBenchPress#5(CEA7A127C8E8)	-0.020	-1.030	0.010	0.000	0.000	0.000	-89.42	1.11	55.69	34.594	74.578	22.148	0.62509	-0.62524	-0.32251	0.33792	24.2	13111	30
2025-5-17 10:33:10.299	WTBenchPress#5(CEA7A127C8E8)	-0.020	-1.031	0.010	0.000	0.000	0.000	-89.42	1.11	55.69	34.594	74.578	22.148	0.62509	-0.62524	-0.32251	0.33792	24.2	13111	30
2025-5-17 10:33:10.327	WTBenchPress#5(CEA7A127C8E8)	-0.020	-1.031	0.010	0.000	0.000	0.000	-89.42	1.11	55.69	34.594	74.578	22.148	0.62509	-0.62524	-0.32251	0.33792	24.2	13111	30
2025-5-17 10:33:10.327	WTBenchPress#5(CEA7A127C8E8)	-0.020	-1.030	0.010	0.000	0.000	0.000	-89.42	1.11	55.69	34.594	74.578	22.148	0.62509	-0.62524	-0.32251	0.33792	24.2	13111	30
2025-5-17 10:33:10.358	WTBenchPress#5(CEA7A127C8E8)	-0.020	-1.029	0.011	0.000	0.000	0.000	-89.42	1.11	55.69	34.594	74.578	22.148	0.62509	-0.62524	-0.32251	0.33792	24.2	13111	30
2025-5-17 10:33:10.358	WTBenchPress#5(CEA7A127C8E8)	-0.020	-1.030	0.010	0.000	0.000	0.000	-89.42	1.11	55.69	34.594	74.578	22.148	0.62509	-0.62524	-0.32251	0.33792	24.2	13111	30
2025-5-17 10:33:10.418	WTBenchPress#5(CEA7A127C8E8)	-0.020	-1.030	0.010	0.000	0.000	0.000	-89.42	1.11	55.69	34.594	74.578	22.148	0.62509	-0.62524	-0.32251	0.33792	24.2	13111	30
2025-5-17 10:33:10.418	WTBenchPress#5(CEA7A127C8E8)	-0.020	-1.030	0.010	0.000	0.000	0.000	-89.42	1.11	55.69	34.594	74.578	22.148	0.62509	-0.62524	-0.32251	0.33792	24.2	13111	30
2025-5-17 10:33:10.448	WTBenchPress#5(CEA7A127C8E8)	-0.021	-1.030	0.010	0.000	0.000	0.000	-89.42	1.11	55.69	34.594	74.578	22.148	0.62509	-0.62524	-0.32251	0.33792	24.2	13111	30
2025-5-17 10:33:10.448	WTBenchPress#5(CEA7A127C8E8)	-0.020	-1.030	0.010	0.000	0.000	0.000	-89.42	1.11	55.69	34.594	74.578	22.148	0.62509	-0.62524	-0.32251	0.33792	24.2	13111	30
2025-5-17 10:33:10.479	WTBenchPress#5(CEA7A127C8E8)	-0.020	-1.030	0.010	0.000	0.000	0.000	-89.42	1.11	55.69	34.594	74.578	22.148	0.62509	-0.62524	-0.32251	0.33792	24.2	13111	30
2025-5-17 10:33:10.479	WTBenchPress#5(CEA7A127C8E8)	-0.020	-1.030	0.010	0.000	0.000	0.000	-89.42	1.11	55.69	34.594	74.578	22.148	0.62509	-0.62524	-0.32251	0.33792	24.2	13111	30
2025-5-17 10:33:10.540	WTBenchPress#5(CEA7A127C8E8)	-0.020	-1.030	0.011	0.000	0.000	0.000	-89.42	1.11	55.69	34.496	74.578	22.148	0.62509	-0.62524	-0.32251	0.33792	24.2	13111	30
2025-5-17 10:33:10.540	WTBenchPress#5(CEA7A127C8E8)	-0.020	-1.029	0.010	0.000	0.000	0.000	-89.42	1.11	55.69	34.496	74.578	22.148	0.62509	-0.62524	-0.32251	0.33792	24.2	13111	30
2025-5-17 10:33:10.568	WTBenchPress#5(CEA7A127C8E8)	-0.020	-1.031	0.010	0.000	0.000	0.000	-89.42	1.11	55.69	34.496	74.578	22.148	0.62509	-0.62524	-0.32251	0.33792	24.2	13111	30
2025-5-17 10:33:10.568	WTBenchPress#5(CEA7A127C8E8)	-0.020	-1.030	0.010	0.000	0.000	0.000	-89.42	1.11	55.69	34.496	74.578	22.148	0.62509	-0.62524	-0.32251	0.33792	24.2	13111	30
2025-5-17 10:33:10.599	WTBenchPress#5(CEA7A127C8E8)	-0.019	-1.029	0.012	0.000	0.000	0.000	-89.42	1.11	55.69	34.496	74.578	22.148	0.62509	-0.62524	-0.32251	0.33792	24.2	13111	30
2025-5-17 10:33:10.599	WTBenchPress#5(CEA7A127C8E8)	-0.020	-1.031	0.011	0.000	0.000	0.000	-89.42	1.11	55.69	34.496	74.578	22.148	0.62509	-0.62524	-0.32251	0.33792	24.2	13111	30
2025-5-17 10:33:10.658	WTBenchPress#5(CEA7A127C8E8)	-0.020	-1.030	0.010	0.000	0.000	0.000	-89.42	1.11	55.69	34.496	74.578	22.148	0.62509	-0.62524	-0.32251	0.33792	24.2	13111	30
2025-5-17 10:33:10.658	WTBenchPress#5(CEA7A127C8E8)	-0.019	-1.030	0.009	0.000	0.000	0.000	-89.42	1.11	55.69	34.496	74.578	22.148	0.62509	-0.62524	-0.32251	0.33792	24.2	13111	30
2025-5-17 10:33:10.689	WTBenchPress#5(CEA7A127C8E8)	-0.020	-1.030	0.009	0.000	0.000	0.000	-89.42	1.11	55.69	34.496	74.578	22.148	0.62509	-0.62524	-0.32251	0.33792	24.2	13111	30
2025-5-17 10:33:10.689	WTBenchPress#5(CEA7A127C8E8)	-0.021	-1.030	0.010	0.000	0.000	0.000	-89.42	1.11	55.69	34.496	74.578	22.148	0.62509	-0.62524	-0.32251	0.33792	24.2	13111	30
2025-5-17 10:33:10.718	WTBenchPress#5(CEA7A127C8E8)	-0.019	-1.030	0.010	0.000	0.000	0.000	-89.42	1.11	55.69	34.496	74.578	22.148	0.62509	-0.62524	-0.32251	0.33792	24.2	13111	30
2025-5-17 10:33:10.718	WTBenchPress#5(CEA7A127C8E8)	-0.019	-1.030	0.009	0.000	0.000	0.000	-89.42	1.11	55.69	34.496	74.578	22.148	0.62509	-0.62524	-0.32251	0.33792	24.2	13111	30
2025-5-17 10:33:10.778	WTBenchPress#5(CEA7A127C8E8)	-0.020	-1.030	0.009	0.000	0.000	0.000	-89.42	1.11	55.69	34.496	74.578	22.148	0.62509	-0.62524	-0.32251	0.33792	24.2	13111	30
2025-5-17 10:33:10.778	WTBenchPress#5(CEA7A127C8E8)	-0.020	-1.030	0.010	0.000	0.000	0.000	-89.42	1.11	55.69	34.496	74.578	22.148	0.62509	-0.62524	-0.32251	0.33792	24.2	13111	30
2025-5-17 10:33:10.807	WTBenchPress#5(CEA7A127C8E8)	-0.018	-1.031	0.009	0.000	0.000	0.000	-89.42	1.11	55.69	34.496	74.578	22.148	0.62509	-0.62524	-0.32251	0.33792	24.2	13111	30
2025-5-17 10:33:10.807	WTBenchPress#5(CEA7A127C8E8)	-0.020	-1.030	0.009	0.000	0.000	0.000	-89.42	1.11	55.69	34.496	74.578	22.148	0.62509	-0.62524	-0.32251	0.33792	24.2	13111	30
2025-5-17 10:33:10.868	WTBenchPress#5(CEA7A127C8E8)	-0.020	-1.030	0.010	0.000	0.000	0.000	-89.42	1.11	55.69	34.496	74.578	22.148	0.62509	-0.62524	-0.32251	0.33792	24.2	13111	30
2025-5-17 10:33:10.868	WTBenchPress#5(CEA7A127C8E8)	-0.019	-1.030	0.011	0.000	0.000	0.000	-89.42	1.11	55.69	34.496	74.578	22.148	0.62509	-0.62524	-0.32251	0.33792	24.2	13111	30
2025-5-17 10:33:10.899	WTBenchPress#5(CEA7A127C8E8)	-0.020	-1.030	0.010	0.000	0.000	0.000	-89.42	1.10	55.69	34.496	74.578	22.148	0.62509	-0.62524	-0.32251	0.33792	24.2	13111	30
2025-5-17 10:33:10.899	WTBenchPress#5(CEA7A127C8E8)	-0.020	-1.030	0.011	0.000	0.000	0.000	-89.42	1.10	55.69	34.496	74.578	22.148	0.62509	-0.62524	-0.32251	0.33792	24.2	13111	30
2025-5-17 10:33:10.929	WTBenchPress#5(CEA7A127C8E8)	-0.021	-1.030	0.011	0.000	0.000	0.000	-89.42	1.10	55.69	34.496	74.578	22.148	0.62509	-0.62524	-0.32251	0.33792	24.2	13111	30
2025-5-17 10:33:10.929	WTBenchPress#5(CEA7A127C8E8)	-0.019	-1.030	0.011	0.000	0.000	0.000	-89.42	1.10	55.69	34.594	74.480	22.148	0.62509	-0.62524	-0.32251	0.33792	24.2	13111	30
2025-5-17 10:33:10.988	WTBenchPress#5(CEA7A127C8E8)	-0.020	-1.030	0.010	0.000	0.000	0.000	-89.42	1.10	55.69	34.594	74.480	22.148	0.62509	-0.62524	-0.32251	0.33792	24.2	13111	30
2025-5-17 10:33:10.988	WTBenchPress#5(CEA7A127C8E8)	-0.021	-1.030	0.010	0.000	0.000	0.000	-89.42	1.10	55.69	34.594	74.480	22.148	0.62509	-0.62524	-0.32251	0.33792	24.2	13111	30
2025-5-17 10:33:11.17	WTBenchPress#5(CEA7A127C8E8)	-0.020	-1.030	0.010	0.000	0.000	0.000	-89.42	1.10	55.69	34.594	74.480	22.148	0.62509	-0.62524	-0.32251	0.33792	24.2	13111	30
2025-5-17 10:33:11.17	WTBenchPress#5(CEA7A127C8E8)	-0.019	-1.030	0.011	0.000	0.000	0.000	-89.42	1.10	55.69	34.594	74.480	22.148	0.62509	-0.62524	-0.32251	0.33792	24.2	13111	30
2025-5-17 10:33:11.47	WTBenchPress#5(CEA7A127C8E8)	-0.020	-1.029	0.011	0.000	0.000	0.000	-89.42	1.10	55.69	34.594	74.480	22.148	0.62509	-0.62524	-0.32251	0.33792	24.2	13111	30
2025-5-17 10:33:11.47	WTBenchPress#5(CEA7A127C8E8)	-0.020	-1.030	0.009	0.000	0.000	0.000	-89.42	1.10	55.69	34.594	74.480	22.148	0.62509	-0.62524	-0.32251	0.33792	24.2	13111	30
2025-5-17 10:33:11.108	WTBenchPress#5(CEA7A127C8E8)	-0.020	-1.029	0.009	0.000	0.000	0.000	-89.42	1.10	55.69	34.594	74.480	22.148	0.62509	-0.62524	-0.32251	0.33792	24.2	13111	30
2025-5-17 10:33:11.108	WTBenchPress#5(CEA7A127C8E8)	-0.020	-1.030	0.010	0.000	0.000	0.000	-89.42	1.10	55.69	34.594	74.480	22.148	0.62509	-0.62524	-0.32251	0.33792	24.2	13111	30
2025-5-17 10:33:11.138	WTBenchPress#5(CEA7A127C8E8)	-0.021	-1.030	0.010	0.000	0.000	0.000	-89.42	1.10	55.69	34.594	74.480	22.148	0.62509	-0.62524	-0.32251	0.33792	24.2	13111	30
2025-5-17 10:33:11.138	WTBenchPress#5(CEA7A127C8E8)	-0.020	-1.030	0.011	0.000	0.000	0.000	-89.42	1.10	55.69	34.594	74.480	22.148	0.62509	-0.62524	-0.32251	0.33792	24.2	13111	30
2025-5-17 10:33:11.168	WTBenchPress#5(CEA7A127C8E8)	-0.020	-1.030	0.010	0.000	0.000	0.000	-89.42	1.10	55.69	34.594	74.480	22.148	0.62509	-0.62524	-0.32251	0.33792	24.2	13111	30
2025-5-17 10:33:11.168	WTBenchPress#5(CEA7A127C8E8)	-0.020	-1.030	0.010	0.000	0.000	0.000	-89.42	1.10	55.69	34.594	74.480	22.148	0.62509	-0.62524	-0.32251	0.33792	24.2	13111	30
2025-5-17 10:33:11.229	WTBenchPress#5(CEA7A127C8E8)	-0.020	-1.030	0.009	0.000	0.000	0.000	-89.42	1.10	55.69	34.594	74.480	22.148	0.62509	-0.62524	-0.32251	0.33792	24.2	13111	30
2025-5-17 10:33:11.229	WTBenchPress#5(CEA7A127C8E8)	-0.019	-1.030	0.011	0.000	0.000	0.000	-89.42	1.10	55.69	34.594	74.480	22.148	0.62509	-0.62524	-0.32251	0.33792	24.2	13111	30
2025-5-17 10:33:11.257	WTBenchPress#5(CEA7A127C8E8)	-0.020	-1.030	0.011	0.000	0.000	0.000	-89.42	1.10	55.69	34.594	74.480	22.148	0.62509	-0.62524	-0.32251	0.33792	24.2	13111	30
2025-5-17 10:33:11.258	WTBenchPress#5(CEA7A127C8E8)	-0.021	-1.029	0.010	0.000	0.000	0.000	-89.42	1.10	55.69	34.594	74.480	22.148	0.62509	-0.62524	-0.32251	0.33792	24.2	13111	30
2025-5-17 10:33:11.289	WTBenchPress#5(CEA7A127C8E8)	-0.020	-1.030	0.010	0.000	0.000	0.000	-89.42	1.10	55.69	34.594	74.480	22.148	0.62509	-0.62524	-0.32251	0.33792	24.2	13111	30
2025-5-17 10:33:11.289	WTBenchPress#5(CEA7A127C8E8)	-0.021	-1.030	0.010	0.000	0.000	0.000	-89.42	1.10	55.69	34.594	74.480	22.148	0.62509	-0.62524	-0.32251	0.33792	24.2	13111	30
2025-5-17 10:33:11.348	WTBenchPress#5(CEA7A127C8E8)	-0.020	-1.030	0.010	0.000	0.000	0.000	-89.42	1.10	55.69	34.594	74.480	22.148	0.62509	-0.62524	-0.32251	0.33792	24.2	13111	30
2025-5-17 10:33:11.348	WTBenchPress#5(CEA7A127C8E8)	-0.020	-1.030	0.010	0.000	0.000	0.000	-89.42	1.10	55.69	34.594	74.480	22.148	0.62509	-0.62524	-0.32251	0.33792	24.2	13111	30
2025-5-17 10:33:11.378	WTBenchPress#5(CEA7A127C8E8)	-0.020	-1.029	0.010	0.000	0.000	0.000	-89.42	1.10	55.69	34.594	74.480	22.148	0.62509	-0.62524	-0.32251	0.33792	24.2	13111	30
2025-5-17 10:33:11.378	WTBenchPress#5(CEA7A127C8E8)	-0.020	-1.030	0.010	0.000	0.000	0.000	-89.42	1.10	55.69	34.594	74.480	22.148	0.62509	-0.62524	-0.32251	0.33792	24.2	13111	30
2025-5-17 10:33:11.408	WTBenchPress#5(CEA7A127C8E8)	-0.020	-1.030	0.009	0.000	0.000	0.000	-89.42	1.10	55.69	34.594	74.480	22.148	0.62509	-0.62524	-0.32251	0.33792	24.2	13111	30
2025-5-17 10:33:11.408	WTBenchPress#5(CEA7A127C8E8)	-0.020	-1.030	0.010	0.000	0.000	0.000	-89.42	1.10	55.69	34.594	74.480	22.148	0.62509	-0.62524	-0.32251	0.33792	24.2	13111	30
2025-5-17 10:33:11.468	WTBenchPress#5(CEA7A127C8E8)	-0.020	-1.030	0.011	0.000	0.000	0.000	-89.42	1.10	55.69	34.594	74.480	22.148	0.62509	-0.62524	-0.32251	0.33792	24.2	13111	30
2025-5-17 10:33:11.468	WTBenchPress#5(CEA7A127C8E8)	-0.020	-1.030	0.011	0.000	0.000	0.000	-89.42	1.10	55.69	34.594	74.480	22.148	0.62509	-0.62524	-0.32251	0.33792	24.2	13111	30
2025-5-17 10:33:11.499	WTBenchPress#5(CEA7A127C8E8)	-0.020	-1.029	0.010	0.000	0.000	0.000	-89.42	1.10	55.69	34.594	74.480	22.148	0.62509	-0.62524	-0.32251	0.33792	24.2	13111	30
2025-5-17 10:33:11.500	WTBenchPress#5(CEA7A127C8E8)	-0.020	-1.030	0.010	0.000	0.000	0.000	-89.42	1.10	55.69	34.594	74.480	22.148	0.62509	-0.62524	-0.32251	0.33792	24.2	13111	30
2025-5-17 10:33:11.529	WTBenchPress#5(CEA7A127C8E8)	-0.020	-1.030	0.010	0.000	0.000	0.000	-89.42	1.10	55.69	34.594	74.480	22.148	0.62509	-0.62524	-0.32251	0.33792	24.2	13111	30
2025-5-17 10:33:11.529	WTBenchPress#5(CEA7A127C8E8)	-0.020	-1.030	0.011	0.000	0.000	0.000	-89.42	1.10	55.69	34.594	74.480	22.148	0.62509	-0.62524	-0.32251	0.33792	24.2	13111	30
2025-5-17 10:33:11.588	WTBenchPress#5(CEA7A127C8E8)	-0.020	-1.030	0.009	0.000	0.000	0.000	-89.42	1.10	55.69	34.594	74.480	22.148	0.62509	-0.62524	-0.32251	0.33792	24.2	13111	30
2025-5-17 10:33:11.588	WTBenchPress#5(CEA7A127C8E8)	-0.020	-1.030	0.010	0.000	0.000	0.000	-89.42	1.10	55.69	34.594	74.480	22.148	0.62509	-0.62524	-0.32251	0.33792	24.2	13111	30
2025-5-17 10:33:11.618	WTBenchPress#5(CEA7A127C8E8)	-0.020	-1.030	0.010	0.000	0.000	0.000	-89.42	1.10	55.69	34.594	74.480	22.148	0.62509	-0.62524	-0.32251	0.33792	24.2	13111	30
2025-5-17 10:33:11.618	WTBenchPress#5(CEA7A127C8E8)	-0.020	-1.029	0.010	0.000	0.000	0.000	-89.42	1.10	55.69	34.594	74.480	22.148	0.62509	-0.62524	-0.32251	0.33792	24.2	13111	30
2025-5-17 10:33:11.648	WTBenchPress#5(CEA7A127C8E8)	-0.020	-1.030	0.010	0.000	0.000	0.000	-89.42	1.10	55.69	34.594	74.480	22.148	0.62509	-0.62524	-0.32251	0.33792	24.2	13111	30
2025-5-17 10:33:11.648	WTBenchPress#5(CEA7A127C8E8)	-0.020	-1.030	0.010	0.000	0.000	0.000	-89.42	1.10	55.69	34.594	74.480	22.148	0.62509	-0.62524	-0.32251	0.33792	24.2	13111	30
2025-5-17 10:33:11.709	WTBenchPress#5(CEA7A127C8E8)	-0.020	-1.030	0.010	0.000	0.000	0.000	-89.42	1.10	55.69	34.594	74.480	22.148	0.62509	-0.62524	-0.32251	0.33792	24.2	13111	30
2025-5-17 10:33:11.709	WTBenchPress#5(CEA7A127C8E8)	-0.020	-1.030	0.010	0.000	0.000	0.000	-89.42	1.10	55.69	34.594	74.480	22.148	0.62509	-0.62524	-0.32251	0.33792	24.2	13111	30
2025-5-17 10:33:11.739	WTBenchPress#5(CEA7A127C8E8)	-0.020	-1.030	0.009	0.000	0.000	0.000	-89.42	1.10	55.69	34.594	74.480	22.148	0.62509	-0.62524	-0.32251	0.33792	24.2	13111	30
2025-5-17 10:33:11.739	WTBenchPress#5(CEA7A127C8E8)	-0.020	-1.030	0.010	0.000	0.000	0.000	-89.42	1.10	55.69	34.496	74.578	22.246	0.62509	-0.62524	-0.32251	0.33792	24.2	13111	30
2025-5-17 10:33:11.768	WTBenchPress#5(CEA7A127C8E8)	-0.020	-1.030	0.011	0.000	0.000	0.000	-89.42	1.10	55.69	34.496	74.578	22.246	0.62509	-0.62524	-0.32251	0.33792	24.2	13111	30
2025-5-17 10:33:11.768	WTBenchPress#5(CEA7A127C8E8)	-0.020	-1.030	0.011	0.000	0.000	0.000	-89.42	1.10	55.69	34.496	74.578	22.246	0.62509	-0.62524	-0.32251	0.33792	24.2	13111	30
2025-5-17 10:33:11.828	WTBenchPress#5(CEA7A127C8E8)	-0.020	-1.030	0.010	0.000	0.000	0.000	-89.42	1.10	55.69	34.496	74.578	22.246	0.62509	-0.62524	-0.32251	0.33792	24.2	13111	30
2025-5-17 10:33:11.828	WTBenchPress#5(CEA7A127C8E8)	-0.020	-1.030	0.011	0.000	0.000	0.000	-89.42	1.10	55.69	34.496	74.578	22.246	0.62509	-0.62524	-0.32251	0.33792	24.2	13111	30
2025-5-17 10:33:11.858	WTBenchPress#5(CEA7A127C8E8)	-0.020	-1.029	0.010	0.000	0.000	0.000	-89.42	1.10	55.69	34.496	74.578	22.246	0.62509	-0.62524	-0.32251	0.33792	24.2	13111	30
2025-5-17 10:33:11.858	WTBenchPress#5(CEA7A127C8E8)	-0.020	-1.030	0.010	0.000	0.000	0.000	-89.42	1.10	55.69	34.496	74.578	22.246	0.62509	-0.62524	-0.32251	0.33792	24.2	13111	30
2025-5-17 10:33:11.889	WTBenchPress#5(CEA7A127C8E8)	-0.019	-1.030	0.010	0.000	0.000	0.000	-89.42	1.10	55.69	34.496	74.578	22.246	0.62509	-0.62524	-0.32251	0.33792	24.2	13111	30
2025-5-17 10:33:11.889	WTBenchPress#5(CEA7A127C8E8)	-0.020	-1.030	0.010	0.000	0.000	0.000	-89.42	1.10	55.69	34.496	74.578	22.246	0.62509	-0.62524	-0.32251	0.33792	24.2	13111	30
2025-5-17 10:33:11.948	WTBenchPress#5(CEA7A127C8E8)	-0.020	-1.030	0.010	0.000	0.000	0.000	-89.42	1.10	55.69	34.496	74.578	22.246	0.62509	-0.62524	-0.32251	0.33792	24.2	13111	30
2025-5-17 10:33:11.948	WTBenchPress#5(CEA7A127C8E8)	-0.020	-1.030	0.011	0.000	0.000	0.000	-89.42	1.10	55.69	34.496	74.578	22.246	0.62509	-0.62524	-0.32251	0.33792	24.2	13111	30
2025-5-17 10:33:11.978	WTBenchPress#5(CEA7A127C8E8)	-0.020	-1.030	0.010	0.000	0.000	0.000	-89.42	1.10	55.69	34.496	74.578	22.246	0.62509	-0.62524	-0.32251	0.33792	24.2	13111	30
2025-5-17 10:33:11.978	WTBenchPress#5(CEA7A127C8E8)	-0.020	-1.030	0.009	0.000	0.000	0.000	-89.42	1.10	55.69	34.496	74.578	22.246	0.62509	-0.62524	-0.32251	0.33792	24.2	13111	30
2025-5-17 10:33:12.8	WTBenchPress#5(CEA7A127C8E8)	-0.020	-1.030	0.010	0.000	0.000	0.000	-89.42	1.10	55.69	34.496	74.578	22.246	0.62509	-0.62524	-0.32251	0.33792	24.2	13111	30
2025-5-17 10:33:12.8	WTBenchPress#5(CEA7A127C8E8)	-0.020	-1.030	0.010	0.000	0.000	0.000	-89.42	1.10	55.69	34.496	74.578	22.246	0.62509	-0.62524	-0.32251	0.33792	24.2	13111	30
2025-5-17 10:33:12.68	WTBenchPress#5(CEA7A127C8E8)	-0.020	-1.030	0.010	0.000	0.000	0.000	-89.42	1.10	55.69	34.496	74.578	22.246	0.62509	-0.62524	-0.32251	0.33792	24.2	13111	30
2025-5-17 10:33:12.68	WTBenchPress#5(CEA7A127C8E8)	-0.019	-1.030	0.010	0.000	0.000	0.000	-89.42	1.10	55.69	34.496	74.578	22.246	0.62509	-0.62524	-0.32251	0.33792	24.2	13111	30
2025-5-17 10:33:12.99	WTBenchPress#5(CEA7A127C8E8)	-0.020	-1.030	0.011	0.000	0.000	0.000	-89.42	1.10	55.69	34.496	74.578	22.246	0.62509	-0.62524	-0.32251	0.33792	24.2	13111	30
2025-5-17 10:33:12.99	WTBenchPress#5(CEA7A127C8E8)	-0.020	-1.030	0.011	0.000	0.000	0.000	-89.42	1.10	55.69	34.496	74.578	22.246	0.62509	-0.62524	-0.32251	0.33792	24.2	13111	30
2025-5-17 10:33:12.128	WTBenchPress#5(CEA7A127C8E8)	-0.020	-1.030	0.010	0.000	0.000	0.000	-89.42	1.10	55.69	34.496	74.578	22.246	0.62509	-0.62524	-0.32251	0.33792	24.2	13111	30
2025-5-17 10:33:12.128	WTBenchPress#5(CEA7A127C8E8)	-0.020	-1.029	0.010	0.000	0.000	0.000	-89.42	1.10	55.69	34.496	74.578	22.148	0.62509	-0.62524	-0.32251	0.33792	24.2	13111	30
2025-5-17 10:33:12.188	WTBenchPress#5(CEA7A127C8E8)	-0.020	-1.030	0.010	0.000	0.000	0.000	-89.42	1.10	55.69	34.496	74.578	22.148	0.62509	-0.62524	-0.32251	0.33792	24.2	13111	30
2025-5-17 10:33:12.188	WTBenchPress#5(CEA7A127C8E8)	-0.020	-1.030	0.009	0.000	0.000	0.000	-89.42	1.10	55.69	34.496	74.578	22.148	0.62509	-0.62524	-0.32251	0.33792	24.2	13111	30
2025-5-17 10:33:12.218	WTBenchPress#5(CEA7A127C8E8)	-0.021	-1.030	0.011	0.000	0.000	0.000	-89.42	1.10	55.69	34.496	74.578	22.148	0.62509	-0.62524	-0.32251	0.33792	24.2	13111	30
2025-5-17 10:33:12.218	WTBenchPress#5(CEA7A127C8E8)	-0.020	-1.030	0.010	0.000	0.000	0.000	-89.42	1.10	55.69	34.496	74.578	22.148	0.62509	-0.62524	-0.32251	0.33792	24.2	13111	30
2025-5-17 10:33:12.278	WTBenchPress#5(CEA7A127C8E8)	-0.021	-1.030	0.010	0.000	0.000	0.000	-89.42	1.10	55.69	34.496	74.578	22.148	0.62509	-0.62524	-0.32251	0.33792	24.2	13111	30
2025-5-17 10:33:12.278	WTBenchPress#5(CEA7A127C8E8)	-0.020	-1.030	0.011	0.000	0.000	0.000	-89.42	1.10	55.69	34.496	74.578	22.148	0.62509	-0.62524	-0.32251	0.33792	24.2	13111	30
2025-5-17 10:33:12.309	WTBenchPress#5(CEA7A127C8E8)	-0.019	-1.030	0.010	0.000	0.000	0.000	-89.42	1.10	55.69	34.496	74.578	22.148	0.62509	-0.62524	-0.32251	0.33792	24.2	13111	30
2025-5-17 10:33:12.309	WTBenchPress#5(CEA7A127C8E8)	-0.020	-1.030	0.010	0.000	0.000	0.000	-89.42	1.10	55.69	34.496	74.578	22.148	0.62509	-0.62524	-0.32251	0.33792	24.2	13111	30
2025-5-17 10:33:12.338	WTBenchPress#5(CEA7A127C8E8)	-0.020	-1.030	0.010	0.000	0.000	0.000	-89.42	1.10	55.69	34.496	74.578	22.148	0.62509	-0.62524	-0.32251	0.33792	24.2	13111	30
2025-5-17 10:33:12.338	WTBenchPress#5(CEA7A127C8E8)	-0.020	-1.030	0.010	0.000	0.000	0.000	-89.42	1.10	55.69	34.496	74.578	22.148	0.62509	-0.62524	-0.32251	0.33792	24.2	13111	30
2025-5-17 10:33:12.428	WTBenchPress#5(CEA7A127C8E8)	-0.020	-1.030	0.010	0.000	0.000	0.000	-89.42	1.10	55.69	34.496	74.578	22.148	0.62509	-0.62524	-0.32251	0.33792	24.2	13111	30
2025-5-17 10:33:12.428	WTBenchPress#5(CEA7A127C8E8)	-0.020	-1.030	0.010	0.000	0.000	0.000	-89.42	1.10	55.69	34.496	74.578	22.148	0.62509	-0.62524	-0.32251	0.33792	24.2	13111	30
2025-5-17 10:33:12.429	WTBenchPress#5(CEA7A127C8E8)	-0.020	-1.030	0.010	0.000	0.000	0.000	-89.42	1.10	55.69	34.496	74.578	22.148	0.62509	-0.62524	-0.32251	0.33792	24.2	13111	30
2025-5-17 10:33:12.429	WTBenchPress#5(CEA7A127C8E8)	-0.020	-1.030	0.010	0.000	0.000	0.000	-89.42	1.10	55.69	34.496	74.578	22.148	0.62509	-0.62524	-0.32251	0.33792	24.2	13111	30
2025-5-17 10:33:12.458	WTBenchPress#5(CEA7A127C8E8)	-0.021	-1.030	0.011	0.000	0.000	0.000	-89.42	1.10	55.69	34.496	74.578	22.148	0.62509	-0.62524	-0.32251	0.33792	24.2	13111	30
2025-5-17 10:33:12.458	WTBenchPress#5(CEA7A127C8E8)	-0.020	-1.030	0.010	0.000	0.000	0.000	-89.42	1.10	55.69	34.496	74.578	22.148	0.62509	-0.62524	-0.32251	0.33792	24.2	13111	30
2025-5-17 10:33:12.519	WTBenchPress#5(CEA7A127C8E8)	-0.019	-1.030	0.011	0.000	0.000	0.000	-89.42	1.10	55.69	34.496	74.578	22.148	0.62509	-0.62524	-0.32251	0.33792	24.2	13111	30
2025-5-17 10:33:12.519	WTBenchPress#5(CEA7A127C8E8)	-0.019	-1.030	0.010	0.000	0.000	0.000	-89.42	1.10	55.69	34.496	74.578	22.148	0.62509	-0.62524	-0.32251	0.33792	24.2	13111	30
2025-5-17 10:33:12.548	WTBenchPress#5(CEA7A127C8E8)	-0.020	-1.029	0.010	0.000	0.000	0.000	-89.42	1.10	55.69	34.496	74.578	22.148	0.62509	-0.62524	-0.32251	0.33792	24.2	13111	30
2025-5-17 10:33:12.548	WTBenchPress#5(CEA7A127C8E8)	-0.020	-1.029	0.010	0.000	0.000	0.000	-89.42	1.10	55.69	34.594	74.578	22.246	0.62509	-0.62524	-0.32251	0.33792	24.2	13111	30
2025-5-17 10:33:12.579	WTBenchPress#5(CEA7A127C8E8)	-0.020	-1.030	0.010	0.000	0.000	0.000	-89.42	1.10	55.69	34.594	74.578	22.246	0.62509	-0.62524	-0.32251	0.33792	24.2	13111	30
2025-5-17 10:33:12.579	WTBenchPress#5(CEA7A127C8E8)	-0.020	-1.029	0.010	0.000	0.000	0.000	-89.42	1.10	55.69	34.594	74.578	22.246	0.62509	-0.62524	-0.32251	0.33792	24.2	13111	30
2025-5-17 10:33:12.638	WTBenchPress#5(CEA7A127C8E8)	-0.020	-1.030	0.010	0.000	0.000	0.000	-89.42	1.10	55.69	34.594	74.578	22.246	0.62509	-0.62524	-0.32251	0.33792	24.2	13111	30
2025-5-17 10:33:12.638	WTBenchPress#5(CEA7A127C8E8)	-0.020	-1.030	0.010	0.000	0.000	0.000	-89.42	1.10	55.69	34.594	74.578	22.246	0.62509	-0.62524	-0.32251	0.33792	24.2	13111	30
2025-5-17 10:33:12.668	WTBenchPress#5(CEA7A127C8E8)	-0.020	-1.030	0.010	0.000	0.000	0.000	-89.42	1.10	55.69	34.594	74.578	22.246	0.62509	-0.62524	-0.32251	0.33792	24.2	13111	30
2025-5-17 10:33:12.668	WTBenchPress#5(CEA7A127C8E8)	-0.020	-1.030	0.010	0.000	0.000	0.000	-89.42	1.10	55.69	34.594	74.578	22.246	0.62509	-0.62524	-0.32251	0.33792	24.2	13111	30
2025-5-17 10:33:12.699	WTBenchPress#5(CEA7A127C8E8)	-0.020	-1.030	0.010	0.000	0.000	0.000	-89.42	1.10	55.69	34.594	74.578	22.246	0.62509	-0.62524	-0.32251	0.33792	24.2	13111	30
2025-5-17 10:33:12.699	WTBenchPress#5(CEA7A127C8E8)	-0.020	-1.030	0.010	0.000	0.000	0.000	-89.42	1.10	55.69	34.594	74.578	22.246	0.62509	-0.62524	-0.32251	0.33792	24.2	13111	30
2025-5-17 10:33:12.758	WTBenchPress#5(CEA7A127C8E8)	-0.020	-1.030	0.010	0.000	0.000	0.000	-89.42	1.10	55.69	34.594	74.578	22.246	0.62512	-0.62524	-0.32251	0.33792	24.2	13111	30
2025-5-17 10:33:12.758	WTBenchPress#5(CEA7A127C8E8)	-0.020	-1.030	0.009	0.000	0.000	0.000	-89.42	1.10	55.69	34.594	74.578	22.246	0.62512	-0.62524	-0.32251	0.33792	24.2	13111	30
2025-5-17 10:33:12.788	WTBenchPress#5(CEA7A127C8E8)	-0.020	-1.030	0.010	0.000	0.000	0.000	-89.42	1.10	55.69	34.594	74.578	22.246	0.62512	-0.62524	-0.32251	0.33792	24.2	13111	30
2025-5-17 10:33:12.788	WTBenchPress#5(CEA7A127C8E8)	-0.020	-1.030	0.010	0.000	0.000	0.000	-89.42	1.10	55.69	34.594	74.578	22.246	0.62512	-0.62524	-0.32251	0.33792	24.2	13111	30
2025-5-17 10:33:12.818	WTBenchPress#5(CEA7A127C8E8)	-0.020	-1.030	0.010	0.000	0.000	0.000	-89.42	1.10	55.69	34.594	74.578	22.246	0.62512	-0.62524	-0.32251	0.33792	24.2	13111	30
2025-5-17 10:33:12.818	WTBenchPress#5(CEA7A127C8E8)	-0.020	-1.030	0.010	0.000	0.000	0.000	-89.42	1.10	55.69	34.594	74.578	22.246	0.62512	-0.62524	-0.32251	0.33792	24.2	13111	30
2025-5-17 10:33:12.878	WTBenchPress#5(CEA7A127C8E8)	-0.020	-1.030	0.010	0.000	0.000	0.000	-89.42	1.10	55.69	34.594	74.578	22.246	0.62512	-0.62524	-0.32251	0.33792	24.2	13111	30
2025-5-17 10:33:12.878	WTBenchPress#5(CEA7A127C8E8)	-0.020	-1.030	0.010	0.000	0.000	0.000	-89.42	1.10	55.69	34.594	74.578	22.246	0.62512	-0.62524	-0.32251	0.33792	24.2	13111	30
2025-5-17 10:33:12.909	WTBenchPress#5(CEA7A127C8E8)	-0.020	-1.030	0.009	0.000	0.000	0.000	-89.42	1.10	55.69	34.594	74.578	22.246	0.62512	-0.62524	-0.32251	0.33792	24.2	13111	30
2025-5-17 10:33:12.909	WTBenchPress#5(CEA7A127C8E8)	-0.020	-1.030	0.010	0.000	0.000	0.000	-89.42	1.10	55.69	34.594	74.578	22.246	0.62512	-0.62524	-0.32251	0.33792	24.2	13111	30
2025-5-17 10:33:12.938	WTBenchPress#5(CEA7A127C8E8)	-0.020	-1.030	0.011	0.000	0.000	0.000	-89.42	1.10	55.69	34.594	74.578	22.246	0.62512	-0.62524	-0.32251	0.33792	24.2	13111	30
2025-5-17 10:33:12.938	WTBenchPress#5(CEA7A127C8E8)	-0.019	-1.030	0.010	0.000	0.000	0.000	-89.42	1.10	55.69	34.594	74.578	22.148	0.62512	-0.62524	-0.32251	0.33792	24.2	13111	30
2025-5-17 10:33:12.999	WTBenchPress#5(CEA7A127C8E8)	-0.020	-1.030	0.010	0.000	0.000	0.000	-89.42	1.10	55.69	34.594	74.578	22.148	0.62512	-0.62524	-0.32251	0.33792	24.2	13111	30
2025-5-17 10:33:12.999	WTBenchPress#5(CEA7A127C8E8)	-0.020	-1.031	0.010	0.000	0.000	0.000	-89.42	1.10	55.69	34.594	74.578	22.148	0.62512	-0.62524	-0.32251	0.33792	24.2	13111	30
2025-5-17 10:33:13.28	WTBenchPress#5(CEA7A127C8E8)	-0.020	-1.030	0.010	0.000	0.000	0.000	-89.42	1.10	55.69	34.594	74.578	22.148	0.62512	-0.62524	-0.32251	0.33792	24.2	13111	30
2025-5-17 10:33:13.28	WTBenchPress#5(CEA7A127C8E8)	-0.020	-1.030	0.010	0.000	0.000	0.000	-89.42	1.10	55.69	34.594	74.578	22.148	0.62512	-0.62524	-0.32251	0.33792	24.2	13111	30
2025-5-17 10:33:13.58	WTBenchPress#5(CEA7A127C8E8)	-0.020	-1.030	0.011	0.000	0.000	0.000	-89.42	1.10	55.69	34.594	74.578	22.148	0.62512	-0.62524	-0.32251	0.33792	24.2	13111	30
2025-5-17 10:33:13.58	WTBenchPress#5(CEA7A127C8E8)	-0.020	-1.030	0.010	0.000	0.000	0.000	-89.42	1.10	55.69	34.594	74.578	22.148	0.62512	-0.62524	-0.32251	0.33792	24.2	13111	30
2025-5-17 10:33:13.119	WTBenchPress#5(CEA7A127C8E8)	-0.020	-1.030	0.010	0.000	0.000	0.000	-89.42	1.10	55.69	34.594	74.578	22.148	0.62512	-0.62524	-0.32251	0.33792	24.2	13111	30
2025-5-17 10:33:13.119	WTBenchPress#5(CEA7A127C8E8)	-0.020	-1.030	0.010	0.000	0.000	0.000	-89.42	1.10	55.69	34.594	74.578	22.148	0.62512	-0.62524	-0.32251	0.33792	24.2	13111	30
2025-5-17 10:33:13.148	WTBenchPress#5(CEA7A127C8E8)	-0.019	-1.030	0.010	0.000	0.000	0.000	-89.42	1.10	55.69	34.594	74.578	22.148	0.62512	-0.62524	-0.32251	0.33792	24.2	13111	30
2025-5-17 10:33:13.148	WTBenchPress#5(CEA7A127C8E8)	-0.020	-1.030	0.011	0.000	0.000	0.000	-89.42	1.10	55.69	34.594	74.578	22.148	0.62512	-0.62524	-0.32251	0.33792	24.2	13111	30
2025-5-17 10:33:13.178	WTBenchPress#5(CEA7A127C8E8)	-0.020	-1.030	0.010	0.000	0.000	0.000	-89.42	1.10	55.69	34.594	74.578	22.148	0.62512	-0.62524	-0.32251	0.33792	24.2	13111	30
2025-5-17 10:33:13.178	WTBenchPress#5(CEA7A127C8E8)	-0.020	-1.030	0.010	0.000	0.000	0.000	-89.42	1.10	55.69	34.594	74.578	22.148	0.62512	-0.62524	-0.32251	0.33792	24.2	13111	30
2025-5-17 10:33:13.238	WTBenchPress#5(CEA7A127C8E8)	-0.020	-1.030	0.010	0.000	0.000	0.000	-89.42	1.10	55.69	34.594	74.578	22.148	0.62512	-0.62524	-0.32251	0.33792	24.2	13111	30
2025-5-17 10:33:13.238	WTBenchPress#5(CEA7A127C8E8)	-0.020	-1.030	0.011	0.000	0.000	0.000	-89.42	1.10	55.69	34.594	74.578	22.148	0.62512	-0.62524	-0.32251	0.33792	24.2	13111	30
2025-5-17 10:33:13.268	WTBenchPress#5(CEA7A127C8E8)	-0.020	-1.030	0.010	0.000	0.000	0.000	-89.42	1.10	55.69	34.594	74.578	22.148	0.62512	-0.62524	-0.32251	0.33792	24.2	13111	30
2025-5-17 10:33:13.269	WTBenchPress#5(CEA7A127C8E8)	-0.020	-1.030	0.010	0.000	0.000	0.000	-89.42	1.10	55.69	34.594	74.578	22.148	0.62512	-0.62524	-0.32251	0.33792	24.2	13111	30
2025-5-17 10:33:13.298	WTBenchPress#5(CEA7A127C8E8)	-0.020	-1.029	0.010	0.000	0.000	0.000	-89.42	1.10	55.69	34.594	74.578	22.148	0.62512	-0.62524	-0.32251	0.33792	24.2	13111	30
2025-5-17 10:33:13.299	WTBenchPress#5(CEA7A127C8E8)	-0.019	-1.030	0.010	0.000	0.000	0.000	-89.42	1.10	55.69	34.594	74.578	22.148	0.62512	-0.62524	-0.32251	0.33792	24.2	13111	30
2025-5-17 10:33:13.358	WTBenchPress#5(CEA7A127C8E8)	-0.020	-1.030	0.010	0.000	0.000	0.000	-89.42	1.10	55.69	34.594	74.578	22.148	0.62512	-0.62524	-0.32251	0.33792	24.2	13111	30
2025-5-17 10:33:13.358	WTBenchPress#5(CEA7A127C8E8)	-0.021	-1.030	0.010	0.000	0.000	0.000	-89.42	1.10	55.69	34.594	74.578	22.148	0.62512	-0.62524	-0.32251	0.33792	24.2	13111	30
2025-5-17 10:33:13.388	WTBenchPress#5(CEA7A127C8E8)	-0.020	-1.030	0.010	0.000	0.000	0.000	-89.42	1.10	55.69	34.496	74.578	22.148	0.62512	-0.62524	-0.32251	0.33792	24.2	13111	30
2025-5-17 10:33:13.388	WTBenchPress#5(CEA7A127C8E8)	-0.021	-1.030	0.010	0.000	0.000	0.000	-89.42	1.10	55.69	34.496	74.578	22.148	0.62512	-0.62524	-0.32251	0.33792	24.2	13111	30
2025-5-17 10:33:13.418	WTBenchPress#5(CEA7A127C8E8)	-0.020	-1.030	0.010	0.000	0.000	0.000	-89.42	1.10	55.69	34.496	74.578	22.148	0.62512	-0.62524	-0.32251	0.33792	24.2	13111	30
2025-5-17 10:33:13.418	WTBenchPress#5(CEA7A127C8E8)	-0.020	-1.030	0.010	0.000	0.000	0.000	-89.42	1.10	55.69	34.496	74.578	22.148	0.62512	-0.62524	-0.32251	0.33792	24.2	13111	30
2025-5-17 10:33:13.478	WTBenchPress#5(CEA7A127C8E8)	-0.020	-1.030	0.011	0.000	0.000	0.000	-89.42	1.10	55.69	34.496	74.578	22.148	0.62512	-0.62524	-0.32251	0.33792	24.2	13111	30
2025-5-17 10:33:13.478	WTBenchPress#5(CEA7A127C8E8)	-0.020	-1.030	0.010	0.000	0.000	0.000	-89.42	1.10	55.69	34.496	74.578	22.148	0.62512	-0.62524	-0.32251	0.33792	24.2	13111	30
2025-5-17 10:33:13.509	WTBenchPress#5(CEA7A127C8E8)	-0.020	-1.031	0.009	0.000	0.000	0.000	-89.42	1.10	55.69	34.496	74.578	22.148	0.62512	-0.62524	-0.32251	0.33792	24.2	13111	30
2025-5-17 10:33:13.509	WTBenchPress#5(CEA7A127C8E8)	-0.020	-1.030	0.011	0.000	0.000	0.000	-89.42	1.10	55.69	34.496	74.578	22.148	0.62512	-0.62524	-0.32251	0.33792	24.2	13111	30
2025-5-17 10:33:13.538	WTBenchPress#5(CEA7A127C8E8)	-0.021	-1.030	0.011	0.000	0.000	0.000	-89.42	1.10	55.69	34.496	74.578	22.148	0.62512	-0.62524	-0.32251	0.33792	24.2	13111	30
2025-5-17 10:33:13.538	WTBenchPress#5(CEA7A127C8E8)	-0.020	-1.030	0.010	0.000	0.000	0.000	-89.42	1.10	55.69	34.496	74.578	22.148	0.62512	-0.62524	-0.32251	0.33792	24.2	13111	30
2025-5-17 10:33:13.598	WTBenchPress#5(CEA7A127C8E8)	-0.020	-1.029	0.010	0.000	0.000	0.000	-89.42	1.10	55.69	34.496	74.578	22.148	0.62512	-0.62524	-0.32251	0.33792	24.2	13111	30
2025-5-17 10:33:13.599	WTBenchPress#5(CEA7A127C8E8)	-0.020	-1.030	0.010	0.000	0.000	0.000	-89.42	1.10	55.69	34.496	74.578	22.148	0.62512	-0.62524	-0.32251	0.33792	24.2	13111	30
2025-5-17 10:33:13.628	WTBenchPress#5(CEA7A127C8E8)	-0.020	-1.029	0.010	0.000	0.000	0.000	-89.42	1.10	55.69	34.496	74.578	22.148	0.62512	-0.62524	-0.32251	0.33792	24.2	13111	30
2025-5-17 10:33:13.628	WTBenchPress#5(CEA7A127C8E8)	-0.020	-1.030	0.010	0.000	0.000	0.000	-89.42	1.10	55.69	34.496	74.578	22.148	0.62512	-0.62524	-0.32251	0.33792	24.2	13111	30
2025-5-17 10:33:13.688	WTBenchPress#5(CEA7A127C8E8)	-0.021	-1.030	0.010	0.000	0.000	0.000	-89.42	1.10	55.69	34.496	74.578	22.148	0.62512	-0.62524	-0.32251	0.33792	24.2	13111	30
2025-5-17 10:33:13.688	WTBenchPress#5(CEA7A127C8E8)	-0.020	-1.030	0.010	0.000	0.000	0.000	-89.42	1.10	55.69	34.496	74.578	22.148	0.62512	-0.62524	-0.32251	0.33792	24.2	13111	30
2025-5-17 10:33:13.719	WTBenchPress#5(CEA7A127C8E8)	-0.019	-1.030	0.011	0.000	0.000	0.000	-89.42	1.10	55.69	34.496	74.578	22.148	0.62512	-0.62524	-0.32251	0.33792	24.2	13111	30
2025-5-17 10:33:13.719	WTBenchPress#5(CEA7A127C8E8)	-0.020	-1.030	0.011	0.000	0.000	0.000	-89.42	1.10	55.69	34.496	74.578	22.148	0.62512	-0.62524	-0.32251	0.33792	24.2	13111	30
2025-5-17 10:33:13.748	WTBenchPress#5(CEA7A127C8E8)	-0.020	-1.030	0.010	0.000	0.000	0.000	-89.42	1.10	55.69	34.496	74.578	22.148	0.62512	-0.62524	-0.32251	0.33792	24.2	13111	30
2025-5-17 10:33:13.748	WTBenchPress#5(CEA7A127C8E8)	-0.020	-1.030	0.010	0.000	0.000	0.000	-89.42	1.10	55.69	34.594	74.676	22.246	0.62512	-0.62524	-0.32251	0.33792	24.2	13111	30
2025-5-17 10:33:13.808	WTBenchPress#5(CEA7A127C8E8)	-0.020	-1.030	0.010	0.000	0.000	0.000	-89.42	1.10	55.69	34.594	74.676	22.246	0.62512	-0.62524	-0.32251	0.33792	24.2	13111	30
2025-5-17 10:33:13.808	WTBenchPress#5(CEA7A127C8E8)	-0.020	-1.030	0.010	0.000	0.000	0.000	-89.42	1.10	55.69	34.594	74.676	22.246	0.62512	-0.62524	-0.32251	0.33792	24.2	13111	30
2025-5-17 10:33:13.838	WTBenchPress#5(CEA7A127C8E8)	-0.020	-1.030	0.011	0.000	0.000	0.000	-89.42	1.10	55.69	34.594	74.676	22.246	0.62512	-0.62524	-0.32251	0.33792	24.2	13111	30
2025-5-17 10:33:13.838	WTBenchPress#5(CEA7A127C8E8)	-0.020	-1.030	0.010	0.000	0.000	0.000	-89.42	1.10	55.69	34.594	74.676	22.246	0.62512	-0.62524	-0.32251	0.33792	24.2	13111	30
2025-5-17 10:33:13.868	WTBenchPress#5(CEA7A127C8E8)	-0.020	-1.030	0.010	0.000	0.000	0.000	-89.42	1.10	55.69	34.594	74.676	22.246	0.62512	-0.62524	-0.32251	0.33792	24.2	13111	30
2025-5-17 10:33:13.868	WTBenchPress#5(CEA7A127C8E8)	-0.020	-1.030	0.010	0.000	0.000	0.000	-89.42	1.10	55.69	34.594	74.676	22.246	0.62512	-0.62524	-0.32251	0.33792	24.2	13111	30
2025-5-17 10:33:13.929	WTBenchPress#5(CEA7A127C8E8)	-0.020	-1.030	0.009	0.000	0.000	0.000	-89.42	1.11	55.69	34.594	74.676	22.246	0.62512	-0.62524	-0.32251	0.33792	24.2	13111	30
2025-5-17 10:33:13.930	WTBenchPress#5(CEA7A127C8E8)	-0.020	-1.030	0.010	0.000	0.000	0.000	-89.42	1.11	55.69	34.594	74.676	22.246	0.62512	-0.62524	-0.32251	0.33792	24.2	13111	30
2025-5-17 10:33:13.958	WTBenchPress#5(CEA7A127C8E8)	-0.020	-1.029	0.010	0.000	0.000	0.000	-89.42	1.11	55.69	34.594	74.676	22.246	0.62512	-0.62524	-0.32251	0.33792	24.2	13111	30
2025-5-17 10:33:13.958	WTBenchPress#5(CEA7A127C8E8)	-0.020	-1.029	0.010	0.000	0.000	0.000	-89.42	1.11	55.69	34.594	74.676	22.246	0.62509	-0.62524	-0.32251	0.33792	24.2	13111	30
2025-5-17 10:33:13.988	WTBenchPress#5(CEA7A127C8E8)	-0.020	-1.030	0.010	0.000	0.000	0.000	-89.42	1.11	55.69	34.594	74.676	22.246	0.62509	-0.62524	-0.32251	0.33792	24.2	13111	30
2025-5-17 10:33:13.988	WTBenchPress#5(CEA7A127C8E8)	-0.020	-1.030	0.010	0.000	0.000	0.000	-89.42	1.11	55.69	34.594	74.676	22.246	0.62509	-0.62524	-0.32251	0.33792	24.2	13111	30
2025-5-17 10:33:14.51	WTBenchPress#5(CEA7A127C8E8)	-0.020	-1.030	0.010	0.000	0.000	0.000	-89.42	1.11	55.69	34.594	74.676	22.246	0.62509	-0.62524	-0.32251	0.33792	24.2	13111	30
2025-5-17 10:33:14.51	WTBenchPress#5(CEA7A127C8E8)	-0.021	-1.030	0.009	0.000	0.000	0.000	-89.42	1.11	55.69	34.594	74.676	22.246	0.62509	-0.62524	-0.32251	0.33792	24.2	13111	30
2025-5-17 10:33:14.79	WTBenchPress#5(CEA7A127C8E8)	-0.020	-1.030	0.010	0.000	0.000	0.000	-89.42	1.11	55.69	34.594	74.676	22.246	0.62509	-0.62524	-0.32251	0.33792	24.2	13111	30
2025-5-17 10:33:14.79	WTBenchPress#5(CEA7A127C8E8)	-0.020	-1.030	0.010	0.000	0.000	0.000	-89.42	1.11	55.69	34.594	74.676	22.246	0.62509	-0.62524	-0.32251	0.33792	24.2	13111	30
2025-5-17 10:33:14.108	WTBenchPress#5(CEA7A127C8E8)	-0.020	-1.030	0.011	0.000	0.000	0.000	-89.42	1.11	55.69	34.594	74.676	22.246	0.62509	-0.62524	-0.32251	0.33792	24.2	13111	30
2025-5-17 10:33:14.108	WTBenchPress#5(CEA7A127C8E8)	-0.020	-1.030	0.010	0.000	0.000	0.000	-89.42	1.11	55.69	34.594	74.676	22.246	0.62509	-0.62524	-0.32251	0.33792	24.2	13111	30
2025-5-17 10:33:14.167	WTBenchPress#5(CEA7A127C8E8)	-0.020	-1.030	0.009	0.000	0.000	0.000	-89.42	1.11	55.69	34.594	74.676	22.246	0.62509	-0.62524	-0.32251	0.33792	24.2	13111	30
2025-5-17 10:33:14.167	WTBenchPress#5(CEA7A127C8E8)	-0.020	-1.030	0.010	0.000	0.000	0.000	-89.42	1.11	55.69	34.594	74.676	22.246	0.62509	-0.62524	-0.32251	0.33792	24.2	13111	30
2025-5-17 10:33:14.199	WTBenchPress#5(CEA7A127C8E8)	-0.020	-1.030	0.010	0.000	0.000	0.000	-89.42	1.11	55.69	34.594	74.578	22.148	0.62509	-0.62524	-0.32251	0.33792	24.2	13111	30
2025-5-17 10:33:14.200	WTBenchPress#5(CEA7A127C8E8)	-0.020	-1.031	0.010	0.000	0.000	0.000	-89.42	1.11	55.69	34.594	74.578	22.148	0.62509	-0.62524	-0.32251	0.33792	24.2	13111	30
2025-5-17 10:33:14.228	WTBenchPress#5(CEA7A127C8E8)	-0.020	-1.030	0.010	0.000	0.000	0.000	-89.42	1.11	55.69	34.594	74.578	22.148	0.62509	-0.62524	-0.32251	0.33792	24.2	13111	30
2025-5-17 10:33:14.228	WTBenchPress#5(CEA7A127C8E8)	-0.020	-1.030	0.010	0.000	0.000	0.000	-89.42	1.11	55.69	34.594	74.578	22.148	0.62509	-0.62524	-0.32251	0.33792	24.2	13111	30
2025-5-17 10:33:14.288	WTBenchPress#5(CEA7A127C8E8)	-0.021	-1.030	0.010	0.000	0.000	0.000	-89.42	1.11	55.69	34.594	74.578	22.148	0.62509	-0.62524	-0.32251	0.33792	24.2	13111	30
2025-5-17 10:33:14.288	WTBenchPress#5(CEA7A127C8E8)	-0.020	-1.030	0.010	0.000	0.000	0.000	-89.42	1.11	55.69	34.594	74.578	22.148	0.62509	-0.62524	-0.32251	0.33792	24.2	13111	30
2025-5-17 10:33:14.319	WTBenchPress#5(CEA7A127C8E8)	-0.020	-1.031	0.010	0.000	0.000	0.000	-89.42	1.11	55.69	34.594	74.578	22.148	0.62509	-0.62524	-0.32251	0.33792	24.2	13111	30
2025-5-17 10:33:14.319	WTBenchPress#5(CEA7A127C8E8)	-0.020	-1.030	0.010	0.000	0.000	0.000	-89.42	1.11	55.69	34.594	74.578	22.148	0.62509	-0.62524	-0.32251	0.33792	24.2	13111	30
2025-5-17 10:33:14.350	WTBenchPress#5(CEA7A127C8E8)	-0.020	-1.030	0.010	0.000	0.000	0.000	-89.42	1.11	55.69	34.594	74.578	22.148	0.62509	-0.62524	-0.32251	0.33792	24.2	13111	30
2025-5-17 10:33:14.351	WTBenchPress#5(CEA7A127C8E8)	-0.020	-1.030	0.010	0.000	0.000	0.000	-89.42	1.11	55.69	34.594	74.578	22.148	0.62509	-0.62524	-0.32251	0.33792	24.2	13111	30
2025-5-17 10:33:14.408	WTBenchPress#5(CEA7A127C8E8)	-0.020	-1.030	0.010	0.000	0.000	0.000	-89.42	1.11	55.69	34.594	74.578	22.148	0.62509	-0.62524	-0.32251	0.33792	24.2	13111	30
2025-5-17 10:33:14.408	WTBenchPress#5(CEA7A127C8E8)	-0.020	-1.030	0.010	0.000	0.000	0.000	-89.42	1.11	55.69	34.594	74.578	22.148	0.62509	-0.62524	-0.32251	0.33792	24.2	13111	30
2025-5-17 10:33:14.438	WTBenchPress#5(CEA7A127C8E8)	-0.020	-1.030	0.010	0.000	0.000	0.000	-89.42	1.11	55.69	34.594	74.578	22.148	0.62509	-0.62524	-0.32251	0.33792	24.2	13111	30
2025-5-17 10:33:14.438	WTBenchPress#5(CEA7A127C8E8)	-0.020	-1.030	0.010	0.000	0.000	0.000	-89.42	1.11	55.69	34.594	74.578	22.148	0.62509	-0.62524	-0.32251	0.33792	24.2	13111	30
2025-5-17 10:33:14.468	WTBenchPress#5(CEA7A127C8E8)	-0.020	-1.030	0.009	0.000	0.000	0.000	-89.42	1.11	55.69	34.594	74.578	22.148	0.62509	-0.62524	-0.32251	0.33792	24.2	13111	30
2025-5-17 10:33:14.468	WTBenchPress#5(CEA7A127C8E8)	-0.019	-1.030	0.010	0.000	0.000	0.000	-89.42	1.11	55.69	34.594	74.578	22.148	0.62509	-0.62524	-0.32251	0.33792	24.2	13111	30
2025-5-17 10:33:14.529	WTBenchPress#5(CEA7A127C8E8)	-0.020	-1.030	0.010	0.000	0.000	0.000	-89.42	1.11	55.69	34.594	74.578	22.148	0.62509	-0.62524	-0.32251	0.33792	24.2	13111	30
2025-5-17 10:33:14.529	WTBenchPress#5(CEA7A127C8E8)	-0.020	-1.030	0.010	0.000	0.000	0.000	-89.42	1.11	55.69	34.594	74.578	22.148	0.62509	-0.62524	-0.32251	0.33792	24.2	13111	30
2025-5-17 10:33:14.558	WTBenchPress#5(CEA7A127C8E8)	-0.021	-1.030	0.010	0.000	0.000	0.000	-89.42	1.11	55.69	34.594	74.578	22.148	0.62509	-0.62524	-0.32251	0.33792	24.2	13111	30
2025-5-17 10:33:14.559	WTBenchPress#5(CEA7A127C8E8)	-0.020	-1.030	0.010	0.000	0.000	0.000	-89.42	1.11	55.69	34.594	74.480	22.148	0.62509	-0.62524	-0.32251	0.33792	24.2	13111	30
2025-5-17 10:33:14.589	WTBenchPress#5(CEA7A127C8E8)	-0.020	-1.030	0.010	0.000	0.000	0.000	-89.42	1.11	55.69	34.594	74.480	22.148	0.62509	-0.62524	-0.32251	0.33792	24.2	13111	30
2025-5-17 10:33:14.590	WTBenchPress#5(CEA7A127C8E8)	-0.020	-1.029	0.011	0.000	0.000	0.000	-89.42	1.11	55.69	34.594	74.480	22.148	0.62509	-0.62524	-0.32251	0.33792	24.2	13111	30
2025-5-17 10:33:14.651	WTBenchPress#5(CEA7A127C8E8)	-0.020	-1.031	0.009	0.000	0.000	0.000	-89.42	1.11	55.69	34.594	74.480	22.148	0.62509	-0.62524	-0.32251	0.33792	24.2	13111	30
2025-5-17 10:33:14.651	WTBenchPress#5(CEA7A127C8E8)	-0.020	-1.030	0.010	0.000	0.000	0.000	-89.42	1.11	55.69	34.594	74.480	22.148	0.62509	-0.62524	-0.32251	0.33792	24.2	13111	30
2025-5-17 10:33:14.678	WTBenchPress#5(CEA7A127C8E8)	-0.020	-1.030	0.011	0.000	0.000	0.000	-89.42	1.11	55.69	34.594	74.480	22.148	0.62509	-0.62524	-0.32251	0.33792	24.2	13111	30
2025-5-17 10:33:14.678	WTBenchPress#5(CEA7A127C8E8)	-0.020	-1.030	0.010	0.000	0.000	0.000	-89.42	1.11	55.69	34.594	74.480	22.148	0.62509	-0.62524	-0.32251	0.33792	24.2	13111	30
2025-5-17 10:33:14.708	WTBenchPress#5(CEA7A127C8E8)	-0.020	-1.030	0.010	0.000	0.000	0.000	-89.42	1.11	55.69	34.594	74.480	22.148	0.62509	-0.62524	-0.32251	0.33792	24.2	13111	30
2025-5-17 10:33:14.708	WTBenchPress#5(CEA7A127C8E8)	-0.020	-1.030	0.010	0.000	0.000	0.000	-89.42	1.11	55.69	34.594	74.480	22.148	0.62509	-0.62524	-0.32251	0.33792	24.2	13111	30
2025-5-17 10:33:14.768	WTBenchPress#5(CEA7A127C8E8)	-0.020	-1.029	0.010	0.000	0.000	0.000	-89.42	1.11	55.69	34.594	74.480	22.148	0.62509	-0.62524	-0.32251	0.33792	24.2	13111	30
2025-5-17 10:33:14.768	WTBenchPress#5(CEA7A127C8E8)	-0.020	-1.030	0.010	0.000	0.000	0.000	-89.42	1.11	55.69	34.594	74.480	22.148	0.62509	-0.62524	-0.32251	0.33792	24.2	13111	30
2025-5-17 10:33:14.799	WTBenchPress#5(CEA7A127C8E8)	-0.020	-1.030	0.010	0.000	0.000	0.000	-89.42	1.11	55.69	34.594	74.480	22.148	0.62509	-0.62524	-0.32251	0.33792	24.2	13111	30
2025-5-17 10:33:14.800	WTBenchPress#5(CEA7A127C8E8)	-0.020	-1.030	0.010	0.000	0.000	0.000	-89.42	1.11	55.69	34.594	74.480	22.148	0.62509	-0.62524	-0.32251	0.33792	24.2	13111	30
2025-5-17 10:33:14.829	WTBenchPress#5(CEA7A127C8E8)	-0.020	-1.030	0.010	0.000	0.000	0.000	-89.42	1.11	55.69	34.594	74.480	22.148	0.62509	-0.62524	-0.32251	0.33792	24.2	13111	30
2025-5-17 10:33:14.829	WTBenchPress#5(CEA7A127C8E8)	-0.020	-1.030	0.010	0.000	0.000	0.000	-89.42	1.11	55.69	34.594	74.480	22.148	0.62509	-0.62524	-0.32251	0.33792	24.2	13111	30
2025-5-17 10:33:14.888	WTBenchPress#5(CEA7A127C8E8)	-0.020	-1.030	0.010	0.000	0.000	0.000	-89.42	1.11	55.69	34.594	74.480	22.148	0.62509	-0.62524	-0.32251	0.33792	24.2	13111	30
2025-5-17 10:33:14.888	WTBenchPress#5(CEA7A127C8E8)	-0.020	-1.029	0.010	0.000	0.000	0.000	-89.42	1.11	55.69	34.594	74.480	22.148	0.62509	-0.62524	-0.32251	0.33792	24.2	13111	30
2025-5-17 10:33:14.918	WTBenchPress#5(CEA7A127C8E8)	-0.020	-1.029	0.010	0.000	0.000	0.000	-89.42	1.11	55.69	34.594	74.480	22.148	0.62509	-0.62524	-0.32251	0.33792	24.2	13111	30
2025-5-17 10:33:14.918	WTBenchPress#5(CEA7A127C8E8)	-0.020	-1.030	0.010	0.000	0.000	0.000	-89.42	1.11	55.69	34.594	74.480	22.148	0.62509	-0.62524	-0.32251	0.33792	24.2	13111	30
2025-5-17 10:33:14.950	WTBenchPress#5(CEA7A127C8E8)	-0.020	-1.030	0.010	0.000	0.000	0.000	-89.42	1.11	55.69	34.594	74.480	22.148	0.62509	-0.62524	-0.32251	0.33792	24.2	13111	30
2025-5-17 10:33:14.950	WTBenchPress#5(CEA7A127C8E8)	-0.019	-1.030	0.009	0.000	0.000	0.000	-89.42	1.11	55.69	34.594	74.480	22.148	0.62509	-0.62524	-0.32251	0.33792	24.2	13111	30
2025-5-17 10:33:15.10	WTBenchPress#5(CEA7A127C8E8)	-0.020	-1.030	0.010	0.000	0.000	0.000	-89.42	1.11	55.69	34.594	74.578	22.148	0.62509	-0.62524	-0.32251	0.33792	24.2	13111	30
2025-5-17 10:33:15.10	WTBenchPress#5(CEA7A127C8E8)	-0.020	-1.030	0.010	0.000	0.000	0.000	-89.42	1.11	55.69	34.594	74.578	22.148	0.62509	-0.62524	-0.32251	0.33792	24.2	13111	30
2025-5-17 10:33:15.38	WTBenchPress#5(CEA7A127C8E8)	-0.021	-1.030	0.010	0.000	0.000	0.000	-89.42	1.11	55.69	34.594	74.578	22.148	0.62509	-0.62524	-0.32251	0.33792	24.2	13111	30
2025-5-17 10:33:15.38	WTBenchPress#5(CEA7A127C8E8)	-0.020	-1.029	0.010	0.000	0.000	0.000	-89.42	1.11	55.69	34.594	74.578	22.148	0.62509	-0.62524	-0.32251	0.33792	24.2	13111	30
2025-5-17 10:33:15.99	WTBenchPress#5(CEA7A127C8E8)	-0.020	-1.030	0.010	0.000	0.000	0.000	-89.42	1.11	55.69	34.594	74.578	22.148	0.62509	-0.62524	-0.32251	0.33792	24.2	13111	30
2025-5-17 10:33:15.99	WTBenchPress#5(CEA7A127C8E8)	-0.020	-1.030	0.009	0.000	0.000	0.000	-89.42	1.11	55.69	34.594	74.578	22.148	0.62509	-0.62524	-0.32251	0.33792	24.2	13111	30
2025-5-17 10:33:15.129	WTBenchPress#5(CEA7A127C8E8)	-0.020	-1.029	0.010	0.000	0.000	0.000	-89.43	1.11	55.69	34.594	74.578	22.148	0.62509	-0.62524	-0.32251	0.33792	24.2	13111	30
2025-5-17 10:33:15.129	WTBenchPress#5(CEA7A127C8E8)	-0.019	-1.030	0.009	0.000	0.000	0.000	-89.43	1.11	55.69	34.594	74.578	22.148	0.62509	-0.62524	-0.32251	0.33792	24.2	13111	30
2025-5-17 10:33:15.158	WTBenchPress#5(CEA7A127C8E8)	-0.021	-1.030	0.011	0.000	0.000	0.000	-89.43	1.11	55.69	34.594	74.578	22.148	0.62509	-0.62524	-0.32251	0.33792	24.2	13111	30
2025-5-17 10:33:15.158	WTBenchPress#5(CEA7A127C8E8)	-0.020	-1.030	0.010	0.000	0.000	0.000	-89.43	1.11	55.69	34.594	74.578	22.148	0.62509	-0.62527	-0.32251	0.33792	24.2	13111	30
2025-5-17 10:33:15.217	WTBenchPress#5(CEA7A127C8E8)	-0.019	-1.030	0.011	0.000	0.000	0.000	-89.43	1.11	55.69	34.594	74.578	22.148	0.62509	-0.62527	-0.32251	0.33792	24.2	13111	30
2025-5-17 10:33:15.218	WTBenchPress#5(CEA7A127C8E8)	-0.020	-1.030	0.010	0.000	0.000	0.000	-89.43	1.11	55.69	34.594	74.578	22.148	0.62509	-0.62527	-0.32251	0.33792	24.2	13111	30
2025-5-17 10:33:15.249	WTBenchPress#5(CEA7A127C8E8)	-0.020	-1.030	0.010	0.000	0.000	0.000	-89.43	1.11	55.69	34.594	74.578	22.148	0.62509	-0.62527	-0.32251	0.33792	24.2	13111	30
2025-5-17 10:33:15.249	WTBenchPress#5(CEA7A127C8E8)	-0.019	-1.030	0.010	0.000	0.000	0.000	-89.43	1.11	55.69	34.594	74.578	22.148	0.62509	-0.62527	-0.32251	0.33792	24.2	13111	30
2025-5-17 10:33:15.278	WTBenchPress#5(CEA7A127C8E8)	-0.020	-1.030	0.009	0.000	0.000	0.000	-89.43	1.11	55.69	34.594	74.578	22.148	0.62509	-0.62527	-0.32251	0.33792	24.2	13111	30
2025-5-17 10:33:15.278	WTBenchPress#5(CEA7A127C8E8)	-0.021	-1.029	0.010	0.000	0.000	0.000	-89.43	1.11	55.69	34.594	74.578	22.148	0.62509	-0.62527	-0.32251	0.33792	24.2	13111	30
2025-5-17 10:33:15.339	WTBenchPress#5(CEA7A127C8E8)	-0.020	-1.030	0.010	0.000	0.000	0.000	-89.43	1.11	55.69	34.594	74.578	22.148	0.62509	-0.62527	-0.32251	0.33792	24.2	13111	30
2025-5-17 10:33:15.339	WTBenchPress#5(CEA7A127C8E8)	-0.020	-1.030	0.010	0.000	0.000	0.000	-89.43	1.11	55.69	34.594	74.578	22.148	0.62509	-0.62527	-0.32251	0.33792	24.2	13111	30
2025-5-17 10:33:15.368	WTBenchPress#5(CEA7A127C8E8)	-0.020	-1.029	0.010	0.000	0.000	0.000	-89.43	1.11	55.69	34.594	74.578	22.148	0.62509	-0.62527	-0.32251	0.33792	24.2	13111	30
2025-5-17 10:33:15.368	WTBenchPress#5(CEA7A127C8E8)	-0.021	-1.030	0.010	0.000	0.000	0.000	-89.43	1.11	55.69	34.594	74.676	22.246	0.62509	-0.62527	-0.32251	0.33792	24.2	13111	30
2025-5-17 10:33:15.400	WTBenchPress#5(CEA7A127C8E8)	-0.019	-1.030	0.011	0.000	0.000	0.000	-89.43	1.11	55.69	34.594	74.676	22.246	0.62509	-0.62527	-0.32251	0.33792	24.2	13111	30
2025-5-17 10:33:15.400	WTBenchPress#5(CEA7A127C8E8)	-0.021	-1.030	0.010	0.000	0.000	0.000	-89.43	1.11	55.69	34.594	74.676	22.246	0.62509	-0.62527	-0.32251	0.33792	24.2	13111	30
2025-5-17 10:33:15.458	WTBenchPress#5(CEA7A127C8E8)	-0.020	-1.030	0.010	0.000	0.000	0.000	-89.43	1.11	55.69	34.594	74.676	22.246	0.62509	-0.62527	-0.32251	0.33792	24.2	13111	30
2025-5-17 10:33:15.458	WTBenchPress#5(CEA7A127C8E8)	-0.020	-1.030	0.010	0.000	0.000	0.000	-89.43	1.11	55.69	34.594	74.676	22.246	0.62509	-0.62527	-0.32251	0.33792	24.2	13111	30
2025-5-17 10:33:15.488	WTBenchPress#5(CEA7A127C8E8)	-0.020	-1.030	0.009	0.000	0.000	0.000	-89.43	1.11	55.69	34.594	74.676	22.246	0.62509	-0.62527	-0.32251	0.33792	24.2	13111	30
2025-5-17 10:33:15.488	WTBenchPress#5(CEA7A127C8E8)	-0.019	-1.031	0.010	0.000	0.000	0.000	-89.43	1.11	55.69	34.594	74.676	22.246	0.62509	-0.62527	-0.32251	0.33792	24.2	13111	30
2025-5-17 10:33:15.518	WTBenchPress#5(CEA7A127C8E8)	-0.020	-1.030	0.011	0.000	0.000	0.000	-89.43	1.11	55.69	34.594	74.676	22.246	0.62509	-0.62527	-0.32251	0.33792	24.2	13111	30
2025-5-17 10:33:15.518	WTBenchPress#5(CEA7A127C8E8)	-0.020	-1.030	0.012	0.000	0.000	0.000	-89.43	1.11	55.69	34.594	74.676	22.246	0.62509	-0.62527	-0.32251	0.33792	24.2	13111	30
2025-5-17 10:33:15.579	WTBenchPress#5(CEA7A127C8E8)	-0.020	-1.030	0.009	0.000	0.000	0.000	-89.43	1.11	55.69	34.594	74.676	22.246	0.62509	-0.62527	-0.32251	0.33792	24.2	13111	30
2025-5-17 10:33:15.579	WTBenchPress#5(CEA7A127C8E8)	-0.020	-1.030	0.009	0.000	0.000	0.000	-89.43	1.11	55.69	34.594	74.676	22.246	0.62509	-0.62527	-0.32251	0.33792	24.2	13111	30
2025-5-17 10:33:15.609	WTBenchPress#5(CEA7A127C8E8)	-0.020	-1.029	0.010	0.000	0.000	0.000	-89.43	1.11	55.69	34.594	74.676	22.246	0.62509	-0.62527	-0.32251	0.33792	24.2	13111	30
2025-5-17 10:33:15.609	WTBenchPress#5(CEA7A127C8E8)	-0.020	-1.030	0.011	0.000	0.000	0.000	-89.43	1.11	55.69	34.594	74.676	22.246	0.62509	-0.62527	-0.32251	0.33792	24.2	13111	30
2025-5-17 10:33:15.638	WTBenchPress#5(CEA7A127C8E8)	-0.020	-1.030	0.010	0.000	0.000	0.000	-89.43	1.11	55.69	34.594	74.676	22.246	0.62509	-0.62527	-0.32251	0.33792	24.2	13111	30
2025-5-17 10:33:15.638	WTBenchPress#5(CEA7A127C8E8)	-0.020	-1.030	0.010	0.000	0.000	0.000	-89.43	1.11	55.69	34.594	74.676	22.246	0.62509	-0.62527	-0.32251	0.33792	24.2	13111	30
2025-5-17 10:33:15.699	WTBenchPress#5(CEA7A127C8E8)	-0.020	-1.030	0.010	0.000	0.000	0.000	-89.43	1.11	55.69	34.594	74.676	22.246	0.62509	-0.62527	-0.32251	0.33792	24.2	13111	30
2025-5-17 10:33:15.699	WTBenchPress#5(CEA7A127C8E8)	-0.020	-1.030	0.010	0.000	0.000	0.000	-89.43	1.11	55.69	34.594	74.676	22.246	0.62509	-0.62527	-0.32251	0.33792	24.2	13111	30
2025-5-17 10:33:15.727	WTBenchPress#5(CEA7A127C8E8)	-0.020	-1.030	0.010	0.000	0.000	0.000	-89.43	1.11	55.69	34.594	74.676	22.246	0.62509	-0.62527	-0.32251	0.33792	24.2	13111	30
2025-5-17 10:33:15.728	WTBenchPress#5(CEA7A127C8E8)	-0.020	-1.030	0.009	0.000	0.000	0.000	-89.43	1.11	55.69	34.594	74.676	22.246	0.62509	-0.62527	-0.32251	0.33792	24.2	13111	30
2025-5-17 10:33:15.758	WTBenchPress#5(CEA7A127C8E8)	-0.019	-1.030	0.010	0.000	0.000	0.000	-89.43	1.11	55.69	34.594	74.676	22.246	0.62509	-0.62527	-0.32251	0.33792	24.2	13111	30
2025-5-17 10:33:15.758	WTBenchPress#5(CEA7A127C8E8)	-0.019	-1.030	0.010	0.000	0.000	0.000	-89.43	1.11	55.69	34.594	74.676	22.246	0.62509	-0.62527	-0.32251	0.33792	24.2	13111	30
2025-5-17 10:33:15.818	WTBenchPress#5(CEA7A127C8E8)	-0.020	-1.030	0.010	0.000	0.000	0.000	-89.43	1.11	55.69	34.692	74.676	22.050	0.62509	-0.62527	-0.32251	0.33792	24.2	13111	30
2025-5-17 10:33:15.818	WTBenchPress#5(CEA7A127C8E8)	-0.020	-1.029	0.010	0.000	0.000	0.000	-89.43	1.11	55.69	34.692	74.676	22.050	0.62509	-0.62527	-0.32251	0.33792	24.2	13111	30
2025-5-17 10:33:15.849	WTBenchPress#5(CEA7A127C8E8)	-0.020	-1.031	0.010	0.000	0.000	0.000	-89.43	1.11	55.69	34.692	74.676	22.050	0.62509	-0.62527	-0.32251	0.33792	24.2	13111	30
2025-5-17 10:33:15.849	WTBenchPress#5(CEA7A127C8E8)	-0.020	-1.030	0.010	0.000	0.000	0.000	-89.43	1.11	55.69	34.692	74.676	22.050	0.62509	-0.62527	-0.32251	0.33792	24.2	13111	30
2025-5-17 10:33:15.878	WTBenchPress#5(CEA7A127C8E8)	-0.020	-1.029	0.010	0.000	0.000	0.000	-89.43	1.11	55.69	34.692	74.676	22.050	0.62509	-0.62527	-0.32251	0.33792	24.2	13111	30
2025-5-17 10:33:15.878	WTBenchPress#5(CEA7A127C8E8)	-0.020	-1.030	0.010	0.000	0.000	0.000	-89.43	1.11	55.69	34.692	74.676	22.050	0.62509	-0.62527	-0.32251	0.33792	24.2	13111	30
2025-5-17 10:33:15.939	WTBenchPress#5(CEA7A127C8E8)	-0.020	-1.030	0.010	0.000	0.000	0.000	-89.43	1.11	55.69	34.692	74.676	22.050	0.62509	-0.62527	-0.32251	0.33792	24.2	13111	30
2025-5-17 10:33:15.939	WTBenchPress#5(CEA7A127C8E8)	-0.020	-1.030	0.010	0.000	0.000	0.000	-89.43	1.11	55.69	34.692	74.676	22.050	0.62509	-0.62527	-0.32251	0.33792	24.2	13111	30
2025-5-17 10:33:15.968	WTBenchPress#5(CEA7A127C8E8)	-0.019	-1.030	0.011	0.000	0.000	0.000	-89.43	1.11	55.69	34.692	74.676	22.050	0.62509	-0.62527	-0.32251	0.33792	24.2	13111	30
2025-5-17 10:33:15.968	WTBenchPress#5(CEA7A127C8E8)	-0.020	-1.030	0.009	0.000	0.000	0.000	-89.43	1.11	55.69	34.692	74.676	22.050	0.62509	-0.62527	-0.32251	0.33792	24.2	13111	30
2025-5-17 10:33:15.999	WTBenchPress#5(CEA7A127C8E8)	-0.021	-1.030	0.010	0.000	0.000	0.000	-89.43	1.11	55.69	34.692	74.676	22.050	0.62509	-0.62527	-0.32251	0.33792	24.2	13111	30
2025-5-17 10:33:16.0	WTBenchPress#5(CEA7A127C8E8)	-0.020	-1.030	0.010	0.000	0.000	0.000	-89.43	1.11	55.69	34.692	74.676	22.050	0.62509	-0.62527	-0.32251	0.33792	24.2	13111	30
2025-5-17 10:33:16.58	WTBenchPress#5(CEA7A127C8E8)	-0.020	-1.030	0.010	0.000	0.000	0.000	-89.43	1.11	55.69	34.692	74.676	22.050	0.62509	-0.62527	-0.32251	0.33792	24.2	13111	30
2025-5-17 10:33:16.58	WTBenchPress#5(CEA7A127C8E8)	-0.020	-1.030	0.010	0.000	0.000	0.000	-89.43	1.11	55.69	34.692	74.676	22.050	0.62509	-0.62527	-0.32251	0.33792	24.2	13111	30
2025-5-17 10:33:16.88	WTBenchPress#5(CEA7A127C8E8)	-0.020	-1.030	0.010	0.000	0.000	0.000	-89.43	1.11	55.69	34.692	74.676	22.050	0.62509	-0.62527	-0.32251	0.33792	24.2	13111	30
2025-5-17 10:33:16.88	WTBenchPress#5(CEA7A127C8E8)	-0.021	-1.030	0.010	0.000	0.000	0.000	-89.43	1.11	55.69	34.692	74.676	22.050	0.62509	-0.62527	-0.32251	0.33792	24.2	13111	30
2025-5-17 10:33:16.118	WTBenchPress#5(CEA7A127C8E8)	-0.021	-1.029	0.010	0.000	0.000	0.000	-89.43	1.11	55.69	34.692	74.676	22.050	0.62509	-0.62527	-0.32251	0.33792	24.2	13111	30
2025-5-17 10:33:16.118	WTBenchPress#5(CEA7A127C8E8)	-0.020	-1.030	0.011	0.000	0.000	0.000	-89.43	1.11	55.69	34.692	74.676	22.050	0.62509	-0.62527	-0.32251	0.33792	24.2	13111	30
2025-5-17 10:33:16.178	WTBenchPress#5(CEA7A127C8E8)	-0.020	-1.030	0.010	0.000	0.000	0.000	-89.43	1.11	55.69	34.692	74.676	22.050	0.62509	-0.62527	-0.32251	0.33792	24.2	13111	30
2025-5-17 10:33:16.179	WTBenchPress#5(CEA7A127C8E8)	-0.020	-1.030	0.010	0.000	0.000	0.000	-89.43	1.11	55.69	34.692	74.676	22.050	0.62509	-0.62527	-0.32251	0.33792	24.2	13111	30
2025-5-17 10:33:16.208	WTBenchPress#5(CEA7A127C8E8)	-0.020	-1.029	0.010	0.000	0.000	0.000	-89.43	1.11	55.69	34.594	74.676	22.148	0.62509	-0.62527	-0.32251	0.33792	24.2	13111	30
2025-5-17 10:33:16.208	WTBenchPress#5(CEA7A127C8E8)	-0.020	-1.030	0.010	0.000	0.000	0.000	-89.43	1.11	55.69	34.594	74.676	22.148	0.62509	-0.62527	-0.32251	0.33792	24.2	13111	30
2025-5-17 10:33:16.238	WTBenchPress#5(CEA7A127C8E8)	-0.020	-1.030	0.010	0.000	0.000	0.000	-89.43	1.11	55.69	34.594	74.676	22.148	0.62509	-0.62527	-0.32251	0.33792	24.2	13111	30
2025-5-17 10:33:16.238	WTBenchPress#5(CEA7A127C8E8)	-0.020	-1.030	0.010	0.000	0.000	0.000	-89.43	1.11	55.69	34.594	74.676	22.148	0.62509	-0.62527	-0.32251	0.33792	24.2	13111	30
2025-5-17 10:33:16.299	WTBenchPress#5(CEA7A127C8E8)	-0.020	-1.030	0.011	0.000	0.000	0.000	-89.43	1.11	55.69	34.594	74.676	22.148	0.62509	-0.62527	-0.32251	0.33792	24.2	13111	30
2025-5-17 10:33:16.299	WTBenchPress#5(CEA7A127C8E8)	-0.020	-1.030	0.010	0.000	0.000	0.000	-89.43	1.11	55.69	34.594	74.676	22.148	0.62509	-0.62527	-0.32251	0.33792	24.2	13111	30
2025-5-17 10:33:16.329	WTBenchPress#5(CEA7A127C8E8)	-0.021	-1.031	0.010	0.000	0.000	0.000	-89.43	1.11	55.69	34.594	74.676	22.148	0.62509	-0.62527	-0.32251	0.33792	24.2	13111	30
2025-5-17 10:33:16.329	WTBenchPress#5(CEA7A127C8E8)	-0.020	-1.029	0.010	0.000	0.000	0.000	-89.43	1.11	55.69	34.594	74.676	22.148	0.62509	-0.62527	-0.32251	0.33792	24.2	13111	30
2025-5-17 10:33:16.359	WTBenchPress#5(CEA7A127C8E8)	-0.020	-1.030	0.010	0.000	0.000	0.000	-89.43	1.11	55.69	34.594	74.676	22.148	0.62509	-0.62527	-0.32251	0.33792	24.2	13111	30
2025-5-17 10:33:16.359	WTBenchPress#5(CEA7A127C8E8)	-0.020	-1.030	0.010	0.000	0.000	0.000	-89.43	1.11	55.69	34.594	74.676	22.148	0.62509	-0.62527	-0.32251	0.33792	24.2	13111	30
2025-5-17 10:33:16.418	WTBenchPress#5(CEA7A127C8E8)	-0.020	-1.030	0.010	0.000	0.000	0.000	-89.43	1.11	55.69	34.594	74.676	22.148	0.62509	-0.62527	-0.32251	0.33792	24.2	13111	30
2025-5-17 10:33:16.419	WTBenchPress#5(CEA7A127C8E8)	-0.020	-1.031	0.010	0.000	0.000	0.000	-89.43	1.11	55.69	34.594	74.676	22.148	0.62509	-0.62527	-0.32251	0.33792	24.2	13111	30
2025-5-17 10:33:16.448	WTBenchPress#5(CEA7A127C8E8)	-0.020	-1.030	0.010	0.000	0.000	0.000	-89.43	1.11	55.69	34.594	74.676	22.148	0.62509	-0.62527	-0.32251	0.33792	24.2	13111	30
2025-5-17 10:33:16.448	WTBenchPress#5(CEA7A127C8E8)	-0.020	-1.030	0.010	0.000	0.000	0.000	-89.43	1.11	55.69	34.594	74.676	22.148	0.62509	-0.62527	-0.32251	0.33792	24.2	13111	30
2025-5-17 10:33:16.478	WTBenchPress#5(CEA7A127C8E8)	-0.020	-1.029	0.009	0.000	0.000	0.000	-89.43	1.11	55.69	34.594	74.676	22.148	0.62509	-0.62527	-0.32251	0.33792	24.2	13111	30
2025-5-17 10:33:16.478	WTBenchPress#5(CEA7A127C8E8)	-0.020	-1.030	0.010	0.000	0.000	0.000	-89.43	1.11	55.69	34.594	74.676	22.148	0.62509	-0.62527	-0.32251	0.33792	24.2	13111	30
2025-5-17 10:33:16.539	WTBenchPress#5(CEA7A127C8E8)	-0.020	-1.030	0.010	0.000	0.000	0.000	-89.43	1.11	55.69	34.594	74.676	22.148	0.62509	-0.62527	-0.32251	0.33792	24.2	13111	30
2025-5-17 10:33:16.539	WTBenchPress#5(CEA7A127C8E8)	-0.020	-1.030	0.011	0.000	0.000	0.000	-89.43	1.11	55.69	34.594	74.676	22.148	0.62509	-0.62527	-0.32251	0.33792	24.2	13111	30
2025-5-17 10:33:16.568	WTBenchPress#5(CEA7A127C8E8)	-0.020	-1.030	0.010	0.000	0.000	0.000	-89.43	1.11	55.69	34.594	74.676	22.148	0.62509	-0.62527	-0.32251	0.33792	24.2	13111	30
2025-5-17 10:33:16.568	WTBenchPress#5(CEA7A127C8E8)	-0.020	-1.030	0.011	0.000	0.000	0.000	-89.43	1.11	55.69	34.594	74.676	22.148	0.62509	-0.62527	-0.32251	0.33792	24.2	13111	30
2025-5-17 10:33:16.629	WTBenchPress#5(CEA7A127C8E8)	-0.020	-1.029	0.010	0.000	0.000	0.000	-89.43	1.11	55.69	34.692	74.676	22.148	0.62509	-0.62527	-0.32251	0.33792	24.2	13111	30
2025-5-17 10:33:16.630	WTBenchPress#5(CEA7A127C8E8)	-0.020	-1.030	0.009	0.000	0.000	0.000	-89.43	1.11	55.69	34.692	74.676	22.148	0.62509	-0.62527	-0.32251	0.33792	24.2	13111	30
2025-5-17 10:33:16.658	WTBenchPress#5(CEA7A127C8E8)	-0.020	-1.030	0.010	0.000	0.000	0.000	-89.43	1.11	55.69	34.692	74.676	22.148	0.62509	-0.62527	-0.32251	0.33792	24.2	13111	30
2025-5-17 10:33:16.658	WTBenchPress#5(CEA7A127C8E8)	-0.021	-1.030	0.011	0.000	0.000	0.000	-89.43	1.11	55.69	34.692	74.676	22.148	0.62509	-0.62527	-0.32251	0.33792	24.2	13111	30
2025-5-17 10:33:16.688	WTBenchPress#5(CEA7A127C8E8)	-0.020	-1.030	0.010	0.000	0.000	0.000	-89.43	1.11	55.69	34.692	74.676	22.148	0.62509	-0.62527	-0.32251	0.33792	24.2	13111	30
2025-5-17 10:33:16.688	WTBenchPress#5(CEA7A127C8E8)	-0.020	-1.030	0.010	0.000	0.000	0.000	-89.43	1.11	55.69	34.692	74.676	22.148	0.62509	-0.62527	-0.32251	0.33792	24.2	13111	30
2025-5-17 10:33:16.749	WTBenchPress#5(CEA7A127C8E8)	-0.020	-1.030	0.010	0.000	0.000	0.000	-89.43	1.11	55.69	34.692	74.676	22.148	0.62509	-0.62527	-0.32251	0.33792	24.2	13111	30
2025-5-17 10:33:16.749	WTBenchPress#5(CEA7A127C8E8)	-0.020	-1.030	0.010	0.000	0.000	0.000	-89.42	1.11	55.69	34.692	74.676	22.148	0.62509	-0.62527	-0.32251	0.33792	24.2	13111	30
2025-5-17 10:33:16.778	WTBenchPress#5(CEA7A127C8E8)	-0.020	-1.030	0.010	0.000	0.000	0.000	-89.42	1.11	55.69	34.692	74.676	22.148	0.62509	-0.62527	-0.32251	0.33792	24.2	13111	30
2025-5-17 10:33:16.778	WTBenchPress#5(CEA7A127C8E8)	-0.020	-1.030	0.010	0.000	0.000	0.000	-89.42	1.11	55.69	34.692	74.676	22.148	0.62509	-0.62524	-0.32251	0.33792	24.2	13111	30
2025-5-17 10:33:16.808	WTBenchPress#5(CEA7A127C8E8)	-0.020	-1.030	0.010	0.000	0.000	0.000	-89.42	1.11	55.69	34.692	74.676	22.148	0.62509	-0.62524	-0.32251	0.33792	24.2	13111	30
2025-5-17 10:33:16.808	WTBenchPress#5(CEA7A127C8E8)	-0.020	-1.030	0.009	0.000	0.000	0.000	-89.42	1.11	55.69	34.692	74.676	22.148	0.62509	-0.62524	-0.32251	0.33792	24.2	13111	30
2025-5-17 10:33:16.868	WTBenchPress#5(CEA7A127C8E8)	-0.021	-1.030	0.010	0.000	0.000	0.000	-89.42	1.11	55.69	34.692	74.676	22.148	0.62509	-0.62524	-0.32251	0.33792	24.2	13111	30
2025-5-17 10:33:16.868	WTBenchPress#5(CEA7A127C8E8)	-0.020	-1.029	0.011	0.000	0.000	0.000	-89.42	1.11	55.69	34.692	74.676	22.148	0.62509	-0.62524	-0.32251	0.33792	24.2	13111	30
2025-5-17 10:33:16.898	WTBenchPress#5(CEA7A127C8E8)	-0.020	-1.030	0.011	0.000	0.000	0.000	-89.42	1.11	55.69	34.692	74.676	22.148	0.62509	-0.62524	-0.32251	0.33792	24.2	13111	30
2025-5-17 10:33:16.898	WTBenchPress#5(CEA7A127C8E8)	-0.020	-1.030	0.010	0.000	0.000	0.000	-89.42	1.11	55.69	34.692	74.676	22.148	0.62509	-0.62524	-0.32251	0.33792	24.2	13111	30
2025-5-17 10:33:16.927	WTBenchPress#5(CEA7A127C8E8)	-0.020	-1.030	0.010	0.000	0.000	0.000	-89.42	1.11	55.69	34.692	74.676	22.148	0.62509	-0.62524	-0.32251	0.33792	24.2	13111	30
2025-5-17 10:33:16.928	WTBenchPress#5(CEA7A127C8E8)	-0.020	-1.029	0.010	0.000	0.000	0.000	-89.42	1.11	55.69	34.692	74.676	22.148	0.62509	-0.62524	-0.32251	0.33792	24.2	13111	30
2025-5-17 10:33:16.988	WTBenchPress#5(CEA7A127C8E8)	-0.020	-1.030	0.010	0.000	0.000	0.000	-89.42	1.11	55.69	34.692	74.676	22.148	0.62509	-0.62524	-0.32251	0.33792	24.2	13111	30
2025-5-17 10:33:16.988	WTBenchPress#5(CEA7A127C8E8)	-0.020	-1.030	0.010	0.000	0.000	0.000	-89.42	1.11	55.69	34.692	74.676	22.148	0.62509	-0.62524	-0.32251	0.33792	24.2	13111	30
2025-5-17 10:33:17.18	WTBenchPress#5(CEA7A127C8E8)	-0.020	-1.030	0.010	0.000	0.000	0.000	-89.42	1.11	55.69	34.594	74.676	22.148	0.62509	-0.62524	-0.32251	0.33792	24.2	13111	30
2025-5-17 10:33:17.18	WTBenchPress#5(CEA7A127C8E8)	-0.021	-1.030	0.010	0.000	0.000	0.000	-89.42	1.11	55.69	34.594	74.676	22.148	0.62509	-0.62524	-0.32251	0.33792	24.2	13111	30
2025-5-17 10:33:17.49	WTBenchPress#5(CEA7A127C8E8)	-0.020	-1.030	0.010	0.000	0.000	0.000	-89.42	1.11	55.69	34.594	74.676	22.148	0.62509	-0.62524	-0.32251	0.33792	24.2	13111	30
2025-5-17 10:33:17.50	WTBenchPress#5(CEA7A127C8E8)	-0.020	-1.031	0.010	0.000	0.000	0.000	-89.42	1.11	55.69	34.594	74.676	22.148	0.62509	-0.62524	-0.32251	0.33792	24.2	13111	30
