time	DeviceName	AccX(g)	AccY(g)	AccZ(g)	AsX(°/s)	AsY(°/s)	AsZ(°/s)	AngleX(°)	AngleY(°)	AngleZ(°)	HX(uT)	HY(uT)	HZ(uT)	Q0()	Q1()	Q2()	Q3()	Temperature(°C)	Version()	Battery level(%)
2025-5-11 11:12:48.969	WTBenchPress#5(CEA7A127C8E8)	0.044	-1.023	0.095	0.610	-0.305	0.000	-85.97	-2.79	129.45	7.056	19.110	-7.938	0.32721	-0.27496	-0.62408	0.65402	24.3	13111	100
2025-5-11 11:12:48.969	WTBenchPress#5(CEA7A127C8E8)	0.044	-1.026	0.098	-0.488	-0.366	0.000	-85.96	-2.79	129.46	7.056	19.110	-7.938	0.32721	-0.27496	-0.62408	0.65402	24.3	13111	100
2025-5-11 11:12:48.970	WTBenchPress#5(CEA7A127C8E8)	0.044	-1.024	0.097	-1.587	-0.366	-0.305	-85.98	-2.79	129.46	7.056	19.110	-7.938	0.32721	-0.27496	-0.62408	0.65402	24.3	13111	100
2025-5-11 11:12:48.970	WTBenchPress#5(CEA7A127C8E8)	0.045	-1.026	0.097	-2.319	-0.366	-0.244	-86.01	-2.79	129.47	7.056	19.110	-7.938	0.32721	-0.27496	-0.62408	0.65402	24.3	13111	100
2025-5-11 11:12:49.29	WTBenchPress#5(CEA7A127C8E8)	0.044	-1.026	0.094	-2.991	-0.366	-0.305	-86.06	-2.80	129.48	7.056	19.110	-7.938	0.32721	-0.27496	-0.62408	0.65402	24.3	13111	100
2025-5-11 11:12:49.30	WTBenchPress#5(CEA7A127C8E8)	0.045	-1.022	0.094	-3.296	-0.366	-0.305	-86.11	-2.80	129.48	7.056	19.110	-7.938	0.32721	-0.27496	-0.62408	0.65402	24.3	13111	100
2025-5-11 11:12:49.60	WTBenchPress#5(CEA7A127C8E8)	0.045	-1.017	0.091	-3.113	-0.366	-0.305	-86.15	-2.80	129.49	7.056	19.110	-7.938	0.32721	-0.27496	-0.62408	0.65402	24.3	13111	100
2025-5-11 11:12:49.61	WTBenchPress#5(CEA7A127C8E8)	0.046	-1.027	0.085	-2.136	-0.366	-0.244	-86.18	-2.80	129.50	7.056	19.110	-7.938	0.32721	-0.27496	-0.62408	0.65402	24.3	13111	100
2025-5-11 11:12:49.89	WTBenchPress#5(CEA7A127C8E8)	0.045	-1.031	0.086	-1.221	-0.305	-0.244	-86.19	-2.80	129.50	7.056	19.110	-7.938	0.32721	-0.27496	-0.62408	0.65402	24.3	13111	100
2025-5-11 11:12:49.90	WTBenchPress#5(CEA7A127C8E8)	0.045	-1.026	0.094	-0.671	-0.305	-0.122	-86.18	-2.80	129.50	7.056	18.914	-8.232	0.32721	-0.27496	-0.62408	0.65402	24.3	13111	100
2025-5-11 11:12:49.149	WTBenchPress#5(CEA7A127C8E8)	0.043	-1.022	0.099	-1.343	-0.305	-0.122	-86.19	-2.80	129.51	7.056	18.914	-8.232	0.32721	-0.27496	-0.62408	0.65402	24.3	13111	100
2025-5-11 11:12:49.150	WTBenchPress#5(CEA7A127C8E8)	0.043	-1.024	0.100	-2.991	-0.366	-0.244	-86.24	-2.80	129.51	7.056	18.914	-8.232	0.32721	-0.27496	-0.62408	0.65402	24.3	13111	100
2025-5-11 11:12:49.180	WTBenchPress#5(CEA7A127C8E8)	0.045	-1.022	0.103	-4.944	-0.427	-0.366	-86.31	-2.81	129.51	7.056	18.914	-8.232	0.32721	-0.27496	-0.62408	0.65402	24.3	13111	100
2025-5-11 11:12:49.180	WTBenchPress#5(CEA7A127C8E8)	0.046	-1.024	0.099	-6.348	-0.488	-0.488	-86.42	-2.81	129.51	7.056	18.914	-8.232	0.32721	-0.27496	-0.62408	0.65402	24.3	13111	100
2025-5-11 11:12:49.209	WTBenchPress#5(CEA7A127C8E8)	0.044	-1.021	0.089	-7.019	-0.488	-0.427	-86.54	-2.82	129.51	7.056	18.914	-8.232	0.32721	-0.27496	-0.62408	0.65402	24.3	13111	100
2025-5-11 11:12:49.209	WTBenchPress#5(CEA7A127C8E8)	0.045	-1.031	0.084	-5.737	-0.488	-0.305	-86.63	-2.82	129.51	7.056	18.914	-8.232	0.32721	-0.27496	-0.62408	0.65402	24.3	13111	100
2025-5-11 11:12:49.270	WTBenchPress#5(CEA7A127C8E8)	0.044	-1.021	0.078	-3.906	-0.488	-0.366	-86.69	-2.83	129.51	7.056	18.914	-8.232	0.32721	-0.27496	-0.62408	0.65402	24.3	13111	100
2025-5-11 11:12:49.271	WTBenchPress#5(CEA7A127C8E8)	0.045	-1.026	0.087	-1.221	-0.427	-0.244	-86.69	-2.83	129.51	7.056	18.914	-8.232	0.32721	-0.27496	-0.62408	0.65402	24.3	13111	100
2025-5-11 11:12:49.303	WTBenchPress#5(CEA7A127C8E8)	0.042	-1.028	0.097	-1.831	-0.427	-0.122	-86.70	-2.83	129.50	7.056	18.914	-8.232	0.32721	-0.27496	-0.62408	0.65402	24.3	13111	100
2025-5-11 11:12:49.304	WTBenchPress#5(CEA7A127C8E8)	0.042	-1.018	0.100	-3.296	-0.488	-0.183	-86.72	-2.83	129.49	7.056	18.914	-8.232	0.32535	-0.27670	-0.62860	0.64987	24.3	13111	100
2025-5-11 11:12:49.329	WTBenchPress#5(CEA7A127C8E8)	0.044	-1.018	0.096	-4.211	-0.549	-0.305	-86.77	-2.83	129.48	7.056	18.914	-8.232	0.32535	-0.27670	-0.62860	0.64987	24.3	13111	100
2025-5-11 11:12:49.329	WTBenchPress#5(CEA7A127C8E8)	0.044	-1.024	0.089	-4.456	-0.549	-0.427	-86.83	-2.83	129.47	7.056	18.914	-8.232	0.32535	-0.27670	-0.62860	0.64987	24.3	13111	100
2025-5-11 11:12:49.389	WTBenchPress#5(CEA7A127C8E8)	0.045	-1.027	0.085	-3.479	-0.549	-0.366	-86.89	-2.83	129.46	7.056	18.914	-8.232	0.32535	-0.27670	-0.62860	0.64987	24.3	13111	100
2025-5-11 11:12:49.389	WTBenchPress#5(CEA7A127C8E8)	0.045	-1.027	0.083	-1.587	-0.488	-0.183	-86.93	-2.84	129.46	7.056	18.914	-8.232	0.32535	-0.27670	-0.62860	0.64987	24.3	13111	100
2025-5-11 11:12:49.420	WTBenchPress#5(CEA7A127C8E8)	0.044	-1.027	0.083	0.244	-0.427	-0.061	-86.92	-2.84	129.45	7.056	18.914	-8.232	0.32535	-0.27670	-0.62860	0.64987	24.3	13111	100
2025-5-11 11:12:49.420	WTBenchPress#5(CEA7A127C8E8)	0.044	-1.020	0.090	1.221	-0.427	-0.061	-86.90	-2.83	129.43	7.056	18.914	-8.232	0.32535	-0.27670	-0.62860	0.64987	24.3	13111	100
2025-5-11 11:12:49.451	WTBenchPress#5(CEA7A127C8E8)	0.045	-1.021	0.093	1.526	-0.488	-0.061	-86.85	-2.83	129.42	7.056	18.914	-8.232	0.32535	-0.27670	-0.62860	0.64987	24.3	13111	100
2025-5-11 11:12:49.451	WTBenchPress#5(CEA7A127C8E8)	0.044	-1.025	0.095	0.854	-0.488	-0.122	-86.80	-2.83	129.40	7.056	18.914	-8.232	0.32535	-0.27670	-0.62860	0.64987	24.3	13111	100
2025-5-11 11:12:49.510	WTBenchPress#5(CEA7A127C8E8)	0.044	-1.024	0.096	0.305	-0.488	-0.183	-86.76	-2.83	129.40	6.958	19.110	-7.840	0.32535	-0.27670	-0.62860	0.64987	24.3	13111	100
2025-5-11 11:12:49.510	WTBenchPress#5(CEA7A127C8E8)	0.045	-1.025	0.092	0.122	-0.488	-0.183	-86.74	-2.83	129.39	6.958	19.110	-7.840	0.32535	-0.27670	-0.62860	0.64987	24.3	13111	100
2025-5-11 11:12:49.539	WTBenchPress#5(CEA7A127C8E8)	0.045	-1.024	0.090	0.244	-0.488	-0.183	-86.71	-2.83	129.39	6.958	19.110	-7.840	0.32535	-0.27670	-0.62860	0.64987	24.3	13111	100
2025-5-11 11:12:49.539	WTBenchPress#5(CEA7A127C8E8)	0.046	-1.024	0.090	0.916	-0.488	-0.183	-86.68	-2.83	129.38	6.958	19.110	-7.840	0.32535	-0.27670	-0.62860	0.64987	24.3	13111	100
2025-5-11 11:12:49.570	WTBenchPress#5(CEA7A127C8E8)	0.045	-1.025	0.087	1.709	-0.488	-0.061	-86.64	-2.83	129.37	6.958	19.110	-7.840	0.32535	-0.27670	-0.62860	0.64987	24.3	13111	100
2025-5-11 11:12:49.570	WTBenchPress#5(CEA7A127C8E8)	0.044	-1.026	0.088	2.563	-0.427	-0.122	-86.58	-2.83	129.36	6.958	19.110	-7.840	0.32535	-0.27670	-0.62860	0.64987	24.3	13111	100
2025-5-11 11:12:49.629	WTBenchPress#5(CEA7A127C8E8)	0.045	-1.023	0.091	3.174	-0.427	-0.061	-86.51	-2.83	129.36	6.958	19.110	-7.840	0.32535	-0.27670	-0.62860	0.64987	24.3	13111	100
2025-5-11 11:12:49.629	WTBenchPress#5(CEA7A127C8E8)	0.045	-1.025	0.094	3.296	-0.427	-0.061	-86.42	-2.83	129.36	6.958	19.110	-7.840	0.32535	-0.27670	-0.62860	0.64987	24.3	13111	100
2025-5-11 11:12:49.661	WTBenchPress#5(CEA7A127C8E8)	0.045	-1.026	0.096	2.625	-0.427	-0.061	-86.35	-2.82	129.36	6.958	19.110	-7.840	0.32535	-0.27670	-0.62860	0.64987	24.3	13111	100
2025-5-11 11:12:49.662	WTBenchPress#5(CEA7A127C8E8)	0.045	-1.024	0.098	1.831	-0.488	-0.061	-86.28	-2.82	129.36	6.958	19.110	-7.840	0.32535	-0.27670	-0.62860	0.64987	24.3	13111	100
2025-5-11 11:12:49.690	WTBenchPress#5(CEA7A127C8E8)	0.044	-1.022	0.095	0.916	-0.488	-0.122	-86.23	-2.82	129.36	6.958	19.110	-7.840	0.32535	-0.27670	-0.62860	0.64987	24.3	13111	100
2025-5-11 11:12:49.690	WTBenchPress#5(CEA7A127C8E8)	0.044	-1.020	0.093	0.488	-0.549	-0.183	-86.20	-2.82	129.37	6.958	19.110	-7.840	0.32730	-0.27579	-0.62515	0.65259	24.3	13111	100
2025-5-11 11:12:49.749	WTBenchPress#5(CEA7A127C8E8)	0.046	-1.024	0.090	0.610	-0.488	-0.183	-86.17	-2.82	129.38	6.958	19.110	-7.840	0.32730	-0.27579	-0.62515	0.65259	24.3	13111	100
2025-5-11 11:12:49.749	WTBenchPress#5(CEA7A127C8E8)	0.045	-1.027	0.090	1.160	-0.488	-0.183	-86.14	-2.82	129.39	6.958	19.110	-7.840	0.32730	-0.27579	-0.62515	0.65259	24.3	13111	100
2025-5-11 11:12:49.780	WTBenchPress#5(CEA7A127C8E8)	0.045	-1.027	0.091	1.770	-0.488	-0.061	-86.09	-2.82	129.39	6.958	19.110	-7.840	0.32730	-0.27579	-0.62515	0.65259	24.3	13111	100
2025-5-11 11:12:49.780	WTBenchPress#5(CEA7A127C8E8)	0.043	-1.026	0.093	1.953	-0.427	-0.061	-86.04	-2.82	129.40	6.958	19.110	-7.840	0.32730	-0.27579	-0.62515	0.65259	24.3	13111	100
2025-5-11 11:12:49.809	WTBenchPress#5(CEA7A127C8E8)	0.044	-1.022	0.097	1.221	-0.427	-0.061	-86.00	-2.82	129.41	6.958	19.110	-7.840	0.32730	-0.27579	-0.62515	0.65259	24.3	13111	100
2025-5-11 11:12:49.810	WTBenchPress#5(CEA7A127C8E8)	0.044	-1.021	0.101	0.000	-0.488	-0.183	-85.97	-2.82	129.42	6.958	19.110	-7.840	0.32730	-0.27579	-0.62515	0.65259	24.3	13111	100
2025-5-11 11:12:49.872	WTBenchPress#5(CEA7A127C8E8)	0.044	-1.024	0.100	-1.526	-0.488	-0.244	-85.97	-2.82	129.42	6.958	19.110	-7.840	0.32730	-0.27579	-0.62515	0.65259	24.3	13111	100
2025-5-11 11:12:49.872	WTBenchPress#5(CEA7A127C8E8)	0.044	-1.023	0.096	-2.625	-0.488	-0.305	-86.00	-2.82	129.43	6.958	19.110	-7.840	0.32730	-0.27579	-0.62515	0.65259	24.3	13111	100
2025-5-11 11:12:49.930	WTBenchPress#5(CEA7A127C8E8)	0.044	-1.025	0.092	-2.930	-0.488	-0.305	-86.04	-2.82	129.44	6.958	19.110	-7.840	0.32730	-0.27579	-0.62515	0.65259	24.3	13111	100
2025-5-11 11:12:49.930	WTBenchPress#5(CEA7A127C8E8)	0.044	-1.025	0.089	-2.502	-0.488	-0.244	-86.08	-2.82	129.44	6.958	18.816	-8.134	0.32730	-0.27579	-0.62515	0.65259	24.3	13111	100
2025-5-11 11:12:49.931	WTBenchPress#5(CEA7A127C8E8)	0.045	-1.025	0.091	-1.770	-0.488	-0.244	-86.11	-2.83	129.45	6.958	18.816	-8.134	0.32730	-0.27579	-0.62515	0.65259	24.3	13111	100
2025-5-11 11:12:49.931	WTBenchPress#5(CEA7A127C8E8)	0.044	-1.027	0.093	-1.465	-0.427	-0.183	-86.12	-2.83	129.46	6.958	18.816	-8.134	0.32730	-0.27579	-0.62515	0.65259	24.3	13111	100
2025-5-11 11:12:49.989	WTBenchPress#5(CEA7A127C8E8)	0.044	-1.024	0.097	-1.953	-0.427	-0.122	-86.14	-2.83	129.46	6.958	18.816	-8.134	0.32730	-0.27579	-0.62515	0.65259	24.3	13111	100
2025-5-11 11:12:49.989	WTBenchPress#5(CEA7A127C8E8)	0.044	-1.022	0.099	-2.869	-0.427	-0.183	-86.17	-2.83	129.47	6.958	18.816	-8.134	0.32730	-0.27579	-0.62515	0.65259	24.3	13111	100
2025-5-11 11:12:50.19	WTBenchPress#5(CEA7A127C8E8)	0.045	-1.022	0.097	-3.906	-0.488	-0.305	-86.22	-2.83	129.47	6.958	18.816	-8.134	0.32730	-0.27579	-0.62515	0.65259	24.3	13111	100
2025-5-11 11:12:50.19	WTBenchPress#5(CEA7A127C8E8)	0.046	-1.025	0.095	-4.700	-0.488	-0.366	-86.29	-2.83	129.47	6.958	18.816	-8.134	0.32730	-0.27579	-0.62515	0.65259	24.3	13111	100
2025-5-11 11:12:50.48	WTBenchPress#5(CEA7A127C8E8)	0.046	-1.024	0.092	-4.822	-0.488	-0.366	-86.36	-2.83	129.47	6.958	18.816	-8.134	0.32730	-0.27579	-0.62515	0.65259	24.3	13111	100
2025-5-11 11:12:50.49	WTBenchPress#5(CEA7A127C8E8)	0.045	-1.026	0.089	-4.456	-0.488	-0.305	-86.43	-2.84	129.47	6.958	18.816	-8.134	0.32730	-0.27579	-0.62515	0.65259	24.3	13111	100
2025-5-11 11:12:50.109	WTBenchPress#5(CEA7A127C8E8)	0.046	-1.025	0.088	-3.784	-0.427	-0.244	-86.50	-2.84	129.47	6.958	18.816	-8.134	0.32730	-0.27579	-0.62515	0.65259	24.3	13111	100
2025-5-11 11:12:50.109	WTBenchPress#5(CEA7A127C8E8)	0.046	-1.022	0.092	-3.052	-0.427	-0.244	-86.54	-2.85	129.47	6.958	18.816	-8.134	0.32730	-0.27579	-0.62515	0.65259	24.3	13111	100
2025-5-11 11:12:50.139	WTBenchPress#5(CEA7A127C8E8)	0.044	-1.026	0.091	-2.808	-0.427	-0.183	-86.58	-2.85	129.47	6.958	18.816	-8.134	0.32593	-0.27618	-0.62766	0.65073	24.3	13111	100
2025-5-11 11:12:50.139	WTBenchPress#5(CEA7A127C8E8)	0.045	-1.021	0.093	-3.052	-0.427	-0.244	-86.62	-2.85	129.46	6.958	18.816	-8.134	0.32593	-0.27618	-0.62766	0.65073	24.3	13111	100
2025-5-11 11:12:50.169	WTBenchPress#5(CEA7A127C8E8)	0.045	-1.021	0.093	-3.052	-0.427	-0.244	-86.67	-2.85	129.46	6.958	18.816	-8.134	0.32593	-0.27618	-0.62766	0.65073	24.3	13111	100
2025-5-11 11:12:50.169	WTBenchPress#5(CEA7A127C8E8)	0.045	-1.026	0.091	-3.479	-0.427	-0.305	-86.71	-2.85	129.45	6.958	18.816	-8.134	0.32593	-0.27618	-0.62766	0.65073	24.3	13111	100
2025-5-11 11:12:50.229	WTBenchPress#5(CEA7A127C8E8)	0.045	-1.022	0.095	-3.418	-0.488	-0.305	-86.75	-2.85	129.45	6.958	18.816	-8.134	0.32593	-0.27618	-0.62766	0.65073	24.3	13111	100
2025-5-11 11:12:50.230	WTBenchPress#5(CEA7A127C8E8)	0.044	-1.027	0.090	-3.235	-0.488	-0.305	-86.80	-2.86	129.44	6.958	18.816	-8.134	0.32593	-0.27618	-0.62766	0.65073	24.3	13111	100
2025-5-11 11:12:50.260	WTBenchPress#5(CEA7A127C8E8)	0.044	-1.024	0.088	-2.747	-0.427	-0.244	-86.83	-2.86	129.44	6.958	18.816	-8.134	0.32593	-0.27618	-0.62766	0.65073	24.3	13111	100
2025-5-11 11:12:50.260	WTBenchPress#5(CEA7A127C8E8)	0.044	-1.021	0.087	-1.709	-0.427	-0.183	-86.85	-2.86	129.43	6.958	18.816	-8.134	0.32593	-0.27618	-0.62766	0.65073	24.3	13111	100
2025-5-11 11:12:50.289	WTBenchPress#5(CEA7A127C8E8)	0.044	-1.025	0.087	-0.793	-0.427	-0.244	-86.85	-2.86	129.42	6.958	18.816	-8.134	0.32593	-0.27618	-0.62766	0.65073	24.3	13111	100
2025-5-11 11:12:50.289	WTBenchPress#5(CEA7A127C8E8)	0.043	-1.024	0.089	-0.183	-0.366	-0.183	-86.83	-2.86	129.40	7.154	19.012	-7.840	0.32593	-0.27618	-0.62766	0.65073	24.3	13111	100
2025-5-11 11:12:50.349	WTBenchPress#5(CEA7A127C8E8)	0.044	-1.027	0.093	0.122	-0.366	-0.183	-86.81	-2.86	129.39	7.154	19.012	-7.840	0.32593	-0.27618	-0.62766	0.65073	24.3	13111	100
2025-5-11 11:12:50.349	WTBenchPress#5(CEA7A127C8E8)	0.043	-1.024	0.094	-0.061	-0.366	-0.183	-86.79	-2.86	129.38	7.154	19.012	-7.840	0.32593	-0.27618	-0.62766	0.65073	24.3	13111	100
2025-5-11 11:12:50.381	WTBenchPress#5(CEA7A127C8E8)	0.043	-1.022	0.094	-0.183	-0.427	-0.183	-86.76	-2.86	129.36	7.154	19.012	-7.840	0.32593	-0.27618	-0.62766	0.65073	24.3	13111	100
2025-5-11 11:12:50.381	WTBenchPress#5(CEA7A127C8E8)	0.044	-1.026	0.091	-0.183	-0.427	-0.244	-86.75	-2.86	129.34	7.154	19.012	-7.840	0.32593	-0.27618	-0.62766	0.65073	24.3	13111	100
2025-5-11 11:12:50.439	WTBenchPress#5(CEA7A127C8E8)	0.044	-1.023	0.087	0.000	-0.366	-0.183	-86.73	-2.86	129.33	7.154	19.012	-7.840	0.32593	-0.27618	-0.62766	0.65073	24.3	13111	100
2025-5-11 11:12:50.440	WTBenchPress#5(CEA7A127C8E8)	0.045	-1.022	0.088	1.038	-0.366	-0.122	-86.69	-2.86	129.31	7.154	19.012	-7.840	0.32593	-0.27618	-0.62766	0.65073	24.3	13111	100
2025-5-11 11:12:50.470	WTBenchPress#5(CEA7A127C8E8)	0.045	-1.026	0.087	2.014	-0.305	-0.183	-86.63	-2.86	129.30	7.154	19.012	-7.840	0.32593	-0.27618	-0.62766	0.65073	24.3	13111	100
2025-5-11 11:12:50.470	WTBenchPress#5(CEA7A127C8E8)	0.045	-1.027	0.091	2.625	-0.366	-0.061	-86.57	-2.86	129.29	7.154	19.012	-7.840	0.32593	-0.27618	-0.62766	0.65073	24.3	13111	100
2025-5-11 11:12:50.501	WTBenchPress#5(CEA7A127C8E8)	0.044	-1.023	0.094	2.563	-0.366	0.000	-86.50	-2.85	129.29	7.154	19.012	-7.840	0.32593	-0.27618	-0.62766	0.65073	24.3	13111	100
2025-5-11 11:12:50.501	WTBenchPress#5(CEA7A127C8E8)	0.045	-1.022	0.096	2.075	-0.366	0.000	-86.43	-2.85	129.29	7.154	19.012	-7.840	0.32736	-0.27670	-0.62625	0.65112	24.3	13111	100
2025-5-11 11:12:50.559	WTBenchPress#5(CEA7A127C8E8)	0.045	-1.023	0.094	1.526	-0.427	-0.122	-86.38	-2.85	129.29	7.154	19.012	-7.840	0.32736	-0.27670	-0.62625	0.65112	24.3	13111	100
2025-5-11 11:12:50.559	WTBenchPress#5(CEA7A127C8E8)	0.046	-1.022	0.094	1.221	-0.366	-0.183	-86.34	-2.85	129.29	7.154	19.012	-7.840	0.32736	-0.27670	-0.62625	0.65112	24.3	13111	100
2025-5-11 11:12:50.589	WTBenchPress#5(CEA7A127C8E8)	0.046	-1.024	0.093	1.160	-0.427	-0.183	-86.30	-2.85	129.29	7.154	19.012	-7.840	0.32736	-0.27670	-0.62625	0.65112	24.3	13111	100
2025-5-11 11:12:50.589	WTBenchPress#5(CEA7A127C8E8)	0.046	-1.027	0.090	1.343	-0.427	-0.122	-86.25	-2.85	129.29	7.154	19.012	-7.840	0.32736	-0.27670	-0.62625	0.65112	24.3	13111	100
2025-5-11 11:12:50.620	WTBenchPress#5(CEA7A127C8E8)	0.045	-1.025	0.091	1.587	-0.366	-0.122	-86.20	-2.85	129.29	7.154	19.012	-7.840	0.32736	-0.27670	-0.62625	0.65112	24.3	13111	100
2025-5-11 11:12:50.620	WTBenchPress#5(CEA7A127C8E8)	0.045	-1.024	0.092	1.953	-0.366	-0.122	-86.15	-2.85	129.29	7.154	19.012	-7.840	0.32736	-0.27670	-0.62625	0.65112	24.3	13111	100
2025-5-11 11:12:50.681	WTBenchPress#5(CEA7A127C8E8)	0.046	-1.024	0.094	1.892	-0.427	-0.061	-86.10	-2.84	129.29	7.154	19.012	-7.840	0.32736	-0.27670	-0.62625	0.65112	24.3	13111	100
2025-5-11 11:12:50.681	WTBenchPress#5(CEA7A127C8E8)	0.045	-1.023	0.097	1.221	-0.427	-0.122	-86.06	-2.84	129.30	7.154	19.012	-7.840	0.32736	-0.27670	-0.62625	0.65112	24.3	13111	100
2025-5-11 11:12:50.710	WTBenchPress#5(CEA7A127C8E8)	0.044	-1.021	0.098	0.305	-0.427	-0.183	-86.04	-2.84	129.31	7.154	19.012	-7.840	0.32736	-0.27670	-0.62625	0.65112	24.3	13111	100
2025-5-11 11:12:50.710	WTBenchPress#5(CEA7A127C8E8)	0.042	-1.026	0.096	-0.549	-0.427	-0.183	-86.03	-2.84	129.31	7.056	18.718	-8.232	0.32736	-0.27670	-0.62625	0.65112	24.3	13111	100
2025-5-11 11:12:50.738	WTBenchPress#5(CEA7A127C8E8)	0.038	-1.055	0.099	-0.061	-0.305	0.427	-86.02	-2.83	129.32	7.056	18.718	-8.232	0.32736	-0.27670	-0.62625	0.65112	24.3	13111	100
2025-5-11 11:12:50.738	WTBenchPress#5(CEA7A127C8E8)	0.037	-1.001	0.085	1.831	0.000	0.854	-85.97	-2.81	129.33	7.056	18.718	-8.232	0.32736	-0.27670	-0.62625	0.65112	24.3	13111	100
2025-5-11 11:12:50.802	WTBenchPress#5(CEA7A127C8E8)	0.041	-0.989	0.091	2.380	-0.122	-0.061	-85.91	-2.81	129.33	7.056	18.718	-8.232	0.32736	-0.27670	-0.62625	0.65112	24.3	13111	100
2025-5-11 11:12:50.802	WTBenchPress#5(CEA7A127C8E8)	0.048	-1.015	0.110	0.305	-0.366	-1.099	-85.89	-2.82	129.34	7.056	18.718	-8.232	0.32736	-0.27670	-0.62625	0.65112	24.3	13111	100
2025-5-11 11:12:50.830	WTBenchPress#5(CEA7A127C8E8)	0.061	-1.042	0.116	-4.150	-0.549	-1.282	-85.95	-2.85	129.35	7.056	18.718	-8.232	0.32736	-0.27670	-0.62625	0.65112	24.3	13111	100
2025-5-11 11:12:50.830	WTBenchPress#5(CEA7A127C8E8)	0.119	-1.019	0.172	-5.249	-0.427	-0.854	-86.03	-2.86	129.35	7.056	18.718	-8.232	0.32736	-0.27670	-0.62625	0.65112	24.3	13111	100
2025-5-11 11:12:50.858	WTBenchPress#5(CEA7A127C8E8)	0.083	-0.899	0.418	0.671	7.324	-2.747	-85.96	-2.91	129.14	7.056	18.718	-8.232	0.32736	-0.27670	-0.62625	0.65112	24.3	13111	100
2025-5-11 11:12:50.858	WTBenchPress#5(CEA7A127C8E8)	0.071	-1.044	0.041	10.925	7.446	-3.357	-85.68	-2.97	128.92	7.056	18.718	-8.232	0.32736	-0.27670	-0.62625	0.65112	24.3	13111	100
2025-5-11 11:12:50.919	WTBenchPress#5(CEA7A127C8E8)	0.047	-1.089	0.052	24.963	3.113	-0.977	-85.14	-2.99	128.83	7.056	18.718	-8.232	0.32736	-0.27670	-0.62625	0.65112	24.3	13111	100
2025-5-11 11:12:50.920	WTBenchPress#5(CEA7A127C8E8)	0.013	-0.958	-0.013	32.227	0.793	-0.427	-84.48	-3.01	128.82	7.056	18.718	-8.232	0.32736	-0.27670	-0.62625	0.65112	24.3	13111	100
2025-5-11 11:12:50.949	WTBenchPress#5(CEA7A127C8E8)	0.008	-0.897	-0.027	42.542	-1.221	-0.732	-83.64	-3.03	128.89	7.056	18.718	-8.232	0.33749	-0.26926	-0.60922	0.66510	24.3	13111	100
2025-5-11 11:12:50.949	WTBenchPress#5(CEA7A127C8E8)	0.096	-0.861	0.104	25.635	-0.061	-1.831	-83.16	-3.07	128.95	7.056	18.718	-8.232	0.33749	-0.26926	-0.60922	0.66510	24.3	13111	100
2025-5-11 11:12:50.980	WTBenchPress#5(CEA7A127C8E8)	0.128	-0.992	-0.044	-41.748	-0.427	-8.423	-83.63	-3.18	129.00	7.056	18.718	-8.232	0.33749	-0.26926	-0.60922	0.66510	24.3	13111	100
2025-5-11 11:12:50.980	WTBenchPress#5(CEA7A127C8E8)	0.041	-1.144	-0.130	-25.452	0.427	-6.592	-84.41	-3.33	129.06	7.056	18.718	-8.232	0.33749	-0.26926	-0.60922	0.66510	24.3	13111	100
2025-5-11 11:12:51.39	WTBenchPress#5(CEA7A127C8E8)	-0.014	-1.020	-0.165	11.475	2.991	-5.798	-84.78	-3.47	129.12	7.056	18.718	-8.232	0.33749	-0.26926	-0.60922	0.66510	24.3	13111	100
2025-5-11 11:12:51.39	WTBenchPress#5(CEA7A127C8E8)	0.076	-1.097	0.068	36.621	5.859	-7.385	-84.48	-3.59	129.15	7.056	18.718	-8.232	0.33749	-0.26926	-0.60922	0.66510	24.3	13111	100
2025-5-11 11:12:51.71	WTBenchPress#5(CEA7A127C8E8)	0.101	-1.113	0.234	16.357	7.324	-8.850	-83.91	-3.72	129.14	7.056	18.718	-8.232	0.33749	-0.26926	-0.60922	0.66510	24.3	13111	100
2025-5-11 11:12:51.72	WTBenchPress#5(CEA7A127C8E8)	0.070	-0.854	0.237	-24.353	6.470	-9.216	-83.83	-3.88	129.08	7.056	18.718	-8.232	0.33749	-0.26926	-0.60922	0.66510	24.3	13111	100
2025-5-11 11:12:51.101	WTBenchPress#5(CEA7A127C8E8)	0.059	-0.783	0.249	-78.979	3.967	-10.376	-84.59	-4.05	129.01	7.056	18.718	-8.232	0.33749	-0.26926	-0.60922	0.66510	24.3	13111	100
2025-5-11 11:12:51.101	WTBenchPress#5(CEA7A127C8E8)	0.020	-0.897	0.015	-83.313	1.953	-8.972	-86.17	-4.24	128.95	6.664	17.738	-8.722	0.33749	-0.26926	-0.60922	0.66510	24.3	13111	100
2025-5-11 11:12:51.160	WTBenchPress#5(CEA7A127C8E8)	-0.049	-0.975	-0.010	-43.701	0.122	-4.150	-87.59	-4.38	128.92	6.664	17.738	-8.722	0.33749	-0.26926	-0.60922	0.66510	24.3	13111	100
2025-5-11 11:12:51.160	WTBenchPress#5(CEA7A127C8E8)	-0.041	-0.942	0.143	-23.254	-2.075	-0.244	-88.33	-4.43	128.94	6.664	17.738	-8.722	0.33749	-0.26926	-0.60922	0.66510	24.3	13111	100
2025-5-11 11:12:51.189	WTBenchPress#5(CEA7A127C8E8)	0.001	-0.938	0.318	-52.490	-6.104	1.953	-88.90	-4.41	129.00	6.664	17.738	-8.722	0.33749	-0.26926	-0.60922	0.66510	24.3	13111	100
2025-5-11 11:12:51.189	WTBenchPress#5(CEA7A127C8E8)	0.013	-1.024	0.111	-65.247	-10.071	4.639	-89.94	-4.32	129.07	6.664	17.738	-8.722	0.33749	-0.26926	-0.60922	0.66510	24.3	13111	100
2025-5-11 11:12:51.220	WTBenchPress#5(CEA7A127C8E8)	0.006	-0.932	-0.048	-35.278	-13.062	6.287	-91.01	-4.19	129.17	6.664	17.738	-8.722	0.33749	-0.26926	-0.60922	0.66510	24.3	13111	100
2025-5-11 11:12:51.220	WTBenchPress#5(CEA7A127C8E8)	0.074	-0.807	-0.015	4.883	-15.137	5.981	-91.44	-4.03	129.32	6.664	17.738	-8.722	0.33749	-0.26926	-0.60922	0.66510	24.3	13111	100
2025-5-11 11:12:51.282	WTBenchPress#5(CEA7A127C8E8)	0.051	-0.828	0.000	17.761	-16.357	3.784	-91.22	-3.88	129.51	6.664	17.738	-8.722	0.33749	-0.26926	-0.60922	0.66510	24.3	13111	100
2025-5-11 11:12:51.282	WTBenchPress#5(CEA7A127C8E8)	0.049	-0.820	0.124	13.245	-15.625	0.305	-90.85	-3.80	129.70	6.664	17.738	-8.722	0.33749	-0.26926	-0.60922	0.66510	24.3	13111	100
2025-5-11 11:12:51.312	WTBenchPress#5(CEA7A127C8E8)	-0.011	-0.800	-0.027	12.695	-13.977	-2.014	-90.55	-3.78	129.84	6.664	17.738	-8.722	0.33749	-0.26926	-0.60922	0.66510	24.3	13111	100
2025-5-11 11:12:51.312	WTBenchPress#5(CEA7A127C8E8)	0.032	-0.792	0.119	19.836	-11.536	-3.906	-90.23	-3.82	129.95	6.664	17.738	-8.722	0.32022	-0.27722	-0.65051	0.63031	24.3	13111	100
2025-5-11 11:12:51.341	WTBenchPress#5(CEA7A127C8E8)	0.041	-0.814	-0.003	-2.502	-10.742	-6.226	-89.90	-3.89	130.01	6.664	17.738	-8.722	0.32022	-0.27722	-0.65051	0.63031	24.3	13111	100
2025-5-11 11:12:51.342	WTBenchPress#5(CEA7A127C8E8)	0.078	-0.864	-0.117	0.916	-10.986	-6.958	-89.91	-4.00	130.07	6.664	17.738	-8.722	0.32022	-0.27722	-0.65051	0.63031	24.3	13111	100
2025-5-11 11:12:51.400	WTBenchPress#5(CEA7A127C8E8)	0.086	-0.882	-0.167	6.958	-11.414	-6.653	-89.85	-4.11	130.18	6.664	17.738	-8.722	0.32022	-0.27722	-0.65051	0.63031	24.3	13111	100
2025-5-11 11:12:51.400	WTBenchPress#5(CEA7A127C8E8)	0.119	-0.903	-0.074	5.310	-12.634	-5.310	-89.75	-4.21	130.34	6.664	17.738	-8.722	0.32022	-0.27722	-0.65051	0.63031	24.3	13111	100
2025-5-11 11:12:51.430	WTBenchPress#5(CEA7A127C8E8)	0.145	-0.929	-0.074	-7.385	-14.038	-4.333	-89.81	-4.30	130.53	6.664	17.738	-8.722	0.32022	-0.27722	-0.65051	0.63031	24.3	13111	100
2025-5-11 11:12:51.430	WTBenchPress#5(CEA7A127C8E8)	0.148	-0.931	-0.066	-0.854	-14.404	-2.930	-89.94	-4.36	130.73	6.664	17.738	-8.722	0.32022	-0.27722	-0.65051	0.63031	24.3	13111	100
2025-5-11 11:12:51.459	WTBenchPress#5(CEA7A127C8E8)	0.156	-0.914	0.000	-3.906	-14.160	-1.648	-90.03	-4.41	130.92	6.664	17.738	-8.722	0.32022	-0.27722	-0.65051	0.63031	24.3	13111	100
2025-5-11 11:12:51.459	WTBenchPress#5(CEA7A127C8E8)	0.156	-0.964	-0.016	-3.479	-13.062	-0.366	-90.15	-4.44	131.07	6.664	17.738	-8.722	0.32022	-0.27722	-0.65051	0.63031	24.3	13111	100
2025-5-11 11:12:51.520	WTBenchPress#5(CEA7A127C8E8)	0.167	-0.973	0.047	-6.470	-10.864	0.916	-90.29	-4.46	131.17	6.664	17.738	-8.722	0.32022	-0.27722	-0.65051	0.63031	24.3	13111	100
2025-5-11 11:12:51.520	WTBenchPress#5(CEA7A127C8E8)	0.177	-0.982	-0.016	-9.338	-7.935	2.502	-90.47	-4.45	131.19	6.664	17.738	-8.722	0.32022	-0.27722	-0.65051	0.63031	24.3	13111	100
2025-5-11 11:12:51.549	WTBenchPress#5(CEA7A127C8E8)	0.169	-0.959	-0.041	-1.892	-5.615	3.723	-90.60	-4.43	131.14	6.566	17.346	-3.822	0.32022	-0.27722	-0.65051	0.63031	24.3	13111	100
2025-5-11 11:12:51.549	WTBenchPress#5(CEA7A127C8E8)	0.119	-0.944	-0.024	-5.798	-3.967	4.150	-90.70	-4.39	131.03	6.566	17.346	-3.822	0.32022	-0.27722	-0.65051	0.63031	24.3	13111	100
2025-5-11 11:12:51.580	WTBenchPress#5(CEA7A127C8E8)	0.088	-0.975	-0.033	-6.897	-2.075	5.005	-90.84	-4.35	130.89	6.566	17.346	-3.822	0.32022	-0.27722	-0.65051	0.63031	24.3	13111	100
2025-5-11 11:12:51.580	WTBenchPress#5(CEA7A127C8E8)	0.098	-0.973	0.001	-6.287	0.122	5.798	-90.99	-4.28	130.69	6.566	17.346	-3.822	0.32022	-0.27722	-0.65051	0.63031	24.3	13111	100
2025-5-11 11:12:51.640	WTBenchPress#5(CEA7A127C8E8)	0.084	-0.996	0.004	-6.775	2.441	5.981	-91.12	-4.20	130.44	6.566	17.346	-3.822	0.32022	-0.27722	-0.65051	0.63031	24.3	13111	100
2025-5-11 11:12:51.640	WTBenchPress#5(CEA7A127C8E8)	0.050	-0.931	0.011	-5.249	3.479	6.104	-91.24	-4.12	130.15	6.566	17.346	-3.822	0.32022	-0.27722	-0.65051	0.63031	24.3	13111	100
2025-5-11 11:12:51.669	WTBenchPress#5(CEA7A127C8E8)	0.041	-0.920	-0.005	-11.230	3.052	5.371	-91.40	-4.04	129.85	6.566	17.346	-3.822	0.32022	-0.27722	-0.65051	0.63031	24.3	13111	100
2025-5-11 11:12:51.669	WTBenchPress#5(CEA7A127C8E8)	0.031	-0.964	0.005	-10.559	2.625	4.761	-91.60	-3.97	129.56	6.566	17.346	-3.822	0.32022	-0.27722	-0.65051	0.63031	24.3	13111	100
2025-5-11 11:12:51.699	WTBenchPress#5(CEA7A127C8E8)	0.008	-0.925	0.005	-8.057	2.075	4.150	-91.77	-3.90	129.27	6.566	17.346	-3.822	0.32022	-0.27722	-0.65051	0.63031	24.3	13111	100
2025-5-11 11:12:51.699	WTBenchPress#5(CEA7A127C8E8)	-0.013	-0.913	0.038	-1.831	1.770	3.296	-91.85	-3.84	128.97	6.566	17.346	-3.822	0.32022	-0.27722	-0.65051	0.63031	24.3	13111	100
2025-5-11 11:12:51.759	WTBenchPress#5(CEA7A127C8E8)	-0.016	-0.925	0.098	-4.822	1.221	1.404	-91.88	-3.80	128.69	6.566	17.346	-3.822	0.32303	-0.29114	-0.65717	0.61557	24.3	13111	100
2025-5-11 11:12:51.760	WTBenchPress#5(CEA7A127C8E8)	-0.027	-0.948	0.069	-11.108	1.221	-0.366	-92.01	-3.79	128.39	6.566	17.346	-3.822	0.32303	-0.29114	-0.65717	0.61557	24.3	13111	100
2025-5-11 11:12:51.789	WTBenchPress#5(CEA7A127C8E8)	-0.017	-0.979	0.025	-7.813	1.343	-0.916	-92.14	-3.80	128.08	6.566	17.346	-3.822	0.32303	-0.29114	-0.65717	0.61557	24.3	13111	100
2025-5-11 11:12:51.789	WTBenchPress#5(CEA7A127C8E8)	-0.011	-0.977	0.069	-7.751	1.587	-2.563	-92.24	-3.82	127.78	6.566	17.346	-3.822	0.32303	-0.29114	-0.65717	0.61557	24.3	13111	100
2025-5-11 11:12:51.849	WTBenchPress#5(CEA7A127C8E8)	-0.013	-1.014	0.033	-5.310	1.953	-4.089	-92.31	-3.86	127.48	6.566	17.346	-3.822	0.32303	-0.29114	-0.65717	0.61557	24.3	13111	100
2025-5-11 11:12:51.849	WTBenchPress#5(CEA7A127C8E8)	0.019	-0.969	0.026	-4.517	2.563	-5.310	-92.34	-3.94	127.17	6.566	17.346	-3.822	0.32303	-0.29114	-0.65717	0.61557	24.3	13111	100
2025-5-11 11:12:51.882	WTBenchPress#5(CEA7A127C8E8)	0.056	-0.958	-0.004	-10.803	2.930	-7.507	-92.47	-4.05	126.87	6.566	17.346	-3.822	0.32303	-0.29114	-0.65717	0.61557	24.3	13111	100
2025-5-11 11:12:51.882	WTBenchPress#5(CEA7A127C8E8)	0.061	-1.058	-0.107	-13.550	2.319	-9.583	-92.67	-4.20	126.60	6.566	17.346	-3.822	0.32303	-0.29114	-0.65717	0.61557	24.3	13111	100
2025-5-11 11:12:51.912	WTBenchPress#5(CEA7A127C8E8)	0.050	-1.088	-0.145	-8.667	0.793	-10.498	-92.83	-4.37	126.39	6.566	17.346	-3.822	0.32303	-0.29114	-0.65717	0.61557	24.3	13111	100
2025-5-11 11:12:51.912	WTBenchPress#5(CEA7A127C8E8)	0.053	-1.119	-0.119	-7.935	-0.610	-10.498	-92.98	-4.55	126.24	7.840	14.994	-3.136	0.32303	-0.29114	-0.65717	0.61557	24.3	13111	100
2025-5-11 11:12:51.970	WTBenchPress#5(CEA7A127C8E8)	0.068	-1.037	-0.097	-8.850	-1.953	-10.681	-93.15	-4.73	126.15	7.840	14.994	-3.136	0.32303	-0.29114	-0.65717	0.61557	24.3	13111	100
2025-5-11 11:12:51.970	WTBenchPress#5(CEA7A127C8E8)	0.100	-1.087	-0.067	-13.672	-2.625	-10.986	-93.39	-4.91	126.08	7.840	14.994	-3.136	0.32303	-0.29114	-0.65717	0.61557	24.3	13111	100
2025-5-11 11:12:52.0	WTBenchPress#5(CEA7A127C8E8)	0.136	-1.189	-0.130	-12.756	-3.540	-10.620	-93.65	-5.09	126.04	7.840	14.994	-3.136	0.32303	-0.29114	-0.65717	0.61557	24.3	13111	100
2025-5-11 11:12:52.0	WTBenchPress#5(CEA7A127C8E8)	0.127	-1.157	-0.120	-9.583	-4.761	-9.094	-93.87	-5.25	126.04	7.840	14.994	-3.136	0.32303	-0.29114	-0.65717	0.61557	24.3	13111	100
2025-5-11 11:12:52.30	WTBenchPress#5(CEA7A127C8E8)	0.110	-1.140	-0.061	-13.733	-5.127	-7.141	-94.14	-5.37	126.04	7.840	14.994	-3.136	0.32303	-0.29114	-0.65717	0.61557	24.3	13111	100
2025-5-11 11:12:52.30	WTBenchPress#5(CEA7A127C8E8)	0.104	-1.109	-0.062	-6.409	-3.967	-6.348	-94.30	-5.48	126.01	7.840	14.994	-3.136	0.32303	-0.29114	-0.65717	0.61557	24.3	13111	100
2025-5-11 11:12:52.91	WTBenchPress#5(CEA7A127C8E8)	0.126	-1.115	-0.005	-4.944	-1.343	-6.165	-94.40	-5.59	125.95	7.840	14.994	-3.136	0.32303	-0.29114	-0.65717	0.61557	24.3	13111	100
2025-5-11 11:12:52.92	WTBenchPress#5(CEA7A127C8E8)	0.184	-1.187	-0.042	-16.235	0.854	-4.883	-94.65	-5.69	125.84	7.840	14.994	-3.136	0.32303	-0.29114	-0.65717	0.61557	24.3	13111	100
2025-5-11 11:12:52.120	WTBenchPress#5(CEA7A127C8E8)	0.219	-1.222	-0.122	-18.127	1.526	-2.502	-94.98	-5.75	125.69	7.840	14.994	-3.136	0.32303	-0.29114	-0.65717	0.61557	24.3	13111	100
2025-5-11 11:12:52.120	WTBenchPress#5(CEA7A127C8E8)	0.218	-1.184	-0.085	-11.658	0.427	0.916	-95.22	-5.75	125.56	7.840	14.994	-3.136	0.34082	-0.30826	-0.67157	0.58109	24.3	13111	100
2025-5-11 11:12:52.149	WTBenchPress#5(CEA7A127C8E8)	0.189	-1.154	-0.080	-4.211	-1.831	4.700	-95.33	-5.69	125.45	7.840	14.994	-3.136	0.34082	-0.30826	-0.67157	0.58109	24.3	13111	100
2025-5-11 11:12:52.149	WTBenchPress#5(CEA7A127C8E8)	0.140	-1.208	-0.052	3.235	-4.028	7.935	-95.29	-5.56	125.39	7.840	14.994	-3.136	0.34082	-0.30826	-0.67157	0.58109	24.3	13111	100
2025-5-11 11:12:52.212	WTBenchPress#5(CEA7A127C8E8)	0.113	-1.160	0.006	-2.563	-5.615	10.071	-95.30	-5.39	125.34	7.840	14.994	-3.136	0.34082	-0.30826	-0.67157	0.58109	24.3	13111	100
2025-5-11 11:12:52.212	WTBenchPress#5(CEA7A127C8E8)	0.109	-1.186	-0.000	-18.250	-7.019	10.620	-95.56	-5.20	125.31	7.840	14.994	-3.136	0.34082	-0.30826	-0.67157	0.58109	24.3	13111	100
2025-5-11 11:12:52.241	WTBenchPress#5(CEA7A127C8E8)	0.078	-1.185	-0.017	-22.278	-7.446	11.230	-95.96	-4.99	125.27	7.840	14.994	-3.136	0.34082	-0.30826	-0.67157	0.58109	24.3	13111	100
2025-5-11 11:12:52.242	WTBenchPress#5(CEA7A127C8E8)	0.063	-1.165	0.020	-15.015	-6.775	12.085	-96.26	-4.77	125.22	7.840	14.994	-3.136	0.34082	-0.30826	-0.67157	0.58109	24.3	13111	100
2025-5-11 11:12:52.272	WTBenchPress#5(CEA7A127C8E8)	0.049	-1.181	0.035	-13.489	-5.737	11.780	-96.47	-4.55	125.11	7.840	14.994	-3.136	0.34082	-0.30826	-0.67157	0.58109	24.3	13111	100
2025-5-11 11:12:52.272	WTBenchPress#5(CEA7A127C8E8)	0.040	-1.239	-0.002	-14.160	-4.883	10.315	-96.69	-4.35	124.98	7.840	14.994	-3.136	0.34082	-0.30826	-0.67157	0.58109	24.3	13111	100
2025-5-11 11:12:52.329	WTBenchPress#5(CEA7A127C8E8)	0.036	-1.224	0.019	-18.250	-3.845	8.179	-96.99	-4.20	124.82	7.840	14.994	-3.136	0.34082	-0.30826	-0.67157	0.58109	24.3	13111	100
2025-5-11 11:12:52.329	WTBenchPress#5(CEA7A127C8E8)	0.020	-1.233	0.083	-28.198	-3.174	5.127	-97.47	-4.10	124.63	7.840	14.994	-3.136	0.34082	-0.30826	-0.67157	0.58109	24.3	13111	100
2025-5-11 11:12:52.358	WTBenchPress#5(CEA7A127C8E8)	0.012	-1.293	0.118	-44.128	-2.380	1.770	-98.25	-4.08	124.40	8.232	16.072	-2.058	0.34082	-0.30826	-0.67157	0.58109	24.3	13111	100
2025-5-11 11:12:52.358	WTBenchPress#5(CEA7A127C8E8)	0.033	-1.259	0.025	-50.049	-0.549	-2.197	-99.13	-4.13	124.13	8.232	16.072	-2.058	0.34082	-0.30826	-0.67157	0.58109	24.3	13111	100
2025-5-11 11:12:52.389	WTBenchPress#5(CEA7A127C8E8)	0.064	-1.254	-0.074	-32.104	2.197	-5.737	-99.65	-4.26	123.80	8.232	16.072	-2.058	0.34082	-0.30826	-0.67157	0.58109	24.3	13111	100
2025-5-11 11:12:52.389	WTBenchPress#5(CEA7A127C8E8)	0.107	-1.313	-0.068	-5.859	5.310	-7.813	-99.64	-4.43	123.44	8.232	16.072	-2.058	0.34082	-0.30826	-0.67157	0.58109	24.3	13111	100
2025-5-11 11:12:52.448	WTBenchPress#5(CEA7A127C8E8)	0.091	-1.343	-0.021	1.770	7.141	-9.338	-99.48	-4.64	123.04	8.232	16.072	-2.058	0.34082	-0.30826	-0.67157	0.58109	24.3	13111	100
2025-5-11 11:12:52.449	WTBenchPress#5(CEA7A127C8E8)	0.702	-1.375	-0.037	-6.775	7.629	-10.742	-99.50	-4.88	122.64	8.232	16.072	-2.058	0.34082	-0.30826	-0.67157	0.58109	24.3	13111	100
2025-5-11 11:12:52.480	WTBenchPress#5(CEA7A127C8E8)	0.106	-11.115	-1.414	-7.080	7.813	-10.986	-99.54	-5.12	122.28	8.232	16.072	-2.058	0.34082	-0.30826	-0.67157	0.58109	24.3	13111	100
2025-5-11 11:12:52.481	WTBenchPress#5(CEA7A127C8E8)	0.135	-1.395	-0.233	8.240	7.935	-10.010	-99.30	-5.33	121.96	8.232	16.072	-2.058	0.34082	-0.30826	-0.67157	0.58109	24.3	13111	100
2025-5-11 11:12:52.509	WTBenchPress#5(CEA7A127C8E8)	0.156	-1.409	-0.188	17.700	7.324	-8.179	-98.88	-5.50	121.66	8.232	16.072	-2.058	0.34082	-0.30826	-0.67157	0.58109	24.3	13111	100
2025-5-11 11:12:52.509	WTBenchPress#5(CEA7A127C8E8)	0.167	-1.432	-0.160	21.667	5.920	-4.761	-98.39	-5.60	121.40	8.232	16.072	-2.058	0.34082	-0.30826	-0.67157	0.58109	24.3	13111	100
2025-5-11 11:12:52.569	WTBenchPress#5(CEA7A127C8E8)	0.145	-1.470	-0.142	30.640	4.211	1.038	-97.74	-5.58	121.17	8.232	16.072	-2.058	0.35568	-0.34131	-0.66873	0.55649	24.3	13111	100
2025-5-11 11:12:52.569	WTBenchPress#5(CEA7A127C8E8)	0.099	-1.469	-0.063	36.560	2.075	7.996	-96.98	-5.42	120.99	8.232	16.072	-2.058	0.35568	-0.34131	-0.66873	0.55649	24.3	13111	100
2025-5-11 11:12:52.598	WTBenchPress#5(CEA7A127C8E8)	0.074	-1.306	0.027	29.846	-0.122	12.329	-96.35	-5.17	120.83	8.232	16.072	-2.058	0.35568	-0.34131	-0.66873	0.55649	24.3	13111	100
2025-5-11 11:12:52.598	WTBenchPress#5(CEA7A127C8E8)	0.078	-1.280	0.029	12.695	-1.465	13.672	-96.06	-4.89	120.71	8.232	16.072	-2.058	0.35568	-0.34131	-0.66873	0.55649	24.3	13111	100
2025-5-11 11:12:52.631	WTBenchPress#5(CEA7A127C8E8)	0.044	-1.310	0.008	11.902	-2.075	16.052	-95.78	-4.56	120.58	8.232	16.072	-2.058	0.35568	-0.34131	-0.66873	0.55649	24.3	13111	100
2025-5-11 11:12:52.631	WTBenchPress#5(CEA7A127C8E8)	-0.002	-1.244	0.026	20.996	-2.441	17.944	-95.32	-4.20	120.47	8.232	16.072	-2.058	0.35568	-0.34131	-0.66873	0.55649	24.3	13111	100
2025-5-11 11:12:52.689	WTBenchPress#5(CEA7A127C8E8)	-0.018	-1.168	-0.001	-0.122	-1.343	14.771	-95.07	-3.87	120.34	8.232	16.072	-2.058	0.35568	-0.34131	-0.66873	0.55649	24.3	13111	100
2025-5-11 11:12:52.689	WTBenchPress#5(CEA7A127C8E8)	-0.024	-1.152	-0.040	12.878	0.549	13.916	-94.96	-3.58	120.19	8.232	16.072	-2.058	0.35568	-0.34131	-0.66873	0.55649	24.3	13111	100
2025-5-11 11:12:52.720	WTBenchPress#5(CEA7A127C8E8)	-0.008	-1.139	0.025	12.817	3.113	11.963	-94.65	-3.31	120.01	8.232	16.072	-2.058	0.35568	-0.34131	-0.66873	0.55649	24.3	13111	100
2025-5-11 11:12:52.720	WTBenchPress#5(CEA7A127C8E8)	0.025	-1.064	-0.027	0.671	5.066	8.545	-94.41	-3.08	119.79	8.624	15.582	-2.940	0.35568	-0.34131	-0.66873	0.55649	24.3	13111	100
2025-5-11 11:12:52.749	WTBenchPress#5(CEA7A127C8E8)	0.060	-1.046	-0.116	2.441	7.385	6.165	-94.33	-2.91	119.55	8.624	15.582	-2.940	0.35568	-0.34131	-0.66873	0.55649	24.3	13111	100
2025-5-11 11:12:52.749	WTBenchPress#5(CEA7A127C8E8)	0.087	-1.067	-0.130	4.333	8.240	4.089	-94.23	-2.80	119.28	8.624	15.582	-2.940	0.35568	-0.34131	-0.66873	0.55649	24.3	13111	100
2025-5-11 11:12:52.809	WTBenchPress#5(CEA7A127C8E8)	0.059	-1.058	-0.190	9.338	7.629	2.319	-94.09	-2.72	119.02	8.624	15.582	-2.940	0.35568	-0.34131	-0.66873	0.55649	24.3	13111	100
2025-5-11 11:12:52.809	WTBenchPress#5(CEA7A127C8E8)	0.021	-1.088	-0.138	24.658	6.592	2.136	-93.82	-2.68	118.80	8.624	15.582	-2.940	0.35568	-0.34131	-0.66873	0.55649	24.3	13111	100
2025-5-11 11:12:52.838	WTBenchPress#5(CEA7A127C8E8)	0.024	-1.027	-0.067	30.640	4.822	2.747	-93.30	-2.64	118.61	8.624	15.582	-2.940	0.35568	-0.34131	-0.66873	0.55649	24.3	13111	100
2025-5-11 11:12:52.838	WTBenchPress#5(CEA7A127C8E8)	0.067	-1.061	-0.038	17.883	2.075	2.197	-92.76	-2.58	118.47	8.624	15.582	-2.940	0.35568	-0.34131	-0.66873	0.55649	24.3	13111	100
2025-5-11 11:12:52.870	WTBenchPress#5(CEA7A127C8E8)	0.112	-1.037	-0.076	2.075	-0.488	0.732	-92.50	-2.54	118.39	8.624	15.582	-2.940	0.35568	-0.34131	-0.66873	0.55649	24.3	13111	100
2025-5-11 11:12:52.870	WTBenchPress#5(CEA7A127C8E8)	0.098	-0.970	-0.167	5.371	-1.404	-0.549	-92.46	-2.53	118.36	8.624	15.582	-2.940	0.35568	-0.34131	-0.66873	0.55649	24.3	13111	100
2025-5-11 11:12:52.928	WTBenchPress#5(CEA7A127C8E8)	0.052	-0.950	-0.129	27.161	-2.075	0.061	-92.27	-2.54	118.35	8.624	15.582	-2.940	0.35568	-0.34131	-0.66873	0.55649	24.3	13111	100
2025-5-11 11:12:52.928	WTBenchPress#5(CEA7A127C8E8)	0.034	-1.047	0.033	23.926	-2.136	0.122	-91.79	-2.55	118.36	8.624	15.582	-2.940	0.35568	-0.34131	-0.66873	0.55649	24.3	13111	100
2025-5-11 11:12:52.958	WTBenchPress#5(CEA7A127C8E8)	0.046	-0.903	-0.015	0.122	-0.671	-3.113	-91.46	-2.57	118.34	8.624	15.582	-2.940	0.37134	-0.35336	-0.62277	0.59100	24.3	13111	100
2025-5-11 11:12:52.958	WTBenchPress#5(CEA7A127C8E8)	0.065	-0.929	-0.068	-8.240	1.709	-6.226	-91.53	-2.65	118.30	8.624	15.582	-2.940	0.37134	-0.35336	-0.62277	0.59100	24.3	13111	100
2025-5-11 11:12:52.989	WTBenchPress#5(CEA7A127C8E8)	0.088	-0.957	-0.096	-1.526	4.272	-7.446	-91.68	-2.79	118.19	8.624	15.582	-2.940	0.37134	-0.35336	-0.62277	0.59100	24.3	13111	100
2025-5-11 11:12:52.989	WTBenchPress#5(CEA7A127C8E8)	0.065	-0.891	-0.164	3.540	5.676	-9.338	-91.71	-2.95	118.05	8.624	15.582	-2.940	0.37134	-0.35336	-0.62277	0.59100	24.3	13111	100
2025-5-11 11:12:53.48	WTBenchPress#5(CEA7A127C8E8)	0.035	-0.942	-0.165	9.827	6.653	-10.010	-91.64	-3.15	117.91	8.624	15.582	-2.940	0.37134	-0.35336	-0.62277	0.59100	24.3	13111	100
2025-5-11 11:12:53.48	WTBenchPress#5(CEA7A127C8E8)	0.049	-1.030	-0.076	5.310	7.446	-8.240	-91.51	-3.35	117.75	8.624	15.582	-2.940	0.37134	-0.35336	-0.62277	0.59100	24.3	13111	100
2025-5-11 11:12:53.79	WTBenchPress#5(CEA7A127C8E8)	0.093	-0.918	-0.103	-9.827	6.836	-7.202	-91.53	-3.51	117.60	8.624	15.582	-2.940	0.37134	-0.35336	-0.62277	0.59100	24.3	13111	100
2025-5-11 11:12:53.79	WTBenchPress#5(CEA7A127C8E8)	0.148	-0.876	-0.131	-11.108	5.127	-6.897	-91.78	-3.65	117.48	8.624	15.582	-2.940	0.37134	-0.35336	-0.62277	0.59100	24.3	13111	100
2025-5-11 11:12:53.110	WTBenchPress#5(CEA7A127C8E8)	0.114	-0.905	-0.119	0.488	3.113	-6.409	-91.93	-3.79	117.41	8.624	15.582	-2.940	0.37134	-0.35336	-0.62277	0.59100	24.3	13111	100
2025-5-11 11:12:53.110	WTBenchPress#5(CEA7A127C8E8)	0.046	-0.938	-0.022	4.272	1.221	-4.456	-91.93	-3.91	117.37	8.624	15.582	-2.940	0.37134	-0.35336	-0.62277	0.59100	24.3	13111	100
2025-5-11 11:12:53.168	WTBenchPress#5(CEA7A127C8E8)	0.006	-0.860	0.039	-5.127	0.244	-2.869	-91.98	-4.00	117.34	8.330	16.758	-3.234	0.37134	-0.35336	-0.62277	0.59100	24.3	13111	100
2025-5-11 11:12:53.168	WTBenchPress#5(CEA7A127C8E8)	-0.038	-0.895	0.051	-14.526	0.244	-2.136	-92.20	-4.05	117.31	8.330	16.758	-3.234	0.37134	-0.35336	-0.62277	0.59100	24.3	13111	100
2025-5-11 11:12:53.198	WTBenchPress#5(CEA7A127C8E8)	-0.019	-0.930	0.007	-12.695	2.014	0.610	-92.47	-4.07	117.24	8.330	16.758	-3.234	0.37134	-0.35336	-0.62277	0.59100	24.3	13111	100
2025-5-11 11:12:53.198	WTBenchPress#5(CEA7A127C8E8)	0.046	-0.952	0.050	-2.991	4.639	3.723	-92.62	-4.02	117.11	8.330	16.758	-3.234	0.37134	-0.35336	-0.62277	0.59100	24.3	13111	100
2025-5-11 11:12:53.259	WTBenchPress#5(CEA7A127C8E8)	0.075	-0.879	0.023	-6.653	6.226	5.432	-92.69	-3.91	116.93	8.330	16.758	-3.234	0.37134	-0.35336	-0.62277	0.59100	24.3	13111	100
2025-5-11 11:12:53.259	WTBenchPress#5(CEA7A127C8E8)	0.087	-0.927	-0.021	-15.869	5.859	7.080	-92.88	-3.77	116.72	8.330	16.758	-3.234	0.37134	-0.35336	-0.62277	0.59100	24.3	13111	100
2025-5-11 11:12:53.290	WTBenchPress#5(CEA7A127C8E8)	0.134	-0.929	-0.124	-17.273	3.723	8.606	-93.18	-3.61	116.54	8.330	16.758	-3.234	0.37134	-0.35336	-0.62277	0.59100	24.3	13111	100
2025-5-11 11:12:53.290	WTBenchPress#5(CEA7A127C8E8)	0.158	-0.867	-0.206	-10.559	0.427	8.850	-93.44	-3.43	116.44	8.330	16.758	-3.234	0.37134	-0.35336	-0.62277	0.59100	24.3	13111	100
2025-5-11 11:12:53.319	WTBenchPress#5(CEA7A127C8E8)	0.146	-0.891	-0.179	-5.432	-3.784	7.263	-93.61	-3.28	116.43	8.330	16.758	-3.234	0.37134	-0.35336	-0.62277	0.59100	24.3	13111	100
2025-5-11 11:12:53.319	WTBenchPress#5(CEA7A127C8E8)	0.137	-0.870	-0.148	-8.850	-8.179	5.981	-93.78	-3.17	116.52	8.330	16.758	-3.234	0.37601	-0.36789	-0.63089	0.57019	24.3	13111	100
2025-5-11 11:12:53.379	WTBenchPress#5(CEA7A127C8E8)	0.098	-0.868	-0.109	-12.817	-11.414	3.784	-94.04	-3.09	116.69	8.330	16.758	-3.234	0.37601	-0.36789	-0.63089	0.57019	24.3	13111	100
2025-5-11 11:12:53.379	WTBenchPress#5(CEA7A127C8E8)	0.021	-0.819	-0.065	-3.967	-11.963	1.770	-94.25	-3.06	116.88	8.330	16.758	-3.234	0.37601	-0.36789	-0.63089	0.57019	24.3	13111	100
2025-5-11 11:12:53.410	WTBenchPress#5(CEA7A127C8E8)	-0.039	-0.833	-0.018	6.653	-9.399	-0.061	-94.25	-3.07	117.04	8.330	16.758	-3.234	0.37601	-0.36789	-0.63089	0.57019	24.3	13111	100
2025-5-11 11:12:53.410	WTBenchPress#5(CEA7A127C8E8)	-0.085	-0.822	0.040	9.583	-5.493	-2.075	-94.11	-3.10	117.12	8.330	16.758	-3.234	0.37601	-0.36789	-0.63089	0.57019	24.3	13111	100
2025-5-11 11:12:53.438	WTBenchPress#5(CEA7A127C8E8)	-0.106	-0.816	0.068	-3.540	-2.686	-5.127	-94.05	-3.18	117.13	8.330	16.758	-3.234	0.37601	-0.36789	-0.63089	0.57019	24.3	13111	100
2025-5-11 11:12:53.438	WTBenchPress#5(CEA7A127C8E8)	-0.107	-0.817	0.041	-11.597	-0.793	-7.446	-94.18	-3.30	117.08	8.330	16.758	-3.234	0.37601	-0.36789	-0.63089	0.57019	24.3	13111	100
2025-5-11 11:12:53.499	WTBenchPress#5(CEA7A127C8E8)	-0.087	-0.842	0.048	-6.165	1.404	-9.033	-94.32	-3.43	116.98	8.330	16.758	-3.234	0.37601	-0.36789	-0.63089	0.57019	24.3	13111	100
2025-5-11 11:12:53.499	WTBenchPress#5(CEA7A127C8E8)	-0.068	-0.842	0.116	-0.122	4.150	-9.827	-94.32	-3.57	116.82	8.330	16.758	-3.234	0.37601	-0.36789	-0.63089	0.57019	24.3	13111	100
2025-5-11 11:12:53.529	WTBenchPress#5(CEA7A127C8E8)	-0.042	-0.866	0.118	1.526	6.409	-10.132	-94.24	-3.72	116.58	8.330	16.758	-3.234	0.37601	-0.36789	-0.63089	0.57019	24.3	13111	100
2025-5-11 11:12:53.529	WTBenchPress#5(CEA7A127C8E8)	-0.003	-0.893	0.139	1.343	6.897	-9.766	-94.11	-3.87	116.28	7.840	18.326	-2.450	0.37601	-0.36789	-0.63089	0.57019	24.3	13111	100
2025-5-11 11:12:53.558	WTBenchPress#5(CEA7A127C8E8)	0.045	-0.913	0.121	-3.601	6.042	-9.460	-94.04	-4.01	115.97	7.840	18.326	-2.450	0.37601	-0.36789	-0.63089	0.57019	24.3	13111	100
2025-5-11 11:12:53.558	WTBenchPress#5(CEA7A127C8E8)	0.088	-0.933	0.076	-2.502	5.310	-8.728	-93.99	-4.14	115.68	7.840	18.326	-2.450	0.37601	-0.36789	-0.63089	0.57019	24.3	13111	100
2025-5-11 11:12:53.618	WTBenchPress#5(CEA7A127C8E8)	0.126	-0.951	0.066	4.272	5.493	-7.935	-93.82	-4.27	115.38	7.840	18.326	-2.450	0.37601	-0.36789	-0.63089	0.57019	24.3	13111	100
2025-5-11 11:12:53.618	WTBenchPress#5(CEA7A127C8E8)	0.150	-0.968	0.083	7.813	6.592	-7.446	-93.58	-4.40	115.07	7.840	18.326	-2.450	0.37601	-0.36789	-0.63089	0.57019	24.3	13111	100
2025-5-11 11:12:53.649	WTBenchPress#5(CEA7A127C8E8)	0.166	-0.999	0.074	7.629	8.057	-7.263	-93.31	-4.54	114.74	7.840	18.326	-2.450	0.37601	-0.36789	-0.63089	0.57019	24.3	13111	100
2025-5-11 11:12:53.649	WTBenchPress#5(CEA7A127C8E8)	0.189	-1.025	0.003	7.813	8.972	-7.324	-93.06	-4.70	114.42	7.840	18.326	-2.450	0.37601	-0.36789	-0.63089	0.57019	24.3	13111	100
2025-5-11 11:12:53.680	WTBenchPress#5(CEA7A127C8E8)	0.188	-1.054	-0.058	9.949	8.667	-6.348	-92.79	-4.84	114.12	7.840	18.326	-2.450	0.37601	-0.36789	-0.63089	0.57019	24.3	13111	100
2025-5-11 11:12:53.680	WTBenchPress#5(CEA7A127C8E8)	0.161	-1.086	-0.094	10.071	7.568	-5.066	-92.52	-4.98	113.88	7.840	18.326	-2.450	0.37601	-0.36789	-0.63089	0.57019	24.3	13111	100
2025-5-11 11:12:53.739	WTBenchPress#5(CEA7A127C8E8)	0.147	-1.115	-0.093	8.484	6.653	-3.113	-92.30	-5.07	113.69	7.840	18.326	-2.450	0.37601	-0.36789	-0.63089	0.57019	24.3	13111	100
2025-5-11 11:12:53.739	WTBenchPress#5(CEA7A127C8E8)	0.136	-1.080	-0.084	5.493	6.104	-1.526	-92.15	-5.14	113.54	7.840	18.326	-2.450	0.37601	-0.36789	-0.63089	0.57019	24.3	13111	100
2025-5-11 11:12:53.768	WTBenchPress#5(CEA7A127C8E8)	0.123	-1.077	-0.056	3.113	5.798	-0.549	-92.05	-5.18	113.42	7.840	18.326	-2.450	0.40808	-0.36835	-0.61804	0.56186	24.3	13111	100
2025-5-11 11:12:53.768	WTBenchPress#5(CEA7A127C8E8)	0.101	-1.083	-0.053	2.808	5.676	-0.061	-91.98	-5.21	113.32	7.840	18.326	-2.450	0.40808	-0.36835	-0.61804	0.56186	24.3	13111	100
2025-5-11 11:12:53.798	WTBenchPress#5(CEA7A127C8E8)	0.086	-1.103	-0.069	7.935	5.615	0.488	-91.84	-5.22	113.23	7.840	18.326	-2.450	0.40808	-0.36835	-0.61804	0.56186	24.3	13111	100
2025-5-11 11:12:53.798	WTBenchPress#5(CEA7A127C8E8)	0.081	-1.104	-0.042	10.376	5.005	1.160	-91.64	-5.22	113.17	7.840	18.326	-2.450	0.40808	-0.36835	-0.61804	0.56186	24.3	13111	100
2025-5-11 11:12:53.859	WTBenchPress#5(CEA7A127C8E8)	0.088	-1.111	-0.011	3.723	4.028	1.404	-91.53	-5.21	113.14	7.840	18.326	-2.450	0.40808	-0.36835	-0.61804	0.56186	24.3	13111	100
2025-5-11 11:12:53.859	WTBenchPress#5(CEA7A127C8E8)	0.082	-1.110	-0.026	0.427	3.113	1.587	-91.50	-5.19	113.13	7.840	18.326	-2.450	0.40808	-0.36835	-0.61804	0.56186	24.3	13111	100
2025-5-11 11:12:53.888	WTBenchPress#5(CEA7A127C8E8)	0.061	-1.122	-0.020	0.854	2.563	1.770	-91.48	-5.16	113.14	7.840	18.326	-2.450	0.40808	-0.36835	-0.61804	0.56186	24.3	13111	100
2025-5-11 11:12:53.888	WTBenchPress#5(CEA7A127C8E8)	0.043	-1.144	-0.029	-0.305	2.380	2.136	-91.48	-5.11	113.15	7.840	18.326	-2.450	0.40808	-0.36835	-0.61804	0.56186	24.3	13111	100
2025-5-11 11:12:53.918	WTBenchPress#5(CEA7A127C8E8)	0.028	-1.140	-0.055	-0.366	2.136	2.380	-91.49	-5.06	113.19	7.840	18.326	-2.450	0.40808	-0.36835	-0.61804	0.56186	24.3	13111	100
2025-5-11 11:12:53.919	WTBenchPress#5(CEA7A127C8E8)	0.031	-1.143	-0.068	1.770	1.648	2.014	-91.47	-5.02	113.24	7.840	18.326	-2.450	0.40808	-0.36835	-0.61804	0.56186	24.3	13111	100
2025-5-11 11:12:53.979	WTBenchPress#5(CEA7A127C8E8)	0.034	-1.132	-0.077	4.395	0.854	1.282	-91.39	-4.97	113.32	7.448	17.640	-4.606	0.40808	-0.36835	-0.61804	0.56186	24.3	13111	100
2025-5-11 11:12:53.979	WTBenchPress#5(CEA7A127C8E8)	0.030	-1.141	-0.083	6.226	-0.183	0.916	-91.28	-4.94	113.43	7.448	17.640	-4.606	0.40808	-0.36835	-0.61804	0.56186	24.3	13111	100
2025-5-11 11:12:54.10	WTBenchPress#5(CEA7A127C8E8)	0.029	-1.133	-0.081	6.653	-1.831	0.793	-91.17	-4.90	113.60	7.448	17.640	-4.606	0.40808	-0.36835	-0.61804	0.56186	24.3	13111	100
2025-5-11 11:12:54.10	WTBenchPress#5(CEA7A127C8E8)	0.035	-1.123	-0.069	4.333	-3.784	0.610	-91.12	-4.86	113.81	7.448	17.640	-4.606	0.40808	-0.36835	-0.61804	0.56186	24.3	13111	100
2025-5-11 11:12:54.40	WTBenchPress#5(CEA7A127C8E8)	0.042	-1.117	-0.075	2.869	-5.310	0.366	-91.10	-4.82	114.05	7.448	17.640	-4.606	0.40808	-0.36835	-0.61804	0.56186	24.3	13111	100
2025-5-11 11:12:54.40	WTBenchPress#5(CEA7A127C8E8)	0.058	-1.110	-0.066	2.869	-6.531	0.793	-91.08	-4.78	114.33	7.448	17.640	-4.606	0.40808	-0.36835	-0.61804	0.56186	24.3	13111	100
2025-5-11 11:12:54.101	WTBenchPress#5(CEA7A127C8E8)	0.082	-1.093	-0.051	-2.686	-7.996	0.793	-91.18	-4.74	114.63	7.448	17.640	-4.606	0.40808	-0.36835	-0.61804	0.56186	24.3	13111	100
2025-5-11 11:12:54.101	WTBenchPress#5(CEA7A127C8E8)	0.100	-1.104	-0.078	-4.944	-8.789	1.099	-91.31	-4.69	114.94	7.448	17.640	-4.606	0.40808	-0.36835	-0.61804	0.56186	24.3	13111	100
2025-5-11 11:12:54.131	WTBenchPress#5(CEA7A127C8E8)	0.114	-1.112	-0.063	-3.235	-9.033	1.587	-91.42	-4.64	115.24	7.448	17.640	-4.606	0.40808	-0.36835	-0.61804	0.56186	24.3	13111	100
2025-5-11 11:12:54.131	WTBenchPress#5(CEA7A127C8E8)	0.128	-1.077	-0.024	-3.906	-8.667	1.648	-91.53	-4.59	115.53	7.448	17.640	-4.606	0.39508	-0.35788	-0.62119	0.57434	24.3	13111	100
2025-5-11 11:12:54.161	WTBenchPress#5(CEA7A127C8E8)	0.127	-1.057	-0.025	-6.104	-7.751	1.038	-91.68	-4.56	115.77	7.448	17.640	-4.606	0.39508	-0.35788	-0.62119	0.57434	24.3	13111	100
2025-5-11 11:12:54.161	WTBenchPress#5(CEA7A127C8E8)	0.127	-1.059	-0.003	-5.615	-6.409	0.854	-91.81	-4.54	115.98	7.448	17.640	-4.606	0.39508	-0.35788	-0.62119	0.57434	24.3	13111	100
2025-5-11 11:12:54.219	WTBenchPress#5(CEA7A127C8E8)	0.124	-1.056	0.014	-7.690	-5.066	1.160	-91.97	-4.52	116.14	7.448	17.640	-4.606	0.39508	-0.35788	-0.62119	0.57434	24.3	13111	100
2025-5-11 11:12:54.219	WTBenchPress#5(CEA7A127C8E8)	0.096	-1.059	-0.038	-4.395	-4.211	1.831	-92.06	-4.49	116.27	7.448	17.640	-4.606	0.39508	-0.35788	-0.62119	0.57434	24.3	13111	100
2025-5-11 11:12:54.250	WTBenchPress#5(CEA7A127C8E8)	0.083	-1.030	0.018	-0.183	-3.845	2.686	-92.06	-4.44	116.37	7.448	17.640	-4.606	0.39508	-0.35788	-0.62119	0.57434	24.3	13111	100
2025-5-11 11:12:54.250	WTBenchPress#5(CEA7A127C8E8)	0.072	-1.016	0.040	-8.667	-3.784	2.747	-92.22	-4.39	116.47	7.448	17.640	-4.606	0.39508	-0.35788	-0.62119	0.57434	24.3	13111	100
2025-5-11 11:12:54.279	WTBenchPress#5(CEA7A127C8E8)	0.059	-1.002	0.023	-7.629	-3.479	3.662	-92.36	-4.33	116.54	7.448	17.640	-4.606	0.39508	-0.35788	-0.62119	0.57434	24.3	13111	100
2025-5-11 11:12:54.279	WTBenchPress#5(CEA7A127C8E8)	0.063	-0.995	0.069	-10.742	-3.296	4.517	-92.55	-4.25	116.60	7.448	17.640	-4.606	0.39508	-0.35788	-0.62119	0.57434	24.3	13111	100
2025-5-11 11:12:54.380	WTBenchPress#5(CEA7A127C8E8)	0.057	-0.983	0.045	-9.705	-2.808	5.371	-92.70	-4.14	116.63	7.448	17.640	-4.606	0.39508	-0.35788	-0.62119	0.57434	24.3	13111	100
2025-5-11 11:12:54.380	WTBenchPress#5(CEA7A127C8E8)	0.042	-0.967	0.084	-4.395	-2.441	6.287	-92.75	-4.02	116.64	7.448	17.640	-4.606	0.39508	-0.35788	-0.62119	0.57434	24.3	13111	100
2025-5-11 11:12:54.380	WTBenchPress#5(CEA7A127C8E8)	0.022	-0.967	0.105	-6.714	-2.136	6.714	-92.83	-3.89	116.61	7.154	19.012	-4.018	0.39508	-0.35788	-0.62119	0.57434	24.3	13111	100
2025-5-11 11:12:54.380	WTBenchPress#5(CEA7A127C8E8)	0.016	-0.966	0.103	-6.409	-1.953	6.531	-92.89	-3.76	116.55	7.154	19.012	-4.018	0.39508	-0.35788	-0.62119	0.57434	24.3	13111	100
2025-5-11 11:12:54.400	WTBenchPress#5(CEA7A127C8E8)	0.019	-0.977	0.074	-3.784	-1.587	6.165	-92.93	-3.64	116.48	7.154	19.012	-4.018	0.39508	-0.35788	-0.62119	0.57434	24.3	13111	100
2025-5-11 11:12:54.400	WTBenchPress#5(CEA7A127C8E8)	0.027	-0.978	0.065	-1.221	-0.916	5.493	-92.92	-3.52	116.39	7.154	19.012	-4.018	0.39508	-0.35788	-0.62119	0.57434	24.3	13111	100
2025-5-11 11:12:54.466	WTBenchPress#5(CEA7A127C8E8)	0.042	-0.982	0.032	1.282	-0.183	4.395	-92.85	-3.41	116.30	7.154	19.012	-4.018	0.39508	-0.35788	-0.62119	0.57434	24.3	13111	100
2025-5-11 11:12:54.466	WTBenchPress#5(CEA7A127C8E8)	0.051	-0.986	0.025	3.235	0.549	3.235	-92.74	-3.32	116.19	7.154	19.012	-4.018	0.39508	-0.35788	-0.62119	0.57434	24.3	13111	100
2025-5-11 11:12:54.492	WTBenchPress#5(CEA7A127C8E8)	0.062	-0.985	-0.005	6.165	1.526	2.441	-92.59	-3.25	116.08	7.154	19.012	-4.018	0.39508	-0.35788	-0.62119	0.57434	24.3	13111	100
2025-5-11 11:12:54.492	WTBenchPress#5(CEA7A127C8E8)	0.067	-0.980	-0.029	11.475	2.747	1.953	-92.38	-3.20	115.98	7.154	19.012	-4.018	0.39508	-0.35788	-0.62119	0.57434	24.3	13111	100
2025-5-11 11:12:54.522	WTBenchPress#5(CEA7A127C8E8)	0.070	-0.990	-0.024	13.855	3.540	1.587	-92.08	-3.16	115.87	7.154	19.012	-4.018	0.39508	-0.35788	-0.62119	0.57434	24.3	13111	100
2025-5-11 11:12:54.522	WTBenchPress#5(CEA7A127C8E8)	0.059	-0.951	-0.078	6.226	4.272	0.854	-91.80	-3.14	115.78	7.154	19.012	-4.018	0.39508	-0.35788	-0.62119	0.57434	24.3	13111	100
2025-5-11 11:12:54.580	WTBenchPress#5(CEA7A127C8E8)	0.034	-1.014	-0.364	42.358	5.981	1.892	-91.47	-3.11	115.70	7.154	19.012	-4.018	0.38910	-0.36362	-0.61395	0.58252	24.3	13111	100
2025-5-11 11:12:54.580	WTBenchPress#5(CEA7A127C8E8)	0.015	-0.918	-0.163	21.057	5.798	0.732	-90.75	-3.09	115.68	7.154	19.012	-4.018	0.38910	-0.36362	-0.61395	0.58252	24.3	13111	100
2025-5-11 11:12:54.613	WTBenchPress#5(CEA7A127C8E8)	0.025	-0.849	-0.104	4.761	5.798	-0.305	-90.46	-3.09	115.70	7.154	19.012	-4.018	0.38910	-0.36362	-0.61395	0.58252	24.3	13111	100
2025-5-11 11:12:54.613	WTBenchPress#5(CEA7A127C8E8)	0.025	-0.897	-0.109	-12.329	5.371	-1.770	-90.50	-3.10	115.76	7.154	19.012	-4.018	0.38910	-0.36362	-0.61395	0.58252	24.3	13111	100
2025-5-11 11:12:54.639	WTBenchPress#5(CEA7A127C8E8)	0.042	-0.905	0.022	-10.376	5.188	-1.648	-90.79	-3.14	115.83	7.154	19.012	-4.018	0.38910	-0.36362	-0.61395	0.58252	24.3	13111	100
2025-5-11 11:12:54.639	WTBenchPress#5(CEA7A127C8E8)	0.042	-0.968	-0.020	-12.085	4.822	-1.892	-91.04	-3.17	115.89	7.154	19.012	-4.018	0.38910	-0.36362	-0.61395	0.58252	24.3	13111	100
2025-5-11 11:12:54.699	WTBenchPress#5(CEA7A127C8E8)	0.048	-0.979	0.086	-6.897	4.211	-2.075	-91.29	-3.21	115.96	7.154	19.012	-4.018	0.38910	-0.36362	-0.61395	0.58252	24.3	13111	100
2025-5-11 11:12:54.699	WTBenchPress#5(CEA7A127C8E8)	0.040	-1.026	0.055	-5.310	3.723	-3.174	-91.42	-3.25	116.01	7.154	19.012	-4.018	0.38910	-0.36362	-0.61395	0.58252	24.3	13111	100
2025-5-11 11:12:54.730	WTBenchPress#5(CEA7A127C8E8)	0.038	-1.012	0.125	-0.671	3.357	-3.845	-91.50	-3.30	116.05	7.154	19.012	-4.018	0.38910	-0.36362	-0.61395	0.58252	24.3	13111	100
2025-5-11 11:12:54.730	WTBenchPress#5(CEA7A127C8E8)	0.035	-1.051	0.084	4.517	3.235	-4.456	-91.46	-3.37	116.07	7.154	19.012	-4.018	0.38910	-0.36362	-0.61395	0.58252	24.3	13111	100
2025-5-11 11:12:54.790	WTBenchPress#5(CEA7A127C8E8)	0.032	-1.059	0.125	12.268	3.296	-4.333	-91.30	-3.45	116.08	7.350	20.188	-5.684	0.38910	-0.36362	-0.61395	0.58252	24.3	13111	100
2025-5-11 11:12:54.790	WTBenchPress#5(CEA7A127C8E8)	0.023	-0.870	0.049	18.860	3.601	-3.540	-90.94	-3.51	116.07	7.350	20.188	-5.684	0.38910	-0.36362	-0.61395	0.58252	24.3	13111	100
2025-5-11 11:12:54.819	WTBenchPress#5(CEA7A127C8E8)	0.042	-0.825	0.231	7.446	3.052	-2.991	-90.64	-3.56	116.06	7.350	20.188	-5.684	0.38910	-0.36362	-0.61395	0.58252	24.3	13111	100
2025-5-11 11:12:54.819	WTBenchPress#5(CEA7A127C8E8)	0.059	-1.039	0.301	-36.499	1.648	-3.296	-90.86	-3.60	116.03	7.350	20.188	-5.684	0.38910	-0.36362	-0.61395	0.58252	24.3	13111	100
2025-5-11 11:12:54.849	WTBenchPress#5(CEA7A127C8E8)	0.081	-1.093	0.092	-53.833	0.916	-2.319	-91.66	-3.65	115.99	7.350	20.188	-5.684	0.38910	-0.36362	-0.61395	0.58252	24.3	13111	100
2025-5-11 11:12:54.849	WTBenchPress#5(CEA7A127C8E8)	0.092	-1.066	-0.045	-32.898	0.916	0.977	-92.43	-3.65	115.94	7.350	20.188	-5.684	0.38910	-0.36362	-0.61395	0.58252	24.3	13111	100
2025-5-11 11:12:54.912	WTBenchPress#5(CEA7A127C8E8)	0.083	-1.050	-0.090	-2.686	1.099	4.150	-92.70	-3.59	115.92	7.350	20.188	-5.684	0.38910	-0.36362	-0.61395	0.58252	24.3	13111	100
2025-5-11 11:12:54.912	WTBenchPress#5(CEA7A127C8E8)	0.069	-1.037	-0.081	19.958	1.648	7.080	-92.46	-3.47	115.91	7.350	20.188	-5.684	0.38910	-0.36362	-0.61395	0.58252	24.3	13111	100
2025-5-11 11:12:54.939	WTBenchPress#5(CEA7A127C8E8)	0.065	-1.040	-0.049	27.527	2.197	9.033	-91.93	-3.31	115.91	7.350	20.188	-5.684	0.38910	-0.36362	-0.61395	0.58252	24.3	13111	100
2025-5-11 11:12:54.940	WTBenchPress#5(CEA7A127C8E8)	0.057	-1.011	-0.073	29.175	2.563	9.094	-91.34	-3.14	115.93	7.350	20.188	-5.684	0.38782	-0.36197	-0.61362	0.58475	24.3	13111	100
2025-5-11 11:12:54.970	WTBenchPress#5(CEA7A127C8E8)	0.046	-0.996	-0.063	33.264	2.930	7.141	-90.70	-2.98	115.96	7.350	20.188	-5.684	0.38782	-0.36197	-0.61362	0.58475	24.3	13111	100
2025-5-11 11:12:54.970	WTBenchPress#5(CEA7A127C8E8)	0.029	-1.038	-0.018	33.875	3.723	5.188	-90.03	-2.86	116.02	7.350	20.188	-5.684	0.38782	-0.36197	-0.61362	0.58475	24.3	13111	100
2025-5-11 11:12:55.29	WTBenchPress#5(CEA7A127C8E8)	0.013	-1.046	0.011	31.189	4.822	4.333	-89.40	-2.77	116.07	7.350	20.188	-5.684	0.38782	-0.36197	-0.61362	0.58475	24.3	13111	100
2025-5-11 11:12:55.30	WTBenchPress#5(CEA7A127C8E8)	0.008	-1.006	0.024	26.794	5.920	4.211	-88.82	-2.69	116.10	7.350	20.188	-5.684	0.38782	-0.36197	-0.61362	0.58475	24.3	13111	100
2025-5-11 11:12:55.59	WTBenchPress#5(CEA7A127C8E8)	0.019	-0.975	0.037	22.705	6.470	3.357	-88.35	-2.61	116.14	7.350	20.188	-5.684	0.38782	-0.36197	-0.61362	0.58475	24.3	13111	100
2025-5-11 11:12:55.59	WTBenchPress#5(CEA7A127C8E8)	0.024	-0.971	0.051	18.494	6.287	1.709	-87.95	-2.56	116.17	7.350	20.188	-5.684	0.38782	-0.36197	-0.61362	0.58475	24.3	13111	100
2025-5-11 11:12:55.90	WTBenchPress#5(CEA7A127C8E8)	0.021	-0.994	0.066	11.353	5.371	-0.610	-87.66	-2.54	116.23	7.350	20.188	-5.684	0.38782	-0.36197	-0.61362	0.58475	24.3	13111	100
2025-5-11 11:12:55.90	WTBenchPress#5(CEA7A127C8E8)	0.022	-1.009	0.084	1.770	4.089	-2.380	-87.54	-2.56	116.30	7.350	20.188	-5.684	0.38782	-0.36197	-0.61362	0.58475	24.3	13111	100
2025-5-11 11:12:55.150	WTBenchPress#5(CEA7A127C8E8)	0.019	-1.039	0.064	-5.249	3.540	-2.747	-87.58	-2.60	116.39	7.350	20.188	-5.684	0.38782	-0.36197	-0.61362	0.58475	24.3	13111	100
2025-5-11 11:12:55.151	WTBenchPress#5(CEA7A127C8E8)	0.014	-1.031	0.053	-6.287	3.601	-2.136	-87.69	-2.63	116.49	7.350	20.188	-5.684	0.38782	-0.36197	-0.61362	0.58475	24.3	13111	100
2025-5-11 11:12:55.179	WTBenchPress#5(CEA7A127C8E8)	0.014	-1.030	0.043	-3.601	3.845	-1.709	-87.79	-2.65	116.58	7.350	20.188	-5.684	0.38782	-0.36197	-0.61362	0.58475	24.3	13111	100
2025-5-11 11:12:55.179	WTBenchPress#5(CEA7A127C8E8)	0.017	-1.035	0.038	1.526	4.089	-1.648	-87.80	-2.67	116.67	7.350	20.188	-5.684	0.38782	-0.36197	-0.61362	0.58475	24.3	13111	100
2025-5-11 11:12:55.210	WTBenchPress#5(CEA7A127C8E8)	0.022	-1.042	0.049	6.042	4.211	-1.465	-87.70	-2.68	116.76	7.350	20.188	-5.684	0.38782	-0.36197	-0.61362	0.58475	24.3	13111	100
2025-5-11 11:12:55.210	WTBenchPress#5(CEA7A127C8E8)	0.030	-1.036	0.063	9.216	4.456	-1.160	-87.53	-2.68	116.85	7.350	20.188	-5.684	0.38782	-0.36197	-0.61362	0.58475	24.3	13111	100
2025-5-11 11:12:55.269	WTBenchPress#5(CEA7A127C8E8)	0.039	-1.037	0.064	12.085	4.883	-0.916	-87.30	-2.68	116.93	7.350	20.188	-5.684	0.38782	-0.36197	-0.61362	0.58475	24.3	13111	100
2025-5-11 11:12:55.269	WTBenchPress#5(CEA7A127C8E8)	0.037	-1.038	0.080	15.564	5.432	-0.732	-87.00	-2.68	117.00	7.350	20.188	-5.684	0.38782	-0.36197	-0.61362	0.58475	24.3	13111	100
2025-5-11 11:12:55.300	WTBenchPress#5(CEA7A127C8E8)	0.042	-1.039	0.101	17.517	6.104	-0.549	-86.66	-2.66	117.07	7.350	20.188	-5.684	0.38782	-0.36197	-0.61362	0.58475	24.3	13111	100
2025-5-11 11:12:55.300	WTBenchPress#5(CEA7A127C8E8)	0.033	-1.018	0.095	16.479	6.409	-1.038	-86.32	-2.66	117.12	7.350	20.188	-5.684	0.38782	-0.36197	-0.61362	0.58475	24.3	13111	100
2025-5-11 11:12:55.330	WTBenchPress#5(CEA7A127C8E8)	0.029	-0.987	0.137	12.024	6.226	-2.319	-86.04	-2.69	117.17	7.350	20.188	-5.684	0.38782	-0.36197	-0.61362	0.58475	24.3	13111	100
2025-5-11 11:12:55.330	WTBenchPress#5(CEA7A127C8E8)	0.041	-0.965	0.167	5.066	7.019	-4.089	-85.90	-2.74	117.21	7.350	20.188	-5.684	0.38782	-0.36197	-0.61362	0.58475	24.3	13111	100
2025-5-11 11:12:55.390	WTBenchPress#5(CEA7A127C8E8)	0.065	-0.964	0.120	-1.038	7.080	-5.737	-85.86	-2.82	117.23	7.350	20.188	-5.684	0.38782	-0.36197	-0.61362	0.58475	24.3	13111	100
2025-5-11 11:12:55.390	WTBenchPress#5(CEA7A127C8E8)	0.080	-1.026	0.133	-6.042	6.226	-7.019	-85.93	-2.93	117.26	7.350	20.188	-5.684	0.38782	-0.36197	-0.61362	0.58475	24.3	13111	100
2025-5-11 11:12:55.420	WTBenchPress#5(CEA7A127C8E8)	0.088	-1.050	0.126	-11.841	5.920	-7.324	-86.11	-3.05	117.30	7.350	20.188	-5.684	0.38782	-0.36197	-0.61362	0.58475	24.3	13111	100
2025-5-11 11:12:55.420	WTBenchPress#5(CEA7A127C8E8)	0.101	-1.017	0.079	-13.733	4.700	-7.751	-86.34	-3.19	117.34	7.350	20.188	-5.684	0.38782	-0.36197	-0.61362	0.58475	24.1	13111	100
2025-5-11 11:12:55.479	WTBenchPress#5(CEA7A127C8E8)	0.108	-1.014	0.070	-9.033	3.845	-5.798	-86.51	-3.31	117.41	7.350	20.188	-5.684	0.38782	-0.36197	-0.61362	0.58475	24.1	13111	100
2025-5-11 11:12:55.479	WTBenchPress#5(CEA7A127C8E8)	0.103	-1.069	0.052	-7.080	3.296	-2.625	-86.63	-3.37	117.49	7.350	20.188	-5.684	0.38782	-0.36197	-0.61362	0.58475	24.1	13111	100
2025-5-11 11:12:55.511	WTBenchPress#5(CEA7A127C8E8)	0.046	-1.072	0.065	-3.967	2.686	0.793	-86.70	-3.38	117.59	7.350	20.188	-5.684	0.38782	-0.36197	-0.61362	0.58475	24.1	13111	100
2025-5-11 11:12:55.511	WTBenchPress#5(CEA7A127C8E8)	0.077	-0.520	0.029	-1.587	2.014	3.113	-86.73	-3.33	117.71	7.350	20.188	-5.684	0.38782	-0.36197	-0.61362	0.58475	24.1	13111	100
2025-5-11 11:12:55.569	WTBenchPress#5(CEA7A127C8E8)	0.065	-1.035	0.078	1.038	0.916	3.723	-86.70	-3.27	117.84	7.350	20.188	-5.684	0.38782	-0.36197	-0.61362	0.58475	24.1	13111	100
2025-5-11 11:12:55.569	WTBenchPress#5(CEA7A127C8E8)	0.059	-1.024	0.087	-0.610	-0.549	2.686	-86.69	-3.22	118.00	7.350	20.188	-5.684	0.38782	-0.36197	-0.61362	0.58475	24.1	13111	100
2025-5-11 11:12:55.571	WTBenchPress#5(CEA7A127C8E8)	0.054	-0.993	0.039	0.488	-1.953	1.160	-86.67	-3.21	118.19	7.350	20.188	-5.684	0.38782	-0.36197	-0.61362	0.58475	24.1	13111	100
2025-5-11 11:12:55.571	WTBenchPress#5(CEA7A127C8E8)	0.052	-0.991	0.038	6.592	-3.052	0.122	-86.57	-3.21	118.40	7.350	20.188	-5.684	0.38782	-0.36197	-0.61362	0.58475	24.1	13111	100
2025-5-11 11:12:55.632	WTBenchPress#5(CEA7A127C8E8)	0.050	-1.020	0.057	9.705	-4.211	-0.488	-86.39	-3.23	118.65	7.350	20.188	-5.684	0.38782	-0.36197	-0.61362	0.58475	24.1	13111	100
2025-5-11 11:12:55.632	WTBenchPress#5(CEA7A127C8E8)	0.044	-1.023	0.068	10.071	-5.371	-0.366	-86.19	-3.25	118.91	7.350	20.188	-5.684	0.38782	-0.36197	-0.61362	0.58475	24.1	13111	100
2025-5-11 11:12:55.662	WTBenchPress#5(CEA7A127C8E8)	0.041	-1.039	0.069	8.972	-6.470	0.061	-86.03	-3.26	119.21	7.350	20.188	-5.684	0.38782	-0.36197	-0.61362	0.58475	24.1	13111	100
2025-5-11 11:12:55.662	WTBenchPress#5(CEA7A127C8E8)	0.033	-1.046	0.078	7.874	-7.385	0.549	-85.88	-3.26	119.53	7.840	19.012	-9.702	0.38782	-0.36197	-0.61362	0.58475	24.1	13111	100
2025-5-11 11:12:55.721	WTBenchPress#5(CEA7A127C8E8)	0.027	-1.037	0.087	4.211	-8.362	1.099	-85.81	-3.25	119.86	7.840	19.012	-9.702	0.38782	-0.36197	-0.61362	0.58475	24.1	13111	100
2025-5-11 11:12:55.722	WTBenchPress#5(CEA7A127C8E8)	0.021	-1.031	0.070	1.038	-9.277	1.404	-85.80	-3.22	120.22	7.840	19.012	-9.702	0.38782	-0.36197	-0.61362	0.58475	24.1	13111	100
2025-5-11 11:12:55.752	WTBenchPress#5(CEA7A127C8E8)	0.018	-1.018	0.075	-0.183	-10.132	1.404	-85.82	-3.20	120.59	7.840	19.012	-9.702	0.38782	-0.36197	-0.61362	0.58475	24.1	13111	100
2025-5-11 11:12:55.752	WTBenchPress#5(CEA7A127C8E8)	0.016	-1.019	0.065	-0.305	-10.925	1.221	-85.84	-3.19	120.98	7.840	19.012	-9.702	0.38782	-0.36197	-0.61362	0.58475	24.1	13111	100
2025-5-11 11:12:55.779	WTBenchPress#5(CEA7A127C8E8)	0.015	-1.025	0.065	0.854	-11.719	1.099	-85.84	-3.16	121.38	7.840	19.012	-9.702	0.38782	-0.36197	-0.61362	0.58475	24.1	13111	100
2025-5-11 11:12:55.780	WTBenchPress#5(CEA7A127C8E8)	0.016	-1.027	0.071	1.709	-12.329	1.038	-85.83	-3.15	121.79	7.840	19.012	-9.702	0.38782	-0.36197	-0.61362	0.58475	24.1	13111	100
2025-5-11 11:12:55.809	WTBenchPress#5(CEA7A127C8E8)	0.018	-1.027	0.066	3.052	-12.817	1.221	-85.79	-3.12	122.21	7.840	19.012	-9.702	0.38782	-0.36197	-0.61362	0.58475	24.1	13111	100
2025-5-11 11:12:55.809	WTBenchPress#5(CEA7A127C8E8)	0.018	-1.029	0.073	4.944	-13.306	1.465	-85.71	-3.09	122.64	7.840	19.012	-9.702	0.38782	-0.36197	-0.61362	0.58475	24.1	13111	100
2025-5-11 11:12:55.870	WTBenchPress#5(CEA7A127C8E8)	0.021	-1.030	0.093	5.066	-13.672	1.648	-85.63	-3.06	123.07	7.840	19.012	-9.702	0.38782	-0.36197	-0.61362	0.58475	24.1	13111	100
2025-5-11 11:12:55.870	WTBenchPress#5(CEA7A127C8E8)	0.024	-1.032	0.100	3.357	-14.038	1.831	-85.58	-3.03	123.49	7.840	19.012	-9.702	0.38782	-0.36197	-0.61362	0.58475	24.1	13111	100
2025-5-11 11:12:55.929	WTBenchPress#5(CEA7A127C8E8)	0.029	-1.030	0.104	1.221	-14.282	2.075	-85.57	-2.99	123.91	7.840	19.012	-9.702	0.36053	-0.30234	-0.60828	0.63916	24.1	13111	100
2025-5-11 11:12:55.930	WTBenchPress#5(CEA7A127C8E8)	0.035	-1.031	0.109	-0.793	-14.465	2.258	-85.59	-2.94	124.33	7.840	19.012	-9.702	0.36053	-0.30234	-0.60828	0.63916	24.1	13111	100
2025-5-11 11:12:55.930	WTBenchPress#5(CEA7A127C8E8)	0.039	-1.042	0.113	-2.502	-14.587	2.319	-85.65	-2.90	124.74	7.840	19.012	-9.702	0.36053	-0.30234	-0.60828	0.63916	24.1	13111	100
2025-5-11 11:12:55.930	WTBenchPress#5(CEA7A127C8E8)	0.044	-1.033	0.111	-3.845	-14.648	2.441	-85.74	-2.86	125.13	7.840	19.012	-9.702	0.36053	-0.30234	-0.60828	0.63916	24.1	13111	100
2025-5-11 11:12:55.990	WTBenchPress#5(CEA7A127C8E8)	0.049	-1.021	0.105	-4.150	-14.587	2.625	-85.82	-2.81	125.52	7.840	19.012	-9.702	0.36053	-0.30234	-0.60828	0.63916	24.1	13111	100
2025-5-11 11:12:55.991	WTBenchPress#5(CEA7A127C8E8)	0.052	-1.021	0.108	-3.845	-14.465	2.808	-85.90	-2.76	125.90	7.840	19.012	-9.702	0.36053	-0.30234	-0.60828	0.63916	24.1	13111	100
2025-5-11 11:12:56.21	WTBenchPress#5(CEA7A127C8E8)	0.056	-1.024	0.114	-3.906	-14.282	2.808	-85.97	-2.72	126.25	7.840	19.012	-9.702	0.36053	-0.30234	-0.60828	0.63916	24.1	13111	100
2025-5-11 11:12:56.21	WTBenchPress#5(CEA7A127C8E8)	0.061	-1.021	0.114	-3.906	-14.099	2.625	-86.04	-2.68	126.59	7.840	19.012	-9.702	0.36053	-0.30234	-0.60828	0.63916	24.1	13111	100
2025-5-11 11:12:56.52	WTBenchPress#5(CEA7A127C8E8)	0.063	-1.020	0.123	-3.540	-13.489	2.319	-86.10	-2.65	126.91	7.840	19.012	-9.702	0.36053	-0.30234	-0.60828	0.63916	24.1	13111	100
2025-5-11 11:12:56.52	WTBenchPress#5(CEA7A127C8E8)	0.063	-1.021	0.126	-4.761	-13.123	2.197	-86.16	-2.62	127.20	7.840	19.012	-9.702	0.36053	-0.30234	-0.60828	0.63916	24.1	13111	100
2025-5-11 11:12:56.110	WTBenchPress#5(CEA7A127C8E8)	0.063	-1.017	0.124	-5.798	-12.695	2.014	-86.24	-2.59	127.47	7.056	18.620	-8.232	0.36053	-0.30234	-0.60828	0.63916	24.1	13111	100
2025-5-11 11:12:56.110	WTBenchPress#5(CEA7A127C8E8)	0.064	-1.015	0.125	-6.348	-12.268	1.770	-86.34	-2.58	127.72	7.056	18.620	-8.232	0.36053	-0.30234	-0.60828	0.63916	24.1	13111	100
2025-5-11 11:12:56.139	WTBenchPress#5(CEA7A127C8E8)	0.064	-1.020	0.124	-6.714	-11.719	1.465	-86.45	-2.57	127.94	7.056	18.620	-8.232	0.36053	-0.30234	-0.60828	0.63916	24.1	13111	100
2025-5-11 11:12:56.139	WTBenchPress#5(CEA7A127C8E8)	0.063	-1.016	0.121	-6.409	-11.108	1.465	-86.55	-2.55	128.13	7.056	18.620	-8.232	0.36053	-0.30234	-0.60828	0.63916	24.1	13111	100
2025-5-11 11:12:56.199	WTBenchPress#5(CEA7A127C8E8)	0.061	-1.013	0.119	-5.615	-10.498	1.343	-86.65	-2.55	128.30	7.056	18.620	-8.232	0.36053	-0.30234	-0.60828	0.63916	24.1	13111	100
2025-5-11 11:12:56.199	WTBenchPress#5(CEA7A127C8E8)	0.057	-1.017	0.120	-4.456	-9.766	1.099	-86.72	-2.55	128.46	7.056	18.620	-8.232	0.36053	-0.30234	-0.60828	0.63916	24.1	13111	100
2025-5-11 11:12:56.232	WTBenchPress#5(CEA7A127C8E8)	0.053	-1.017	0.122	-3.418	-8.972	0.916	-86.78	-2.55	128.58	7.056	18.620	-8.232	0.36053	-0.30234	-0.60828	0.63916	24.1	13111	100
2025-5-11 11:12:56.232	WTBenchPress#5(CEA7A127C8E8)	0.049	-1.017	0.124	-2.563	-8.118	0.732	-86.80	-2.55	128.69	7.056	18.620	-8.232	0.36053	-0.30234	-0.60828	0.63916	24.1	13111	100
2025-5-11 11:12:56.262	WTBenchPress#5(CEA7A127C8E8)	0.046	-1.018	0.125	-1.831	-7.263	0.549	-86.82	-2.55	128.77	7.056	18.620	-8.232	0.36053	-0.30234	-0.60828	0.63916	24.1	13111	100
2025-5-11 11:12:56.262	WTBenchPress#5(CEA7A127C8E8)	0.042	-1.022	0.126	-1.099	-6.348	0.549	-86.81	-2.57	128.82	7.056	18.620	-8.232	0.32748	-0.28195	-0.62665	0.64844	24.1	13111	100
2025-5-11 11:12:56.320	WTBenchPress#5(CEA7A127C8E8)	0.037	-1.025	0.126	-0.122	-5.371	0.488	-86.79	-2.57	128.86	7.056	18.620	-8.232	0.32748	-0.28195	-0.62665	0.64844	24.1	13111	100
2025-5-11 11:12:56.320	WTBenchPress#5(CEA7A127C8E8)	0.034	-1.012	0.121	1.465	-4.395	0.305	-86.75	-2.57	128.88	7.056	18.620	-8.232	0.32748	-0.28195	-0.62665	0.64844	24.1	13111	100
2025-5-11 11:12:56.349	WTBenchPress#5(CEA7A127C8E8)	0.031	-1.011	0.121	3.479	-3.418	0.061	-86.67	-2.58	128.87	7.056	18.620	-8.232	0.32748	-0.28195	-0.62665	0.64844	24.1	13111	100
2025-5-11 11:12:56.349	WTBenchPress#5(CEA7A127C8E8)	0.029	-1.021	0.129	4.883	-2.441	-0.061	-86.56	-2.58	128.85	7.056	18.620	-8.232	0.32748	-0.28195	-0.62665	0.64844	24.1	13111	100
2025-5-11 11:12:56.380	WTBenchPress#5(CEA7A127C8E8)	0.025	-1.021	0.138	4.639	-1.465	-0.244	-86.42	-2.59	128.81	7.056	18.620	-8.232	0.32748	-0.28195	-0.62665	0.64844	24.1	13111	100
2025-5-11 11:12:56.380	WTBenchPress#5(CEA7A127C8E8)	0.024	-1.020	0.134	4.028	-0.488	-0.427	-86.29	-2.59	128.75	7.056	18.620	-8.232	0.32748	-0.28195	-0.62665	0.64844	24.1	13111	100
2025-5-11 11:12:56.442	WTBenchPress#5(CEA7A127C8E8)	0.022	-1.017	0.134	3.845	0.427	-0.610	-86.17	-2.60	128.67	7.056	18.620	-8.232	0.32748	-0.28195	-0.62665	0.64844	24.1	13111	100
2025-5-11 11:12:56.442	WTBenchPress#5(CEA7A127C8E8)	0.021	-1.017	0.133	3.723	1.404	-0.732	-86.05	-2.61	128.58	7.056	18.620	-8.232	0.32748	-0.28195	-0.62665	0.64844	24.1	13111	100
2025-5-11 11:12:56.472	WTBenchPress#5(CEA7A127C8E8)	0.021	-1.022	0.128	4.028	2.319	-0.916	-85.94	-2.61	128.48	7.056	18.620	-8.232	0.32748	-0.28195	-0.62665	0.64844	24.1	13111	100
2025-5-11 11:12:56.472	WTBenchPress#5(CEA7A127C8E8)	0.022	-1.019	0.126	4.944	3.235	-0.977	-85.80	-2.62	128.36	6.860	18.718	-7.448	0.32748	-0.28195	-0.62665	0.64844	24.1	13111	100
2025-5-11 11:12:56.502	WTBenchPress#5(CEA7A127C8E8)	0.023	-1.019	0.125	6.165	4.150	-1.038	-85.65	-2.63	128.24	6.860	18.718	-7.448	0.32748	-0.28195	-0.62665	0.64844	24.1	13111	100
2025-5-11 11:12:56.502	WTBenchPress#5(CEA7A127C8E8)	0.024	-1.020	0.127	7.019	5.005	-1.160	-85.48	-2.63	128.11	6.860	18.718	-7.448	0.32748	-0.28195	-0.62665	0.64844	24.1	13111	100
2025-5-11 11:12:56.559	WTBenchPress#5(CEA7A127C8E8)	0.027	-1.020	0.133	6.836	5.737	-1.282	-85.31	-2.63	127.96	6.860	18.718	-7.448	0.32748	-0.28195	-0.62665	0.64844	24.1	13111	100
2025-5-11 11:12:56.559	WTBenchPress#5(CEA7A127C8E8)	0.031	-1.024	0.134	5.798	6.470	-1.343	-85.15	-2.63	127.81	6.860	18.718	-7.448	0.32748	-0.28195	-0.62665	0.64844	24.1	13111	100
2025-5-11 11:12:56.590	WTBenchPress#5(CEA7A127C8E8)	0.034	-1.028	0.132	4.517	7.202	-1.343	-85.01	-2.64	127.66	6.860	18.718	-7.448	0.32748	-0.28195	-0.62665	0.64844	24.1	13111	100
2025-5-11 11:12:56.590	WTBenchPress#5(CEA7A127C8E8)	0.037	-1.021	0.127	3.845	7.813	-1.343	-84.90	-2.64	127.49	6.860	18.718	-7.448	0.32748	-0.28195	-0.62665	0.64844	24.1	13111	100
2025-5-11 11:12:56.619	WTBenchPress#5(CEA7A127C8E8)	0.042	-1.021	0.123	4.272	8.423	-1.404	-84.78	-2.64	127.33	6.860	18.718	-7.448	0.32748	-0.28195	-0.62665	0.64844	24.1	13111	100
2025-5-11 11:12:56.619	WTBenchPress#5(CEA7A127C8E8)	0.045	-1.016	0.121	4.883	8.911	-1.526	-84.66	-2.64	127.16	6.860	18.718	-7.448	0.32748	-0.28195	-0.62665	0.64844	24.1	13111	100
2025-5-11 11:12:56.679	WTBenchPress#5(CEA7A127C8E8)	0.048	-1.021	0.123	5.127	9.338	-1.587	-84.53	-2.64	127.00	6.860	18.718	-7.448	0.32748	-0.28195	-0.62665	0.64844	24.1	13111	100
2025-5-11 11:12:56.679	WTBenchPress#5(CEA7A127C8E8)	0.051	-1.021	0.139	3.418	9.644	-1.770	-84.42	-2.65	126.82	6.860	18.718	-7.448	0.32748	-0.28195	-0.62665	0.64844	24.1	13111	100
2025-5-11 11:12:56.709	WTBenchPress#5(CEA7A127C8E8)	0.056	-1.025	0.146	-0.916	9.888	-1.953	-84.36	-2.66	126.64	6.860	18.718	-7.448	0.34677	-0.28619	-0.60745	0.65479	24.1	13111	100
2025-5-11 11:12:56.709	WTBenchPress#5(CEA7A127C8E8)	0.055	-1.030	0.126	-4.395	10.071	-1.892	-84.39	-2.68	126.46	6.860	18.718	-7.448	0.34677	-0.28619	-0.60745	0.65479	24.1	13111	100
2025-5-11 11:12:56.740	WTBenchPress#5(CEA7A127C8E8)	0.058	-1.016	0.124	-6.653	10.132	-1.831	-84.47	-2.69	126.28	6.860	18.718	-7.448	0.34677	-0.28619	-0.60745	0.65479	24.1	13111	100
2025-5-11 11:12:56.740	WTBenchPress#5(CEA7A127C8E8)	0.058	-1.021	0.100	-6.348	10.254	-1.892	-84.57	-2.70	126.11	6.860	18.718	-7.448	0.34677	-0.28619	-0.60745	0.65479	24.1	13111	100
2025-5-11 11:12:56.798	WTBenchPress#5(CEA7A127C8E8)	0.058	-1.020	0.103	-4.028	10.315	-2.014	-84.64	-2.72	125.94	6.860	18.718	-7.448	0.34677	-0.28619	-0.60745	0.65479	24.1	13111	100
2025-5-11 11:12:56.798	WTBenchPress#5(CEA7A127C8E8)	0.058	-1.026	0.108	-3.357	10.254	-2.075	-84.69	-2.74	125.78	6.860	18.718	-7.448	0.34677	-0.28619	-0.60745	0.65479	24.1	13111	100
2025-5-11 11:12:56.830	WTBenchPress#5(CEA7A127C8E8)	0.055	-1.033	0.107	-3.601	10.193	-1.953	-84.73	-2.76	125.62	6.860	18.718	-7.448	0.34677	-0.28619	-0.60745	0.65479	24.1	13111	100
2025-5-11 11:12:56.830	WTBenchPress#5(CEA7A127C8E8)	0.054	-1.017	0.108	-4.395	10.010	-1.953	-84.79	-2.79	125.46	6.860	18.718	-7.448	0.34677	-0.28619	-0.60745	0.65479	24.1	13111	100
2025-5-11 11:12:56.859	WTBenchPress#5(CEA7A127C8E8)	0.051	-1.018	0.095	-4.333	9.766	-2.014	-84.85	-2.81	125.32	6.860	18.718	-7.448	0.34677	-0.28619	-0.60745	0.65479	24.1	13111	100
2025-5-11 11:12:56.859	WTBenchPress#5(CEA7A127C8E8)	0.050	-1.019	0.094	-2.686	9.521	-2.136	-84.90	-2.83	125.17	7.252	18.424	-8.918	0.34677	-0.28619	-0.60745	0.65479	24.1	13111	100
2025-5-11 11:12:56.919	WTBenchPress#5(CEA7A127C8E8)	0.048	-1.026	0.099	-1.709	9.155	-2.197	-84.92	-2.86	125.05	7.252	18.424	-8.918	0.34677	-0.28619	-0.60745	0.65479	24.1	13111	100
2025-5-11 11:12:56.919	WTBenchPress#5(CEA7A127C8E8)	0.046	-1.025	0.101	-1.099	8.728	-2.258	-84.92	-2.89	124.94	7.252	18.424	-8.918	0.34677	-0.28619	-0.60745	0.65479	24.1	13111	100
2025-5-11 11:12:56.949	WTBenchPress#5(CEA7A127C8E8)	0.044	-1.021	0.102	-0.977	8.362	-2.197	-84.92	-2.92	124.84	7.252	18.424	-8.918	0.34677	-0.28619	-0.60745	0.65479	24.1	13111	100
2025-5-11 11:12:56.949	WTBenchPress#5(CEA7A127C8E8)	0.042	-1.022	0.105	-1.465	7.874	-2.075	-84.94	-2.94	124.75	7.252	18.424	-8.918	0.34677	-0.28619	-0.60745	0.65479	24.1	13111	100
2025-5-11 11:12:56.979	WTBenchPress#5(CEA7A127C8E8)	0.040	-1.024	0.112	-2.869	7.324	-1.953	-84.97	-2.97	124.68	7.252	18.424	-8.918	0.34677	-0.28619	-0.60745	0.65479	24.1	13111	100
2025-5-11 11:12:56.979	WTBenchPress#5(CEA7A127C8E8)	0.038	-1.024	0.118	-5.432	6.714	-1.831	-85.05	-2.99	124.62	7.252	18.424	-8.918	0.34677	-0.28619	-0.60745	0.65479	24.1	13111	100
2025-5-11 11:12:57.40	WTBenchPress#5(CEA7A127C8E8)	0.036	-1.026	0.111	-8.179	6.042	-1.709	-85.17	-3.00	124.58	7.252	18.424	-8.918	0.34677	-0.28619	-0.60745	0.65479	24.1	13111	100
2025-5-11 11:12:57.41	WTBenchPress#5(CEA7A127C8E8)	0.036	-1.021	0.104	-9.338	5.432	-1.709	-85.33	-3.02	124.56	7.252	18.424	-8.918	0.34677	-0.28619	-0.60745	0.65479	24.1	13111	100
2025-5-11 11:12:57.69	WTBenchPress#5(CEA7A127C8E8)	0.035	-1.021	0.099	-9.766	4.761	-1.709	-85.50	-3.04	124.54	7.252	18.424	-8.918	0.34677	-0.28619	-0.60745	0.65479	24.1	13111	100
2025-5-11 11:12:57.69	WTBenchPress#5(CEA7A127C8E8)	0.036	-1.026	0.094	-9.094	4.028	-1.587	-85.67	-3.05	124.54	7.252	18.424	-8.918	0.35690	-0.29901	-0.61111	0.64001	24.1	13111	100
2025-5-11 11:12:57.99	WTBenchPress#5(CEA7A127C8E8)	0.032	-1.027	0.093	-7.751	3.357	-1.465	-85.81	-3.07	124.56	7.252	18.424	-8.918	0.35690	-0.29901	-0.61111	0.64001	24.1	13111	100
2025-5-11 11:12:57.99	WTBenchPress#5(CEA7A127C8E8)	0.039	-1.014	0.135	-10.254	2.625	-1.526	-85.97	-3.08	124.58	7.252	18.424	-8.918	0.35690	-0.29901	-0.61111	0.64001	24.1	13111	100
2025-5-11 11:12:57.159	WTBenchPress#5(CEA7A127C8E8)	0.037	-1.049	0.108	-16.296	1.892	-1.465	-86.24	-3.10	124.62	7.252	18.424	-8.918	0.35690	-0.29901	-0.61111	0.64001	24.1	13111	100
2025-5-11 11:12:57.160	WTBenchPress#5(CEA7A127C8E8)	0.038	-1.020	0.121	-21.240	1.038	-1.038	-86.61	-3.10	124.66	7.252	18.424	-8.918	0.35690	-0.29901	-0.61111	0.64001	24.1	13111	100
2025-5-11 11:12:57.189	WTBenchPress#5(CEA7A127C8E8)	0.039	-1.018	0.080	-25.574	0.366	-0.977	-87.07	-3.11	124.72	7.252	18.424	-8.918	0.35690	-0.29901	-0.61111	0.64001	24.1	13111	100
2025-5-11 11:12:57.190	WTBenchPress#5(CEA7A127C8E8)	0.041	-1.023	0.056	-21.790	-0.183	-0.977	-87.48	-3.11	124.77	7.252	18.424	-8.918	0.35690	-0.29901	-0.61111	0.64001	24.1	13111	100
2025-5-11 11:12:57.219	WTBenchPress#5(CEA7A127C8E8)	0.046	-1.030	0.044	-15.991	-0.671	-0.916	-87.80	-3.12	124.84	7.252	18.424	-8.918	0.35690	-0.29901	-0.61111	0.64001	24.1	13111	100
2025-5-11 11:12:57.219	WTBenchPress#5(CEA7A127C8E8)	0.046	-1.036	0.029	-7.935	-1.221	-0.427	-87.97	-3.12	124.92	7.252	18.424	-8.918	0.35690	-0.29901	-0.61111	0.64001	24.1	13111	100
2025-5-11 11:12:57.279	WTBenchPress#5(CEA7A127C8E8)	0.048	-1.025	0.038	-0.183	-1.587	-0.061	-87.99	-3.11	125.01	7.252	18.424	-8.918	0.35690	-0.29901	-0.61111	0.64001	24.1	13111	100
2025-5-11 11:12:57.279	WTBenchPress#5(CEA7A127C8E8)	0.049	-1.025	0.049	5.859	-2.075	0.366	-87.89	-3.10	125.10	7.252	18.424	-8.918	0.35690	-0.29901	-0.61111	0.64001	24.1	13111	100
2025-5-11 11:12:57.340	WTBenchPress#5(CEA7A127C8E8)	0.049	-1.033	0.072	8.362	-2.563	0.671	-87.72	-3.08	125.21	7.350	19.110	-8.036	0.35690	-0.29901	-0.61111	0.64001	24.1	13111	100
2025-5-11 11:12:57.340	WTBenchPress#5(CEA7A127C8E8)	0.050	-1.028	0.091	7.019	-3.174	0.793	-87.57	-3.06	125.33	7.350	19.110	-8.036	0.35690	-0.29901	-0.61111	0.64001	24.1	13111	100
2025-5-11 11:12:57.342	WTBenchPress#5(CEA7A127C8E8)	0.050	-1.022	0.094	3.296	-3.845	0.793	-87.48	-3.04	125.45	7.350	19.110	-8.036	0.35690	-0.29901	-0.61111	0.64001	24.1	13111	100
2025-5-11 11:12:57.342	WTBenchPress#5(CEA7A127C8E8)	0.052	-1.018	0.092	-0.549	-4.395	0.732	-87.48	-3.02	125.58	7.350	19.110	-8.036	0.35690	-0.29901	-0.61111	0.64001	24.1	13111	100
2025-5-11 11:12:57.399	WTBenchPress#5(CEA7A127C8E8)	0.053	-1.021	0.088	-3.479	-5.005	0.610	-87.53	-3.01	125.72	7.350	19.110	-8.036	0.35690	-0.29901	-0.61111	0.64001	24.1	13111	100
2025-5-11 11:12:57.399	WTBenchPress#5(CEA7A127C8E8)	0.053	-1.028	0.078	-4.883	-5.493	0.549	-87.60	-3.00	125.86	7.350	19.110	-8.036	0.35690	-0.29901	-0.61111	0.64001	24.1	13111	100
2025-5-11 11:12:57.430	WTBenchPress#5(CEA7A127C8E8)	0.055	-1.024	0.065	-4.150	-5.981	0.488	-87.67	-2.99	126.02	7.350	19.110	-8.036	0.35690	-0.29901	-0.61111	0.64001	24.1	13111	100
2025-5-11 11:12:57.430	WTBenchPress#5(CEA7A127C8E8)	0.056	-1.024	0.052	0.305	-6.226	0.549	-87.65	-2.98	126.17	7.350	19.110	-8.036	0.35690	-0.29901	-0.61111	0.64001	24.1	13111	100
2025-5-11 11:12:57.462	WTBenchPress#5(CEA7A127C8E8)	0.055	-1.028	0.054	4.883	-6.470	0.854	-87.54	-2.97	126.33	7.350	19.110	-8.036	0.35690	-0.29901	-0.61111	0.64001	24.1	13111	100
2025-5-11 11:12:57.462	WTBenchPress#5(CEA7A127C8E8)	0.052	-1.030	0.063	8.850	-6.653	1.099	-87.36	-2.95	126.49	7.350	19.110	-8.036	0.35690	-0.29901	-0.61111	0.64001	24.1	13111	100
2025-5-11 11:12:57.521	WTBenchPress#5(CEA7A127C8E8)	0.051	-1.026	0.072	10.925	-6.897	1.221	-87.13	-2.93	126.66	7.350	19.110	-8.036	0.34061	-0.29190	-0.62354	0.64020	24.1	13111	100
2025-5-11 11:12:57.521	WTBenchPress#5(CEA7A127C8E8)	0.048	-1.023	0.079	11.230	-7.141	1.221	-86.91	-2.92	126.83	7.350	19.110	-8.036	0.34061	-0.29190	-0.62354	0.64020	24.1	13111	100
2025-5-11 11:12:57.549	WTBenchPress#5(CEA7A127C8E8)	0.048	-1.021	0.094	10.376	-7.385	1.160	-86.69	-2.90	127.00	7.350	19.110	-8.036	0.34061	-0.29190	-0.62354	0.64020	24.1	13111	100
2025-5-11 11:12:57.549	WTBenchPress#5(CEA7A127C8E8)	0.047	-1.025	0.101	7.385	-7.568	0.977	-86.54	-2.89	127.18	7.350	19.110	-8.036	0.34061	-0.29190	-0.62354	0.64020	24.1	13111	100
2025-5-11 11:12:57.609	WTBenchPress#5(CEA7A127C8E8)	0.045	-1.029	0.094	5.066	-7.690	0.977	-86.44	-2.88	127.36	7.350	19.110	-8.036	0.34061	-0.29190	-0.62354	0.64020	24.1	13111	100
2025-5-11 11:12:57.609	WTBenchPress#5(CEA7A127C8E8)	0.043	-1.022	0.101	2.625	-7.813	0.977	-86.38	-2.87	127.53	7.350	19.110	-8.036	0.34061	-0.29190	-0.62354	0.64020	24.1	13111	100
2025-5-11 11:12:57.642	WTBenchPress#5(CEA7A127C8E8)	0.042	-1.025	0.090	1.038	-7.813	0.916	-86.35	-2.86	127.71	7.350	19.110	-8.036	0.34061	-0.29190	-0.62354	0.64020	24.1	13111	100
2025-5-11 11:12:57.642	WTBenchPress#5(CEA7A127C8E8)	0.040	-1.025	0.084	1.343	-7.751	0.916	-86.32	-2.85	127.88	7.350	19.110	-8.036	0.34061	-0.29190	-0.62354	0.64020	24.1	13111	100
2025-5-11 11:12:57.700	WTBenchPress#5(CEA7A127C8E8)	0.040	-1.023	0.085	2.197	-7.629	0.916	-86.27	-2.83	128.05	7.350	19.110	-8.036	0.34061	-0.29190	-0.62354	0.64020	24.1	13111	100
2025-5-11 11:12:57.700	WTBenchPress#5(CEA7A127C8E8)	0.039	-1.023	0.083	3.479	-7.507	0.854	-86.20	-2.82	128.22	7.252	18.914	-8.232	0.34061	-0.29190	-0.62354	0.64020	24.1	13111	100
2025-5-11 11:12:57.729	WTBenchPress#5(CEA7A127C8E8)	0.037	-1.025	0.088	4.822	-7.324	0.916	-86.09	-2.81	128.38	7.252	18.914	-8.232	0.34061	-0.29190	-0.62354	0.64020	24.1	13111	100
2025-5-11 11:12:57.729	WTBenchPress#5(CEA7A127C8E8)	0.037	-1.025	0.092	5.005	-7.080	0.916	-86.00	-2.80	128.53	7.252	18.914	-8.232	0.34061	-0.29190	-0.62354	0.64020	24.1	13111	100
2025-5-11 11:12:57.760	WTBenchPress#5(CEA7A127C8E8)	0.038	-1.025	0.107	4.089	-6.531	0.793	-85.89	-2.78	128.69	7.252	18.914	-8.232	0.34061	-0.29190	-0.62354	0.64020	24.1	13111	100
2025-5-11 11:12:57.760	WTBenchPress#5(CEA7A127C8E8)	0.038	-1.027	0.113	1.953	-6.287	0.732	-85.81	-2.77	128.84	7.252	18.914	-8.232	0.34061	-0.29190	-0.62354	0.64020	24.1	13111	100
2025-5-11 11:12:57.790	WTBenchPress#5(CEA7A127C8E8)	0.037	-1.024	0.113	-0.610	-5.981	0.732	-85.78	-2.76	128.97	7.252	18.914	-8.232	0.34061	-0.29190	-0.62354	0.64020	24.1	13111	100
2025-5-11 11:12:57.790	WTBenchPress#5(CEA7A127C8E8)	0.038	-1.021	0.111	-2.625	-5.676	0.671	-85.79	-2.75	129.11	7.252	18.914	-8.232	0.34061	-0.29190	-0.62354	0.64020	24.1	13111	100
2025-5-11 11:12:57.879	WTBenchPress#5(CEA7A127C8E8)	0.039	-1.024	0.108	-3.845	-5.249	0.488	-85.84	-2.74	129.22	7.252	18.914	-8.232	0.34061	-0.29190	-0.62354	0.64020	24.1	13111	100
2025-5-11 11:12:57.880	WTBenchPress#5(CEA7A127C8E8)	0.041	-1.026	0.108	-4.700	-4.822	0.427	-85.90	-2.72	129.32	7.252	18.914	-8.232	0.34061	-0.29190	-0.62354	0.64020	24.1	13111	100
2025-5-11 11:12:57.880	WTBenchPress#5(CEA7A127C8E8)	0.042	-1.024	0.106	-5.066	-4.333	0.366	-85.98	-2.72	129.40	7.252	18.914	-8.232	0.34061	-0.29190	-0.62354	0.64020	24.1	13111	100
2025-5-11 11:12:57.880	WTBenchPress#5(CEA7A127C8E8)	0.043	-1.022	0.104	-4.700	-3.845	0.366	-86.06	-2.71	129.47	7.252	18.914	-8.232	0.32605	-0.27545	-0.62473	0.65378	24.1	13111	100
2025-5-11 11:12:57.909	WTBenchPress#5(CEA7A127C8E8)	0.044	-1.029	0.102	-4.272	-3.296	0.366	-86.13	-2.70	129.52	7.252	18.914	-8.232	0.32605	-0.27545	-0.62473	0.65378	24.1	13111	100
2025-5-11 11:12:57.909	WTBenchPress#5(CEA7A127C8E8)	0.044	-1.022	0.107	-3.662	-2.808	0.366	-86.20	-2.69	129.56	7.252	18.914	-8.232	0.32605	-0.27545	-0.62473	0.65378	24.1	13111	100
2025-5-11 11:12:57.969	WTBenchPress#5(CEA7A127C8E8)	0.045	-1.018	0.109	-3.174	-2.258	0.305	-86.24	-2.69	129.58	7.252	18.914	-8.232	0.32605	-0.27545	-0.62473	0.65378	24.1	13111	100
2025-5-11 11:12:57.969	WTBenchPress#5(CEA7A127C8E8)	0.045	-1.027	0.109	-3.479	-1.709	0.244	-86.29	-2.68	129.59	7.252	18.914	-8.232	0.32605	-0.27545	-0.62473	0.65378	24.1	13111	100
2025-5-11 11:12:58.0	WTBenchPress#5(CEA7A127C8E8)	0.046	-1.022	0.114	-4.761	-1.160	0.061	-86.34	-2.68	129.59	7.252	18.914	-8.232	0.32605	-0.27545	-0.62473	0.65378	24.1	13111	100
2025-5-11 11:12:58.0	WTBenchPress#5(CEA7A127C8E8)	0.046	-1.016	0.117	-5.859	-0.671	-0.061	-86.41	-2.67	129.58	7.252	18.914	-8.232	0.32605	-0.27545	-0.62473	0.65378	24.1	13111	100
2025-5-11 11:12:58.29	WTBenchPress#5(CEA7A127C8E8)	0.046	-1.022	0.112	-6.897	-0.183	-0.305	-86.50	-2.68	129.55	7.252	18.914	-8.232	0.32605	-0.27545	-0.62473	0.65378	24.1	13111	100
2025-5-11 11:12:58.30	WTBenchPress#5(CEA7A127C8E8)	0.047	-1.019	0.107	-7.385	0.305	-0.427	-86.61	-2.68	129.51	7.252	18.914	-8.232	0.32605	-0.27545	-0.62473	0.65378	24.1	13111	100
2025-5-11 11:12:58.91	WTBenchPress#5(CEA7A127C8E8)	0.047	-1.019	0.104	-6.897	0.793	-0.610	-86.72	-2.69	129.45	7.252	18.914	-8.232	0.32605	-0.27545	-0.62473	0.65378	24.1	13111	100
2025-5-11 11:12:58.91	WTBenchPress#5(CEA7A127C8E8)	0.047	-1.024	0.102	-5.920	1.282	-0.610	-86.82	-2.70	129.38	7.252	18.914	-8.232	0.32605	-0.27545	-0.62473	0.65378	24.1	13111	100
2025-5-11 11:12:58.122	WTBenchPress#5(CEA7A127C8E8)	0.046	-1.024	0.102	-4.883	1.831	-0.671	-86.90	-2.71	129.30	6.958	18.914	-7.448	0.32605	-0.27545	-0.62473	0.65378	24.1	13111	100
2025-5-11 11:12:58.122	WTBenchPress#5(CEA7A127C8E8)	0.044	-1.022	0.102	-3.906	2.319	-0.610	-86.95	-2.72	129.20	6.958	18.914	-7.448	0.32605	-0.27545	-0.62473	0.65378	24.1	13111	100
2025-5-11 11:12:58.152	WTBenchPress#5(CEA7A127C8E8)	0.043	-1.022	0.101	-3.052	2.747	-0.610	-86.99	-2.72	129.11	6.958	18.914	-7.448	0.32605	-0.27545	-0.62473	0.65378	24.1	13111	100
2025-5-11 11:12:58.152	WTBenchPress#5(CEA7A127C8E8)	0.041	-1.022	0.101	-2.197	3.113	-0.671	-87.00	-2.74	128.99	6.958	18.914	-7.448	0.32605	-0.27545	-0.62473	0.65378	24.1	13111	100
2025-5-11 11:12:58.209	WTBenchPress#5(CEA7A127C8E8)	0.040	-1.021	0.101	-1.526	3.479	-0.793	-87.00	-2.75	128.87	6.958	18.914	-7.448	0.32605	-0.27545	-0.62473	0.65378	24.1	13111	100
2025-5-11 11:12:58.209	WTBenchPress#5(CEA7A127C8E8)	0.040	-1.021	0.100	-1.099	3.784	-0.977	-87.00	-2.76	128.74	6.958	18.914	-7.448	0.32605	-0.27545	-0.62473	0.65378	24.1	13111	100
