time	DeviceName	AccX(g)	AccY(g)	AccZ(g)	AsX(°/s)	AsY(°/s)	AsZ(°/s)	AngleX(°)	AngleY(°)	AngleZ(°)	HX(uT)	HY(uT)	HZ(uT)	Q0()	Q1()	Q2()	Q3()	Temperature(°C)	Version()	Battery level(%)
2025-5-11 11:13:19.455	WTBenchPress#5(CEA7A127C8E8)	0.044	-1.023	0.096	-1.953	-0.549	0.000	-86.17	-2.58	129.10	7.252	19.012	-8.134	0.32785	-0.27844	-0.62338	0.65289	24.1	13111	100
2025-5-11 11:13:19.455	WTBenchPress#5(CEA7A127C8E8)	0.044	-1.024	0.093	-1.465	-0.488	0.000	-86.18	-2.58	129.09	7.252	19.012	-8.134	0.32785	-0.27844	-0.62338	0.65289	24.1	13111	100
2025-5-11 11:13:19.511	WTBenchPress#5(CEA7A127C8E8)	0.044	-1.024	0.095	-0.854	-0.427	0.000	-86.18	-2.58	129.09	7.252	19.012	-8.134	0.32785	-0.27844	-0.62338	0.65289	24.1	13111	100
2025-5-11 11:13:19.511	WTBenchPress#5(CEA7A127C8E8)	0.043	-1.023	0.097	-0.549	-0.427	0.000	-86.17	-2.58	129.08	7.252	19.012	-8.134	0.32785	-0.27844	-0.62338	0.65289	24.1	13111	100
2025-5-11 11:13:19.512	WTBenchPress#5(CEA7A127C8E8)	0.043	-1.024	0.098	-0.671	-0.427	0.000	-86.17	-2.58	129.08	7.252	19.012	-8.134	0.32785	-0.27844	-0.62338	0.65289	24.1	13111	100
2025-5-11 11:13:19.512	WTBenchPress#5(CEA7A127C8E8)	0.042	-1.023	0.100	-1.221	-0.427	0.000	-86.17	-2.58	129.07	7.252	19.110	-8.134	0.32785	-0.27844	-0.62338	0.65289	24.1	13111	100
2025-5-11 11:13:19.543	WTBenchPress#5(CEA7A127C8E8)	0.042	-1.023	0.100	-1.770	-0.427	0.000	-86.19	-2.58	129.07	7.252	19.110	-8.134	0.32785	-0.27844	-0.62338	0.65289	24.1	13111	100
2025-5-11 11:13:19.543	WTBenchPress#5(CEA7A127C8E8)	0.042	-1.024	0.097	-2.258	-0.427	0.000	-86.22	-2.58	129.06	7.252	19.110	-8.134	0.32785	-0.27844	-0.62338	0.65289	24.1	13111	100
2025-5-11 11:13:19.604	WTBenchPress#5(CEA7A127C8E8)	0.042	-1.024	0.096	-2.258	-0.366	-0.305	-86.24	-2.58	129.06	7.252	19.110	-8.134	0.32785	-0.27844	-0.62338	0.65289	24.1	13111	100
2025-5-11 11:13:19.604	WTBenchPress#5(CEA7A127C8E8)	0.042	-1.023	0.094	-1.953	-0.366	-0.244	-86.26	-2.59	129.05	7.252	19.110	-8.134	0.32785	-0.27844	-0.62338	0.65289	24.1	13111	100
2025-5-11 11:13:19.630	WTBenchPress#5(CEA7A127C8E8)	0.042	-1.024	0.094	-1.282	-0.305	-0.244	-86.26	-2.59	129.04	7.252	19.110	-8.134	0.32785	-0.27844	-0.62338	0.65289	24.1	13111	100
2025-5-11 11:13:19.630	WTBenchPress#5(CEA7A127C8E8)	0.042	-1.024	0.094	-0.793	-0.305	-0.244	-86.26	-2.59	129.03	7.252	19.110	-8.134	0.32785	-0.27844	-0.62338	0.65289	24.1	13111	100
2025-5-11 11:13:19.660	WTBenchPress#5(CEA7A127C8E8)	0.043	-1.024	0.097	-0.610	-0.305	-0.244	-86.25	-2.59	129.03	7.252	19.110	-8.134	0.32785	-0.27844	-0.62338	0.65289	24.1	13111	100
2025-5-11 11:13:19.660	WTBenchPress#5(CEA7A127C8E8)	0.042	-1.024	0.099	-1.404	-0.305	-0.244	-86.26	-2.60	129.03	7.252	19.110	-8.134	0.32785	-0.27844	-0.62338	0.65289	24.1	13111	100
2025-5-11 11:13:19.720	WTBenchPress#5(CEA7A127C8E8)	0.043	-1.023	0.098	-1.892	-0.366	-0.305	-86.26	-2.60	129.03	7.252	19.110	-8.134	0.32785	-0.27844	-0.62338	0.65289	24.1	13111	100
2025-5-11 11:13:19.721	WTBenchPress#5(CEA7A127C8E8)	0.043	-1.024	0.095	-1.953	-0.366	-0.244	-86.29	-2.60	129.03	7.252	19.110	-8.134	0.32785	-0.27844	-0.62338	0.65289	24.1	13111	100
2025-5-11 11:13:19.750	WTBenchPress#5(CEA7A127C8E8)	0.044	-1.024	0.094	-1.648	-0.305	-0.244	-86.30	-2.61	129.02	7.252	19.110	-8.134	0.32785	-0.27921	-0.62436	0.65161	24.1	13111	100
2025-5-11 11:13:19.750	WTBenchPress#5(CEA7A127C8E8)	0.044	-1.023	0.093	-0.916	-0.305	-0.183	-86.31	-2.61	129.02	7.252	19.110	-8.134	0.32785	-0.27921	-0.62436	0.65161	24.1	13111	100
2025-5-11 11:13:19.781	WTBenchPress#5(CEA7A127C8E8)	0.043	-1.026	0.094	-0.305	-0.305	-0.183	-86.31	-2.61	129.02	7.252	19.110	-8.134	0.32785	-0.27921	-0.62436	0.65161	24.1	13111	100
2025-5-11 11:13:19.781	WTBenchPress#5(CEA7A127C8E8)	0.044	-1.024	0.096	0.000	-0.305	-0.183	-86.29	-2.61	129.01	7.252	19.110	-8.134	0.32785	-0.27921	-0.62436	0.65161	24.1	13111	100
2025-5-11 11:13:19.841	WTBenchPress#5(CEA7A127C8E8)	0.044	-1.022	0.100	-0.183	-0.305	-0.183	-86.28	-2.61	129.01	7.252	19.110	-8.134	0.32785	-0.27921	-0.62436	0.65161	24.1	13111	100
2025-5-11 11:13:19.841	WTBenchPress#5(CEA7A127C8E8)	0.044	-1.024	0.099	-0.732	-0.305	-0.183	-86.26	-2.61	129.00	7.252	19.110	-8.134	0.32785	-0.27921	-0.62436	0.65161	24.1	13111	100
2025-5-11 11:13:19.871	WTBenchPress#5(CEA7A127C8E8)	0.044	-1.024	0.098	-1.221	-0.366	-0.183	-86.26	-2.62	129.00	7.252	19.110	-8.134	0.32785	-0.27921	-0.62436	0.65161	24.1	13111	100
2025-5-11 11:13:19.871	WTBenchPress#5(CEA7A127C8E8)	0.045	-1.023	0.096	-1.404	-0.366	-0.244	-86.26	-2.62	129.00	7.252	19.110	-8.134	0.32785	-0.27921	-0.62436	0.65161	24.1	13111	100
2025-5-11 11:13:19.903	WTBenchPress#5(CEA7A127C8E8)	0.045	-1.025	0.095	-1.099	-0.366	-0.183	-86.27	-2.63	129.00	7.252	19.110	-8.134	0.32785	-0.27921	-0.62436	0.65161	24.1	13111	100
2025-5-11 11:13:19.903	WTBenchPress#5(CEA7A127C8E8)	0.044	-1.024	0.094	-0.549	-0.366	-0.183	-86.27	-2.63	129.00	7.252	19.110	-8.134	0.32785	-0.27921	-0.62436	0.65161	24.1	13111	100
2025-5-11 11:13:19.961	WTBenchPress#5(CEA7A127C8E8)	0.044	-1.024	0.094	0.000	-0.366	-0.183	-86.26	-2.63	129.00	7.056	19.110	-8.134	0.32785	-0.27921	-0.62436	0.65161	24.1	13111	100
2025-5-11 11:13:19.961	WTBenchPress#5(CEA7A127C8E8)	0.044	-1.023	0.096	0.183	-0.366	-0.183	-86.24	-2.63	129.00	7.056	19.110	-8.134	0.32785	-0.27921	-0.62436	0.65161	24.1	13111	100
2025-5-11 11:13:19.990	WTBenchPress#5(CEA7A127C8E8)	0.044	-1.023	0.098	0.000	-0.366	-0.122	-86.22	-2.63	129.00	7.056	19.110	-8.134	0.32785	-0.27921	-0.62436	0.65161	24.1	13111	100
2025-5-11 11:13:19.990	WTBenchPress#5(CEA7A127C8E8)	0.043	-1.023	0.098	-0.488	-0.427	-0.183	-86.20	-2.63	129.00	7.056	19.110	-8.134	0.32785	-0.27921	-0.62436	0.65161	24.1	13111	100
2025-5-11 11:13:20.21	WTBenchPress#5(CEA7A127C8E8)	0.043	-1.023	0.098	-0.916	-0.427	-0.183	-86.19	-2.64	129.00	7.056	19.110	-8.134	0.32785	-0.27921	-0.62436	0.65161	24.1	13111	100
2025-5-11 11:13:20.21	WTBenchPress#5(CEA7A127C8E8)	0.043	-1.024	0.096	-1.038	-0.488	-0.183	-86.19	-2.64	129.00	7.056	19.110	-8.134	0.32785	-0.27921	-0.62436	0.65161	24.1	13111	100
2025-5-11 11:13:20.79	WTBenchPress#5(CEA7A127C8E8)	0.043	-1.024	0.095	-0.854	-0.488	-0.183	-86.20	-2.64	129.00	7.056	19.110	-8.134	0.32785	-0.27921	-0.62436	0.65161	24.1	13111	100
2025-5-11 11:13:20.80	WTBenchPress#5(CEA7A127C8E8)	0.042	-1.024	0.094	-0.488	-0.488	-0.183	-86.19	-2.64	129.00	7.056	19.110	-8.134	0.32785	-0.27921	-0.62436	0.65161	24.1	13111	100
2025-5-11 11:13:20.111	WTBenchPress#5(CEA7A127C8E8)	0.042	-1.024	0.095	-0.183	-0.488	-0.122	-86.18	-2.64	129.00	7.056	19.110	-8.134	0.32785	-0.27921	-0.62436	0.65161	24.1	13111	100
2025-5-11 11:13:20.111	WTBenchPress#5(CEA7A127C8E8)	0.042	-1.024	0.097	-0.061	-0.488	-0.183	-86.17	-2.64	129.00	7.056	19.110	-8.134	0.32785	-0.27921	-0.62436	0.65161	24.1	13111	100
2025-5-11 11:13:20.173	WTBenchPress#5(CEA7A127C8E8)	0.042	-1.024	0.098	-0.305	-0.488	-0.122	-86.15	-2.65	129.00	7.056	19.110	-8.134	0.32785	-0.27921	-0.62436	0.65161	24.1	13111	100
2025-5-11 11:13:20.173	WTBenchPress#5(CEA7A127C8E8)	0.042	-1.023	0.098	-0.671	-0.488	-0.183	-86.14	-2.65	129.01	7.056	19.110	-8.134	0.32858	-0.27863	-0.62350	0.65234	24.1	13111	100
2025-5-11 11:13:20.203	WTBenchPress#5(CEA7A127C8E8)	0.043	-1.023	0.097	-1.038	-0.549	-0.183	-86.14	-2.65	129.01	7.056	19.110	-8.134	0.32858	-0.27863	-0.62350	0.65234	24.1	13111	100
2025-5-11 11:13:20.203	WTBenchPress#5(CEA7A127C8E8)	0.043	-1.026	0.097	-1.221	-0.549	-0.244	-86.15	-2.65	129.01	7.056	19.110	-8.134	0.32858	-0.27863	-0.62350	0.65234	24.1	13111	100
2025-5-11 11:13:20.230	WTBenchPress#5(CEA7A127C8E8)	0.043	-1.024	0.095	-1.282	-0.549	0.000	-86.15	-2.65	129.01	7.056	19.110	-8.134	0.32858	-0.27863	-0.62350	0.65234	24.1	13111	100
2025-5-11 11:13:20.230	WTBenchPress#5(CEA7A127C8E8)	0.042	-1.024	0.096	-0.977	-0.549	0.000	-86.16	-2.65	129.02	7.056	19.110	-8.134	0.32858	-0.27863	-0.62350	0.65234	24.1	13111	100
2025-5-11 11:13:20.259	WTBenchPress#5(CEA7A127C8E8)	0.043	-1.023	0.096	-0.793	-0.549	0.000	-86.16	-2.65	129.02	7.056	19.110	-8.134	0.32858	-0.27863	-0.62350	0.65234	24.1	13111	100
2025-5-11 11:13:20.259	WTBenchPress#5(CEA7A127C8E8)	0.043	-1.024	0.096	-0.793	-0.549	0.000	-86.15	-2.64	129.02	7.056	19.110	-8.134	0.32858	-0.27863	-0.62350	0.65234	24.1	13111	100
2025-5-11 11:13:20.351	WTBenchPress#5(CEA7A127C8E8)	0.043	-1.023	0.098	-0.977	-0.549	0.000	-86.15	-2.64	129.03	7.056	19.110	-8.134	0.32858	-0.27863	-0.62350	0.65234	24.1	13111	100
2025-5-11 11:13:20.351	WTBenchPress#5(CEA7A127C8E8)	0.043	-1.024	0.099	-1.221	-0.549	0.000	-86.16	-2.64	129.04	7.056	19.110	-8.134	0.32858	-0.27863	-0.62350	0.65234	24.1	13111	100
2025-5-11 11:13:20.352	WTBenchPress#5(CEA7A127C8E8)	0.044	-1.024	0.097	-1.465	-0.549	0.000	-86.17	-2.64	129.05	7.154	19.110	-8.232	0.32858	-0.27863	-0.62350	0.65234	24.1	13111	100
2025-5-11 11:13:20.352	WTBenchPress#5(CEA7A127C8E8)	0.044	-1.023	0.097	-1.648	-0.610	0.000	-86.18	-2.64	129.05	7.154	19.110	-8.232	0.32858	-0.27863	-0.62350	0.65234	24.1	13111	100
2025-5-11 11:13:20.383	WTBenchPress#5(CEA7A127C8E8)	0.044	-1.023	0.096	-1.648	-0.610	0.000	-86.19	-2.63	129.06	7.154	19.110	-8.232	0.32858	-0.27863	-0.62350	0.65234	24.1	13111	100
2025-5-11 11:13:20.383	WTBenchPress#5(CEA7A127C8E8)	0.044	-1.024	0.096	-1.465	-0.549	0.000	-86.20	-2.63	129.06	7.154	19.110	-8.232	0.32858	-0.27863	-0.62350	0.65234	24.1	13111	100
2025-5-11 11:13:20.471	WTBenchPress#5(CEA7A127C8E8)	0.044	-1.023	0.095	-1.221	-0.549	0.000	-86.22	-2.63	129.07	7.154	19.110	-8.232	0.32858	-0.27863	-0.62350	0.65234	24.1	13111	100
2025-5-11 11:13:20.471	WTBenchPress#5(CEA7A127C8E8)	0.044	-1.024	0.096	-1.099	-0.549	0.000	-86.22	-2.63	129.07	7.154	19.110	-8.232	0.32858	-0.27863	-0.62350	0.65234	24.1	13111	100
2025-5-11 11:13:20.472	WTBenchPress#5(CEA7A127C8E8)	0.043	-1.024	0.097	-1.160	-0.549	0.000	-86.22	-2.63	129.07	7.154	19.110	-8.232	0.32858	-0.27863	-0.62350	0.65234	24.1	13111	100
2025-5-11 11:13:20.472	WTBenchPress#5(CEA7A127C8E8)	0.043	-1.025	0.097	-1.343	-0.549	0.000	-86.23	-2.63	129.07	7.154	19.110	-8.232	0.32858	-0.27863	-0.62350	0.65234	24.1	13111	100
2025-5-11 11:13:20.502	WTBenchPress#5(CEA7A127C8E8)	0.043	-1.023	0.097	-1.587	-0.549	0.000	-86.24	-2.63	129.07	7.154	19.110	-8.232	0.32858	-0.27863	-0.62350	0.65234	24.1	13111	100
2025-5-11 11:13:20.502	WTBenchPress#5(CEA7A127C8E8)	0.043	-1.023	0.097	-1.587	-0.549	0.000	-86.25	-2.63	129.07	7.154	19.110	-8.232	0.32858	-0.27863	-0.62350	0.65234	24.1	13111	100
2025-5-11 11:13:20.561	WTBenchPress#5(CEA7A127C8E8)	0.043	-1.022	0.095	-1.465	-0.549	0.000	-86.26	-2.62	129.07	7.154	19.110	-8.232	0.32773	-0.27875	-0.62430	0.65195	24.1	13111	100
2025-5-11 11:13:20.561	WTBenchPress#5(CEA7A127C8E8)	0.042	-1.032	0.090	-1.465	-0.488	0.000	-86.27	-2.62	129.08	7.154	19.110	-8.232	0.32773	-0.27875	-0.62430	0.65195	24.1	13111	100
2025-5-11 11:13:20.590	WTBenchPress#5(CEA7A127C8E8)	0.043	-1.019	0.101	-1.526	-0.488	0.000	-86.28	-2.62	129.08	7.154	19.110	-8.232	0.32773	-0.27875	-0.62430	0.65195	24.1	13111	100
2025-5-11 11:13:20.590	WTBenchPress#5(CEA7A127C8E8)	0.043	-1.020	0.097	-0.671	-0.427	0.000	-86.28	-2.61	129.07	7.154	19.110	-8.232	0.32773	-0.27875	-0.62430	0.65195	24.1	13111	100
2025-5-11 11:13:20.650	WTBenchPress#5(CEA7A127C8E8)	0.043	-1.032	0.096	-0.916	-0.488	0.000	-86.28	-2.61	129.07	7.154	19.110	-8.232	0.32773	-0.27875	-0.62430	0.65195	24.1	13111	100
2025-5-11 11:13:20.650	WTBenchPress#5(CEA7A127C8E8)	0.042	-1.020	0.094	-0.916	-0.427	0.000	-86.28	-2.61	129.07	7.154	19.110	-8.232	0.32773	-0.27875	-0.62430	0.65195	24.1	13111	100
2025-5-11 11:13:20.712	WTBenchPress#5(CEA7A127C8E8)	0.042	-1.024	0.102	-0.916	-0.488	0.000	-86.28	-2.61	129.07	7.154	19.110	-8.232	0.32773	-0.27875	-0.62430	0.65195	24.1	13111	100
2025-5-11 11:13:20.712	WTBenchPress#5(CEA7A127C8E8)	0.043	-1.028	0.092	-1.221	-0.488	0.000	-86.28	-2.61	129.07	7.154	19.110	-8.232	0.32773	-0.27875	-0.62430	0.65195	24.1	13111	100
2025-5-11 11:13:20.713	WTBenchPress#5(CEA7A127C8E8)	0.042	-1.023	0.098	-1.404	-0.427	0.000	-86.29	-2.61	129.07	7.154	19.110	-8.232	0.32773	-0.27875	-0.62430	0.65195	24.1	13111	100
2025-5-11 11:13:20.713	WTBenchPress#5(CEA7A127C8E8)	0.043	-1.021	0.097	-0.916	-0.427	0.000	-86.29	-2.61	129.06	7.154	19.110	-8.232	0.32773	-0.27875	-0.62430	0.65195	24.1	13111	100
2025-5-11 11:13:20.772	WTBenchPress#5(CEA7A127C8E8)	0.043	-1.023	0.095	-0.671	-0.366	0.000	-86.28	-2.60	129.05	7.252	19.110	-8.134	0.32773	-0.27875	-0.62430	0.65195	24.1	13111	100
2025-5-11 11:13:20.772	WTBenchPress#5(CEA7A127C8E8)	0.042	-1.020	0.092	-0.549	-0.366	0.000	-86.28	-2.60	129.05	7.252	19.110	-8.134	0.32773	-0.27875	-0.62430	0.65195	24.1	13111	100
2025-5-11 11:13:20.802	WTBenchPress#5(CEA7A127C8E8)	0.045	-1.017	0.096	-0.122	-0.366	0.000	-86.26	-2.60	129.04	7.252	19.110	-8.134	0.32773	-0.27875	-0.62430	0.65195	24.1	13111	100
2025-5-11 11:13:20.803	WTBenchPress#5(CEA7A127C8E8)	0.044	-1.035	0.087	-0.488	-0.305	0.000	-86.25	-2.60	129.04	7.252	19.110	-8.134	0.32773	-0.27875	-0.62430	0.65195	24.1	13111	100
2025-5-11 11:13:20.830	WTBenchPress#5(CEA7A127C8E8)	0.043	-1.028	0.106	-0.427	-0.305	0.000	-86.24	-2.60	129.04	7.252	19.110	-8.134	0.32773	-0.27875	-0.62430	0.65195	24.1	13111	100
2025-5-11 11:13:20.830	WTBenchPress#5(CEA7A127C8E8)	0.042	-1.016	0.100	-0.244	-0.366	0.000	-86.23	-2.60	129.03	7.252	19.110	-8.134	0.32773	-0.27875	-0.62430	0.65195	24.1	13111	100
2025-5-11 11:13:20.891	WTBenchPress#5(CEA7A127C8E8)	0.044	-1.026	0.094	-0.366	-0.366	0.000	-86.21	-2.59	129.03	7.252	19.110	-8.134	0.32773	-0.27875	-0.62430	0.65195	24.1	13111	100
2025-5-11 11:13:20.891	WTBenchPress#5(CEA7A127C8E8)	0.043	-1.022	0.095	-1.221	-0.366	-0.366	-86.22	-2.60	129.02	7.252	19.110	-8.134	0.32773	-0.27875	-0.62430	0.65195	24.1	13111	100
2025-5-11 11:13:20.920	WTBenchPress#5(CEA7A127C8E8)	0.046	-1.021	0.102	-0.610	-0.366	-0.183	-86.21	-2.60	129.02	7.252	19.110	-8.134	0.32773	-0.27875	-0.62430	0.65195	24.1	13111	100
2025-5-11 11:13:20.920	WTBenchPress#5(CEA7A127C8E8)	0.044	-1.029	0.092	-0.854	-0.305	-0.122	-86.20	-2.60	129.02	7.252	19.110	-8.134	0.32816	-0.27896	-0.62375	0.65216	24.1	13111	100
2025-5-11 11:13:20.950	WTBenchPress#5(CEA7A127C8E8)	0.043	-1.024	0.096	-0.549	-0.305	-0.244	-86.20	-2.61	129.02	7.252	19.110	-8.134	0.32816	-0.27896	-0.62375	0.65216	24.1	13111	100
2025-5-11 11:13:20.950	WTBenchPress#5(CEA7A127C8E8)	0.044	-1.019	0.098	-0.183	-0.366	-0.183	-86.18	-2.61	129.01	7.252	19.110	-8.134	0.32816	-0.27896	-0.62375	0.65216	24.1	13111	100
2025-5-11 11:13:21.10	WTBenchPress#5(CEA7A127C8E8)	0.043	-1.027	0.094	-0.061	-0.305	-0.183	-86.17	-2.61	129.00	7.252	19.110	-8.134	0.32816	-0.27896	-0.62375	0.65216	24.1	13111	100
2025-5-11 11:13:21.10	WTBenchPress#5(CEA7A127C8E8)	0.043	-1.024	0.099	-0.488	-0.366	-0.183	-86.15	-2.61	129.00	7.252	19.110	-8.134	0.32816	-0.27896	-0.62375	0.65216	24.1	13111	100
2025-5-11 11:13:21.40	WTBenchPress#5(CEA7A127C8E8)	0.043	-1.020	0.099	-0.488	-0.305	-0.122	-86.15	-2.61	129.00	7.252	19.110	-8.134	0.32816	-0.27896	-0.62375	0.65216	24.1	13111	100
2025-5-11 11:13:21.41	WTBenchPress#5(CEA7A127C8E8)	0.042	-1.027	0.097	-1.038	-0.366	-0.244	-86.15	-2.62	129.00	7.252	19.110	-8.134	0.32816	-0.27896	-0.62375	0.65216	24.1	13111	100
2025-5-11 11:13:21.71	WTBenchPress#5(CEA7A127C8E8)	0.042	-1.023	0.098	-1.465	-0.366	-0.305	-86.16	-2.62	128.99	7.252	19.110	-8.134	0.32816	-0.27896	-0.62375	0.65216	24.1	13111	100
2025-5-11 11:13:21.71	WTBenchPress#5(CEA7A127C8E8)	0.043	-1.022	0.099	-1.465	-0.427	-0.183	-86.17	-2.63	128.98	7.252	19.110	-8.134	0.32816	-0.27896	-0.62375	0.65216	24.1	13111	100
2025-5-11 11:13:21.131	WTBenchPress#5(CEA7A127C8E8)	0.042	-1.026	0.092	-1.404	-0.366	-0.244	-86.18	-2.63	128.98	7.252	19.110	-8.134	0.32816	-0.27896	-0.62375	0.65216	24.1	13111	100
2025-5-11 11:13:21.131	WTBenchPress#5(CEA7A127C8E8)	0.043	-1.021	0.095	-0.854	-0.366	-0.183	-86.18	-2.63	128.97	7.252	19.110	-8.134	0.32816	-0.27896	-0.62375	0.65216	24.1	13111	100
2025-5-11 11:13:21.159	WTBenchPress#5(CEA7A127C8E8)	0.042	-1.025	0.094	-0.061	-0.366	-0.183	-86.16	-2.63	128.97	7.154	19.012	-8.134	0.32816	-0.27896	-0.62375	0.65216	24.1	13111	100
2025-5-11 11:13:21.159	WTBenchPress#5(CEA7A127C8E8)	0.042	-1.027	0.094	0.122	-0.366	-0.183	-86.14	-2.63	128.97	7.154	19.012	-8.134	0.32816	-0.27896	-0.62375	0.65216	24.1	13111	100
2025-5-11 11:13:21.190	WTBenchPress#5(CEA7A127C8E8)	0.042	-1.022	0.100	-0.244	-0.366	-0.183	-86.13	-2.63	128.97	7.154	19.012	-8.134	0.32816	-0.27896	-0.62375	0.65216	24.1	13111	100
2025-5-11 11:13:21.190	WTBenchPress#5(CEA7A127C8E8)	0.043	-1.022	0.102	-0.854	-0.366	-0.183	-86.13	-2.64	128.97	7.154	19.012	-8.134	0.32816	-0.27896	-0.62375	0.65216	24.1	13111	100
2025-5-11 11:13:21.250	WTBenchPress#5(CEA7A127C8E8)	0.043	-1.025	0.099	-1.831	-0.488	-0.244	-86.14	-2.64	128.97	7.154	19.012	-8.134	0.32816	-0.27896	-0.62375	0.65216	24.1	13111	100
2025-5-11 11:13:21.250	WTBenchPress#5(CEA7A127C8E8)	0.042	-1.023	0.098	-2.441	-0.488	-0.305	-86.18	-2.64	128.97	7.154	19.012	-8.134	0.32816	-0.27896	-0.62375	0.65216	24.1	13111	100
2025-5-11 11:13:21.280	WTBenchPress#5(CEA7A127C8E8)	0.043	-1.022	0.094	-2.136	-0.488	-0.244	-86.20	-2.64	128.97	7.154	19.012	-8.134	0.32816	-0.27896	-0.62375	0.65216	24.1	13111	100
2025-5-11 11:13:21.280	WTBenchPress#5(CEA7A127C8E8)	0.044	-1.027	0.091	-1.465	-0.488	-0.183	-86.21	-2.64	128.97	7.154	19.012	-8.134	0.32816	-0.27896	-0.62375	0.65216	24.1	13111	100
2025-5-11 11:13:21.312	WTBenchPress#5(CEA7A127C8E8)	0.043	-1.024	0.091	-0.610	-0.427	-0.183	-86.20	-2.65	128.97	7.154	19.012	-8.134	0.32816	-0.27896	-0.62375	0.65216	24.1	13111	100
2025-5-11 11:13:21.312	WTBenchPress#5(CEA7A127C8E8)	0.043	-1.023	0.097	-0.061	-0.488	-0.183	-86.19	-2.65	128.98	7.154	19.012	-8.134	0.32816	-0.27896	-0.62375	0.65216	24.1	13111	100
2025-5-11 11:13:21.371	WTBenchPress#5(CEA7A127C8E8)	0.044	-1.024	0.099	-0.366	-0.488	-0.183	-86.18	-2.65	128.98	7.154	19.012	-8.134	0.32864	-0.27884	-0.62366	0.65207	24.1	13111	100
2025-5-11 11:13:21.372	WTBenchPress#5(CEA7A127C8E8)	0.044	-1.021	0.101	-2.319	-0.549	-0.244	-86.19	-2.65	128.98	7.154	19.012	-8.134	0.32864	-0.27884	-0.62366	0.65207	24.1	13111	100
2025-5-11 11:13:21.402	WTBenchPress#5(CEA7A127C8E8)	0.044	-1.022	0.096	-2.747	-0.549	-0.305	-86.22	-2.65	128.98	7.154	19.012	-8.134	0.32864	-0.27884	-0.62366	0.65207	24.1	13111	100
2025-5-11 11:13:21.402	WTBenchPress#5(CEA7A127C8E8)	0.044	-1.026	0.092	-2.441	-0.610	-0.244	-86.25	-2.66	128.98	7.154	19.012	-8.134	0.32864	-0.27884	-0.62366	0.65207	24.1	13111	100
2025-5-11 11:13:21.431	WTBenchPress#5(CEA7A127C8E8)	0.048	-1.021	0.095	-1.465	-0.549	-0.244	-86.28	-2.66	128.98	7.154	19.012	-8.134	0.32864	-0.27884	-0.62366	0.65207	24.1	13111	100
2025-5-11 11:13:21.431	WTBenchPress#5(CEA7A127C8E8)	0.044	-1.023	0.108	0.732	-0.305	-0.305	-86.28	-2.66	128.97	7.154	19.012	-8.134	0.32864	-0.27884	-0.62366	0.65207	24.1	13111	100
2025-5-11 11:13:21.490	WTBenchPress#5(CEA7A127C8E8)	0.035	-1.024	0.125	7.324	-1.221	0.244	-86.21	-2.66	128.97	7.154	19.012	-8.134	0.32864	-0.27884	-0.62366	0.65207	24.1	13111	100
2025-5-11 11:13:21.490	WTBenchPress#5(CEA7A127C8E8)	0.027	-1.013	0.143	12.817	-1.892	0.305	-86.01	-2.66	128.98	7.154	19.012	-8.134	0.32864	-0.27884	-0.62366	0.65207	24.1	13111	100
2025-5-11 11:13:21.522	WTBenchPress#5(CEA7A127C8E8)	0.009	-1.022	0.129	15.625	-2.686	0.549	-85.72	-2.65	129.00	7.154	19.012	-8.134	0.32864	-0.27884	-0.62366	0.65207	24.1	13111	100
2025-5-11 11:13:21.522	WTBenchPress#5(CEA7A127C8E8)	0.003	-1.006	0.147	15.076	-2.380	1.770	-85.39	-2.64	129.05	7.154	19.012	-8.134	0.32864	-0.27884	-0.62366	0.65207	24.1	13111	100
2025-5-11 11:13:21.552	WTBenchPress#5(CEA7A127C8E8)	0.005	-0.968	0.104	5.615	-0.366	2.136	-85.12	-2.59	129.07	7.154	19.012	-8.134	0.32864	-0.27884	-0.62366	0.65207	24.1	13111	100
2025-5-11 11:13:21.552	WTBenchPress#5(CEA7A127C8E8)	-0.007	-0.970	0.095	-17.334	0.366	2.502	-85.10	-2.54	129.07	7.154	19.012	-8.428	0.32864	-0.27884	-0.62366	0.65207	24.1	13111	100
2025-5-11 11:13:21.610	WTBenchPress#5(CEA7A127C8E8)	0.006	-0.899	-0.026	-45.288	0.061	2.563	-85.56	-2.48	129.07	7.154	19.012	-8.428	0.32864	-0.27884	-0.62366	0.65207	24.1	13111	100
2025-5-11 11:13:21.610	WTBenchPress#5(CEA7A127C8E8)	0.060	-1.021	-0.088	-70.618	-2.075	0.122	-86.58	-2.42	129.09	7.154	19.012	-8.428	0.32864	-0.27884	-0.62366	0.65207	24.1	13111	100
2025-5-11 11:13:21.640	WTBenchPress#5(CEA7A127C8E8)	0.114	-1.200	-0.214	-76.355	-2.747	-3.357	-88.02	-2.42	129.17	7.154	19.012	-8.428	0.32864	-0.27884	-0.62366	0.65207	24.1	13111	100
2025-5-11 11:13:21.640	WTBenchPress#5(CEA7A127C8E8)	0.122	-1.139	-0.336	-49.438	-1.221	-3.662	-89.42	-2.48	129.25	7.154	19.012	-8.428	0.32864	-0.27884	-0.62366	0.65207	24.1	13111	100
2025-5-11 11:13:21.671	WTBenchPress#5(CEA7A127C8E8)	0.107	-0.979	-0.284	-8.911	0.671	-1.770	-90.24	-2.54	129.32	7.154	19.012	-8.428	0.32864	-0.27884	-0.62366	0.65207	24.1	13111	100
2025-5-11 11:13:21.671	WTBenchPress#5(CEA7A127C8E8)	0.122	-0.981	-0.003	-7.690	1.648	-0.549	-90.46	-2.58	129.36	7.154	19.012	-8.428	0.32864	-0.27884	-0.62366	0.65207	24.1	13111	100
2025-5-11 11:13:21.731	WTBenchPress#5(CEA7A127C8E8)	0.142	-1.024	0.147	-55.725	1.221	-2.197	-90.90	-2.61	129.36	7.154	19.012	-8.428	0.32864	-0.27884	-0.62366	0.65207	24.1	13111	100
2025-5-11 11:13:21.731	WTBenchPress#5(CEA7A127C8E8)	0.092	-1.055	0.055	-88.684	0.549	-5.615	-92.19	-2.69	129.31	7.154	19.012	-8.428	0.32864	-0.27884	-0.62366	0.65207	24.1	13111	100
2025-5-11 11:13:21.762	WTBenchPress#5(CEA7A127C8E8)	0.047	-1.102	-0.173	-65.735	1.709	-5.188	-93.83	-2.82	129.22	7.154	19.012	-8.428	0.30905	-0.29785	-0.66681	0.60913	24.1	13111	100
2025-5-11 11:13:21.762	WTBenchPress#5(CEA7A127C8E8)	0.017	-1.025	-0.049	-18.738	2.502	-0.854	-94.88	-2.93	129.08	7.154	19.012	-8.428	0.30905	-0.29785	-0.66681	0.60913	24.1	13111	100
2025-5-11 11:13:21.790	WTBenchPress#5(CEA7A127C8E8)	-0.004	-0.972	0.211	-31.006	1.648	-1.770	-95.35	-2.98	128.91	7.154	19.012	-8.428	0.30905	-0.29785	-0.66681	0.60913	24.1	13111	100
2025-5-11 11:13:21.790	WTBenchPress#5(CEA7A127C8E8)	-0.020	-0.925	0.093	-63.416	1.343	-4.822	-96.22	-3.07	128.69	7.154	19.012	-8.428	0.30905	-0.29785	-0.66681	0.60913	24.1	13111	100
2025-5-11 11:13:21.850	WTBenchPress#5(CEA7A127C8E8)	-0.003	-0.889	-0.059	-52.307	2.625	-3.967	-97.29	-3.18	128.41	7.154	19.012	-8.428	0.30905	-0.29785	-0.66681	0.60913	24.1	13111	100
2025-5-11 11:13:21.850	WTBenchPress#5(CEA7A127C8E8)	0.014	-0.828	0.036	-51.819	2.991	-3.479	-98.23	-3.27	128.10	7.154	19.012	-8.428	0.30905	-0.29785	-0.66681	0.60913	24.1	13111	100
2025-5-11 11:13:21.880	WTBenchPress#5(CEA7A127C8E8)	0.043	-0.796	0.067	-66.162	2.869	-4.578	-99.29	-3.37	127.74	7.154	19.012	-8.428	0.30905	-0.29785	-0.66681	0.60913	24.1	13111	100
2025-5-11 11:13:21.880	WTBenchPress#5(CEA7A127C8E8)	0.040	-0.915	0.003	-55.237	3.418	-4.761	-100.37	-3.49	127.31	7.154	19.012	-8.428	0.30905	-0.29785	-0.66681	0.60913	24.1	13111	100
2025-5-11 11:13:21.913	WTBenchPress#5(CEA7A127C8E8)	0.000	-0.916	0.092	-21.057	4.395	-4.028	-100.99	-3.62	126.83	7.154	19.012	-8.428	0.30905	-0.29785	-0.66681	0.60913	24.1	13111	100
2025-5-11 11:13:21.913	WTBenchPress#5(CEA7A127C8E8)	0.000	-0.915	0.305	-13.367	4.883	-3.479	-101.17	-3.75	126.25	7.154	19.012	-8.428	0.30905	-0.29785	-0.66681	0.60913	24.1	13111	100
2025-5-11 11:13:21.972	WTBenchPress#5(CEA7A127C8E8)	0.002	-0.910	0.223	-17.883	5.737	-4.333	-101.28	-3.91	125.58	7.154	21.560	0.294	0.30905	-0.29785	-0.66681	0.60913	24.1	13111	100
2025-5-11 11:13:21.972	WTBenchPress#5(CEA7A127C8E8)	0.051	-0.893	-0.094	-0.366	7.813	-4.089	-101.26	-4.09	124.83	7.154	21.560	0.294	0.30905	-0.29785	-0.66681	0.60913	24.1	13111	100
2025-5-11 11:13:22.2	WTBenchPress#5(CEA7A127C8E8)	0.073	-0.809	-0.198	44.983	9.766	-2.319	-100.62	-4.22	124.11	7.154	21.560	0.294	0.30905	-0.29785	-0.66681	0.60913	24.1	13111	100
2025-5-11 11:13:22.2	WTBenchPress#5(CEA7A127C8E8)	0.100	-0.812	-0.068	22.095	9.888	-4.822	-99.80	-4.35	123.46	7.154	21.560	0.294	0.30905	-0.29785	-0.66681	0.60913	24.1	13111	100
2025-5-11 11:13:22.60	WTBenchPress#5(CEA7A127C8E8)	0.099	-0.839	-0.321	-1.587	9.766	-4.761	-99.47	-4.48	122.88	7.154	21.560	0.294	0.30905	-0.29785	-0.66681	0.60913	24.1	13111	100
2025-5-11 11:13:22.60	WTBenchPress#5(CEA7A127C8E8)	0.089	-0.851	-0.459	0.549	8.667	-3.845	-99.40	-4.59	122.45	7.154	21.560	0.294	0.30905	-0.29785	-0.66681	0.60913	24.1	13111	100
2025-5-11 11:13:22.89	WTBenchPress#5(CEA7A127C8E8)	0.092	-0.745	-0.453	8.362	6.042	-4.395	-99.30	-4.69	122.20	7.154	21.560	0.294	0.30905	-0.29785	-0.66681	0.60913	24.1	13111	100
2025-5-11 11:13:22.90	WTBenchPress#5(CEA7A127C8E8)	0.086	-0.836	-0.414	-2.014	3.296	-5.432	-99.27	-4.79	122.09	7.154	21.560	0.294	0.30905	-0.29785	-0.66681	0.60913	24.1	13111	100
2025-5-11 11:13:22.121	WTBenchPress#5(CEA7A127C8E8)	0.092	-0.865	-0.419	-11.719	1.038	-5.615	-99.49	-4.91	122.08	7.154	21.560	0.294	0.30905	-0.29785	-0.66681	0.60913	24.1	13111	100
2025-5-11 11:13:22.121	WTBenchPress#5(CEA7A127C8E8)	0.075	-0.819	-0.389	-24.536	-0.671	-5.737	-99.94	-5.02	122.15	7.154	21.560	0.294	0.30905	-0.29785	-0.66681	0.60913	24.1	13111	100
2025-5-11 11:13:22.180	WTBenchPress#5(CEA7A127C8E8)	0.069	-0.839	-0.374	-48.767	-2.625	-6.104	-100.79	-5.13	122.27	7.154	21.560	0.294	0.33499	-0.34793	-0.69232	0.53601	24.1	13111	100
2025-5-11 11:13:22.181	WTBenchPress#5(CEA7A127C8E8)	0.108	-0.819	-0.503	-55.054	-4.089	-6.836	-101.94	-5.24	122.43	7.154	21.560	0.294	0.33499	-0.34793	-0.69232	0.53601	24.1	13111	100
2025-5-11 11:13:22.209	WTBenchPress#5(CEA7A127C8E8)	0.094	-0.779	-0.538	-32.349	-6.348	-7.202	-102.95	-5.36	122.65	7.154	21.560	0.294	0.33499	-0.34793	-0.69232	0.53601	24.1	13111	100
2025-5-11 11:13:22.209	WTBenchPress#5(CEA7A127C8E8)	0.056	-0.744	-0.337	-21.423	-9.705	-7.324	-103.57	-5.46	122.93	7.154	21.560	0.294	0.33499	-0.34793	-0.69232	0.53601	24.1	13111	100
2025-5-11 11:13:22.241	WTBenchPress#5(CEA7A127C8E8)	0.039	-0.858	-0.183	-21.851	-9.644	-7.690	-104.14	-5.56	123.21	7.154	21.560	0.294	0.33499	-0.34793	-0.69232	0.53601	24.1	13111	100
2025-5-11 11:13:22.241	WTBenchPress#5(CEA7A127C8E8)	0.062	-0.820	-0.105	-24.170	-8.057	-6.409	-104.71	-5.64	123.40	7.154	21.560	0.294	0.33499	-0.34793	-0.69232	0.53601	24.1	13111	100
2025-5-11 11:13:22.303	WTBenchPress#5(CEA7A127C8E8)	0.112	-0.795	-0.116	-19.409	-6.958	-6.531	-105.18	-5.71	123.50	7.154	21.560	0.294	0.33499	-0.34793	-0.69232	0.53601	24.1	13111	100
2025-5-11 11:13:22.303	WTBenchPress#5(CEA7A127C8E8)	0.141	-0.800	-0.043	-6.348	-4.944	-6.470	-105.40	-5.80	123.49	7.154	21.560	0.294	0.33499	-0.34793	-0.69232	0.53601	24.1	13111	100
2025-5-11 11:13:22.332	WTBenchPress#5(CEA7A127C8E8)	0.113	-0.793	0.006	-5.798	-3.723	-7.385	-105.51	-5.91	123.37	7.154	21.560	0.294	0.33499	-0.34793	-0.69232	0.53601	24.1	13111	100
2025-5-11 11:13:22.332	WTBenchPress#5(CEA7A127C8E8)	0.088	-0.834	-0.022	-8.606	-3.479	-8.728	-105.64	-6.07	123.17	7.154	21.560	0.294	0.33499	-0.34793	-0.69232	0.53601	24.1	13111	100
2025-5-11 11:13:22.362	WTBenchPress#5(CEA7A127C8E8)	0.063	-0.890	-0.033	-2.930	-2.563	-9.399	-105.67	-6.25	122.91	7.154	21.560	0.294	0.33499	-0.34793	-0.69232	0.53601	24.1	13111	100
2025-5-11 11:13:22.362	WTBenchPress#5(CEA7A127C8E8)	0.049	-0.942	-0.070	-5.188	-1.221	-8.118	-105.68	-6.43	122.58	6.762	18.228	2.940	0.33499	-0.34793	-0.69232	0.53601	24.1	13111	100
2025-5-11 11:13:22.421	WTBenchPress#5(CEA7A127C8E8)	0.054	-0.904	-0.114	-4.395	-1.038	-7.690	-105.68	-6.59	122.22	6.762	18.228	2.940	0.33499	-0.34793	-0.69232	0.53601	24.1	13111	100
2025-5-11 11:13:22.421	WTBenchPress#5(CEA7A127C8E8)	0.075	-0.931	-0.108	-18.188	-1.404	-7.690	-105.89	-6.75	121.85	6.762	18.228	2.940	0.33499	-0.34793	-0.69232	0.53601	24.1	13111	100
2025-5-11 11:13:22.449	WTBenchPress#5(CEA7A127C8E8)	0.087	-0.960	-0.209	-18.738	-1.709	-6.897	-106.17	-6.88	121.50	6.762	18.228	2.940	0.33499	-0.34793	-0.69232	0.53601	24.1	13111	100
2025-5-11 11:13:22.450	WTBenchPress#5(CEA7A127C8E8)	0.087	-1.015	-0.245	-12.939	-2.380	-4.578	-106.37	-6.97	121.15	6.762	18.228	2.940	0.33499	-0.34793	-0.69232	0.53601	24.1	13111	100
2025-5-11 11:13:22.480	WTBenchPress#5(CEA7A127C8E8)	0.123	-1.021	-0.262	-7.263	-2.808	-2.380	-106.47	-7.00	120.83	6.762	18.228	2.940	0.33499	-0.34793	-0.69232	0.53601	24.1	13111	100
2025-5-11 11:13:22.480	WTBenchPress#5(CEA7A127C8E8)	0.145	-0.997	-0.257	-5.188	-3.113	-1.770	-106.52	-7.02	120.53	6.762	18.228	2.940	0.33499	-0.34793	-0.69232	0.53601	24.1	13111	100
2025-5-11 11:13:22.541	WTBenchPress#5(CEA7A127C8E8)	0.149	-1.089	-0.298	-4.822	-3.418	-0.793	-106.56	-7.01	120.26	6.762	18.228	2.940	0.33499	-0.34793	-0.69232	0.53601	24.1	13111	100
2025-5-11 11:13:22.541	WTBenchPress#5(CEA7A127C8E8)	0.167	-0.925	-0.304	-2.441	-3.357	-1.038	-106.58	-7.01	120.00	6.762	18.228	2.940	0.33499	-0.34793	-0.69232	0.53601	24.1	13111	100
2025-5-11 11:13:22.571	WTBenchPress#5(CEA7A127C8E8)	0.183	-1.009	-0.348	-4.944	-4.028	-1.709	-106.64	-7.02	119.79	6.762	18.228	2.940	0.33499	-0.34793	-0.69232	0.53601	24.1	13111	100
2025-5-11 11:13:22.571	WTBenchPress#5(CEA7A127C8E8)	0.151	-1.047	-0.449	0.427	-4.700	-1.892	-106.66	-7.03	119.62	6.762	18.228	2.940	0.34286	-0.37119	-0.71002	0.49036	24.1	13111	100
2025-5-11 11:13:22.602	WTBenchPress#5(CEA7A127C8E8)	0.120	-1.019	-0.391	4.150	-5.798	-3.479	-106.61	-7.06	119.51	6.762	18.228	2.940	0.34286	-0.37119	-0.71002	0.49036	24.1	13111	100
2025-5-11 11:13:22.602	WTBenchPress#5(CEA7A127C8E8)	0.038	-1.011	-0.410	0.793	-6.714	-4.639	-106.60	-7.11	119.47	6.762	18.228	2.940	0.34286	-0.37119	-0.71002	0.49036	24.1	13111	100
2025-5-11 11:13:22.660	WTBenchPress#5(CEA7A127C8E8)	0.035	-0.995	-0.308	4.028	-6.897	-4.333	-106.56	-7.15	119.43	6.762	18.228	2.940	0.34286	-0.37119	-0.71002	0.49036	24.1	13111	100
2025-5-11 11:13:22.660	WTBenchPress#5(CEA7A127C8E8)	0.070	-1.160	-0.299	2.136	-6.042	-4.517	-106.53	-7.18	119.39	6.762	18.228	2.940	0.34286	-0.37119	-0.71002	0.49036	24.1	13111	100
2025-5-11 11:13:22.690	WTBenchPress#5(CEA7A127C8E8)	0.091	-1.057	-0.247	5.798	-5.554	-4.211	-106.44	-7.20	119.33	6.762	18.228	2.940	0.34286	-0.37119	-0.71002	0.49036	24.1	13111	100
2025-5-11 11:13:22.691	WTBenchPress#5(CEA7A127C8E8)	0.124	-1.041	-0.293	-10.071	-5.493	-5.920	-106.64	-7.26	119.27	6.762	18.228	2.940	0.34286	-0.37119	-0.71002	0.49036	24.1	13111	100
2025-5-11 11:13:22.722	WTBenchPress#5(CEA7A127C8E8)	0.128	-1.088	-0.357	0.061	-4.639	-6.226	-106.66	-7.33	119.22	6.762	18.228	2.940	0.34286	-0.37119	-0.71002	0.49036	24.1	13111	100
2025-5-11 11:13:22.723	WTBenchPress#5(CEA7A127C8E8)	0.178	-1.058	-0.292	-5.371	-3.784	-6.592	-106.77	-7.41	119.15	6.762	18.228	2.940	0.34286	-0.37119	-0.71002	0.49036	24.1	13111	100
2025-5-11 11:13:22.780	WTBenchPress#5(CEA7A127C8E8)	0.188	-1.113	-0.394	-17.639	-3.967	-7.080	-107.13	-7.50	119.11	6.370	15.484	2.352	0.34286	-0.37119	-0.71002	0.49036	24.1	13111	100
2025-5-11 11:13:22.780	WTBenchPress#5(CEA7A127C8E8)	0.170	-1.128	-0.391	-14.771	-4.822	-5.737	-107.45	-7.57	119.08	6.370	15.484	2.352	0.34286	-0.37119	-0.71002	0.49036	24.1	13111	100
2025-5-11 11:13:22.810	WTBenchPress#5(CEA7A127C8E8)	0.184	-1.102	-0.337	-20.081	-5.615	-4.517	-107.86	-7.61	119.06	6.370	15.484	2.352	0.34286	-0.37119	-0.71002	0.49036	24.1	13111	100
2025-5-11 11:13:22.810	WTBenchPress#5(CEA7A127C8E8)	0.204	-1.199	-0.354	-29.297	-6.348	-4.028	-108.45	-7.65	119.04	6.370	15.484	2.352	0.34286	-0.37119	-0.71002	0.49036	24.1	13111	100
2025-5-11 11:13:22.840	WTBenchPress#5(CEA7A127C8E8)	0.192	-1.131	-0.408	-30.701	-7.507	-2.747	-109.07	-7.65	119.01	6.370	15.484	2.352	0.34286	-0.37119	-0.71002	0.49036	24.1	13111	100
2025-5-11 11:13:22.840	WTBenchPress#5(CEA7A127C8E8)	0.169	-1.218	-0.434	-31.677	-8.728	-1.648	-109.71	-7.63	119.00	6.370	15.484	2.352	0.34286	-0.37119	-0.71002	0.49036	24.1	13111	100
2025-5-11 11:13:22.901	WTBenchPress#5(CEA7A127C8E8)	0.122	-1.300	-0.378	-31.677	-9.338	0.366	-110.34	-7.56	118.96	6.370	15.484	2.352	0.34286	-0.37119	-0.71002	0.49036	24.1	13111	100
2025-5-11 11:13:22.901	WTBenchPress#5(CEA7A127C8E8)	0.139	-1.260	-0.208	-43.335	-9.338	2.258	-111.18	-7.47	118.87	6.370	15.484	2.352	0.34286	-0.37119	-0.71002	0.49036	24.1	13111	100
2025-5-11 11:13:22.933	WTBenchPress#5(CEA7A127C8E8)	1.137	-1.313	-0.154	-58.044	-8.362	2.747	-112.27	-7.37	118.68	6.370	15.484	2.352	0.34286	-0.37119	-0.71002	0.49036	24.1	13111	100
2025-5-11 11:13:22.933	WTBenchPress#5(CEA7A127C8E8)	0.129	-11.138	-1.248	-64.941	-6.165	3.113	-113.46	-7.29	118.37	6.370	15.484	2.352	0.34286	-0.37119	-0.71002	0.49036	24.1	13111	100
2025-5-11 11:13:22.961	WTBenchPress#5(CEA7A127C8E8)	0.121	-1.399	-0.250	-62.439	-4.150	4.456	-114.55	-7.23	117.92	6.370	15.484	2.352	0.34286	-0.37119	-0.71002	0.49036	24.1	13111	100
2025-5-11 11:13:22.961	WTBenchPress#5(CEA7A127C8E8)	0.104	-1.386	-0.311	-46.509	-2.808	5.859	-115.32	-7.15	117.42	6.370	15.484	2.352	0.32230	-0.40939	-0.73788	0.42883	24.1	13111	100
2025-5-11 11:13:23.20	WTBenchPress#5(CEA7A127C8E8)	0.122	-1.372	-0.342	-29.053	-1.343	7.080	-115.72	-7.06	116.87	6.370	15.484	2.352	0.32230	-0.40939	-0.73788	0.42883	24.1	13111	100
2025-5-11 11:13:23.20	WTBenchPress#5(CEA7A127C8E8)	0.137	-1.397	-0.469	-19.775	-0.549	7.874	-115.95	-6.97	116.30	6.370	15.484	2.352	0.32230	-0.40939	-0.73788	0.42883	24.1	13111	100
2025-5-11 11:13:23.50	WTBenchPress#5(CEA7A127C8E8)	0.143	-1.326	-0.559	-17.578	-1.465	7.629	-116.13	-6.85	115.75	6.370	15.484	2.352	0.32230	-0.40939	-0.73788	0.42883	24.1	13111	100
2025-5-11 11:13:23.50	WTBenchPress#5(CEA7A127C8E8)	0.141	-1.311	-0.535	-19.714	-0.916	6.592	-116.35	-6.74	115.24	6.370	15.484	2.352	0.32230	-0.40939	-0.73788	0.42883	24.1	13111	100
2025-5-11 11:13:23.79	WTBenchPress#5(CEA7A127C8E8)	0.125	-1.286	-0.535	-14.893	1.160	5.371	-116.59	-6.65	114.74	6.370	15.484	2.352	0.32230	-0.40939	-0.73788	0.42883	24.1	13111	100
2025-5-11 11:13:23.80	WTBenchPress#5(CEA7A127C8E8)	0.122	-1.292	-0.667	11.719	4.089	5.371	-116.64	-6.60	114.23	6.370	15.484	2.352	0.32230	-0.40939	-0.73788	0.42883	24.1	13111	100
2025-5-11 11:13:23.142	WTBenchPress#5(CEA7A127C8E8)	0.126	-1.297	-0.654	48.035	6.531	6.714	-116.11	-6.55	113.70	6.370	15.484	2.352	0.32230	-0.40939	-0.73788	0.42883	24.1	13111	100
2025-5-11 11:13:23.143	WTBenchPress#5(CEA7A127C8E8)	0.099	-1.296	-0.468	63.599	7.813	6.714	-114.99	-6.49	113.18	6.370	15.484	2.352	0.32230	-0.40939	-0.73788	0.42883	24.1	13111	100
2025-5-11 11:13:23.173	WTBenchPress#5(CEA7A127C8E8)	0.110	-1.296	-0.366	32.959	7.935	4.395	-113.80	-6.44	112.67	6.370	15.484	2.352	0.32230	-0.40939	-0.73788	0.42883	24.1	13111	100
2025-5-11 11:13:23.173	WTBenchPress#5(CEA7A127C8E8)	0.097	-1.254	-0.497	11.353	7.690	3.784	-113.19	-6.42	112.20	7.448	16.268	5.880	0.32230	-0.40939	-0.73788	0.42883	24.1	13111	100
2025-5-11 11:13:23.202	WTBenchPress#5(CEA7A127C8E8)	0.088	-1.246	-0.575	26.733	7.996	4.456	-112.82	-6.40	111.77	7.448	16.268	5.880	0.32230	-0.40939	-0.73788	0.42883	24.1	13111	100
2025-5-11 11:13:23.202	WTBenchPress#5(CEA7A127C8E8)	0.123	-1.189	-0.458	49.011	9.216	4.456	-112.13	-6.37	111.36	7.448	16.268	5.880	0.32230	-0.40939	-0.73788	0.42883	24.1	13111	100
2025-5-11 11:13:23.260	WTBenchPress#5(CEA7A127C8E8)	0.101	-1.197	-0.375	52.612	9.094	3.845	-111.10	-6.34	110.97	7.448	16.268	5.880	0.32230	-0.40939	-0.73788	0.42883	24.1	13111	100
2025-5-11 11:13:23.260	WTBenchPress#5(CEA7A127C8E8)	0.066	-1.197	-0.280	40.466	7.629	2.380	-110.08	-6.32	110.62	7.448	16.268	5.880	0.32230	-0.40939	-0.73788	0.42883	24.1	13111	100
2025-5-11 11:13:23.291	WTBenchPress#5(CEA7A127C8E8)	0.050	-1.150	-0.299	23.865	6.958	0.610	-109.33	-6.32	110.30	7.448	16.268	5.880	0.32230	-0.40939	-0.73788	0.42883	24.1	13111	100
2025-5-11 11:13:23.291	WTBenchPress#5(CEA7A127C8E8)	0.024	-1.164	-0.343	23.254	6.042	0.427	-108.84	-6.33	110.02	7.448	16.268	5.880	0.32230	-0.40939	-0.73788	0.42883	24.1	13111	100
2025-5-11 11:13:23.350	WTBenchPress#5(CEA7A127C8E8)	0.051	-1.111	-0.292	18.921	3.967	1.343	-108.37	-6.33	109.78	7.448	16.268	5.880	0.32230	-0.40939	-0.73788	0.42883	24.1	13111	100
2025-5-11 11:13:23.351	WTBenchPress#5(CEA7A127C8E8)	0.040	-1.118	-0.346	7.935	1.404	2.319	-108.03	-6.29	109.57	7.448	16.268	5.880	0.32230	-0.40939	-0.73788	0.42883	24.1	13111	100
2025-5-11 11:13:23.382	WTBenchPress#5(CEA7A127C8E8)	0.068	-1.078	-0.318	7.202	-0.854	3.479	-107.86	-6.21	109.41	7.448	16.268	5.880	0.37564	-0.44061	-0.67648	0.45496	24.1	13111	100
2025-5-11 11:13:23.382	WTBenchPress#5(CEA7A127C8E8)	0.117	-1.093	-0.334	11.475	-1.282	4.761	-107.68	-6.10	109.28	7.448	16.268	5.880	0.37564	-0.44061	-0.67648	0.45496	24.1	13111	100
2025-5-11 11:13:23.412	WTBenchPress#5(CEA7A127C8E8)	0.155	-1.042	-0.322	20.569	-1.099	7.385	-107.40	-5.95	109.14	7.448	16.268	5.880	0.37564	-0.44061	-0.67648	0.45496	24.1	13111	100
2025-5-11 11:13:23.412	WTBenchPress#5(CEA7A127C8E8)	0.171	-1.038	-0.324	19.653	-1.038	9.094	-106.99	-5.77	109.00	7.448	16.268	5.880	0.37564	-0.44061	-0.67648	0.45496	24.1	13111	100
2025-5-11 11:13:23.471	WTBenchPress#5(CEA7A127C8E8)	0.207	-0.974	-0.377	14.709	-0.671	10.193	-106.62	-5.58	108.85	7.448	16.268	5.880	0.37564	-0.44061	-0.67648	0.45496	24.1	13111	100
2025-5-11 11:13:23.471	WTBenchPress#5(CEA7A127C8E8)	0.230	-0.831	-0.302	18.311	-0.183	10.376	-106.32	-5.37	108.70	7.448	16.268	5.880	0.37564	-0.44061	-0.67648	0.45496	24.1	13111	100
2025-5-11 11:13:23.500	WTBenchPress#5(CEA7A127C8E8)	0.178	-0.915	-0.302	21.240	0.854	9.216	-105.95	-5.20	108.55	7.448	16.268	5.880	0.37564	-0.44061	-0.67648	0.45496	24.1	13111	100
2025-5-11 11:13:23.500	WTBenchPress#5(CEA7A127C8E8)	0.141	-0.939	-0.363	23.071	1.160	8.484	-105.53	-5.06	108.40	7.448	16.268	5.880	0.37564	-0.44061	-0.67648	0.45496	24.1	13111	100
2025-5-11 11:13:23.532	WTBenchPress#5(CEA7A127C8E8)	0.096	-0.906	-0.313	23.010	0.732	8.972	-105.11	-4.93	108.26	7.448	16.268	5.880	0.37564	-0.44061	-0.67648	0.45496	24.1	13111	100
2025-5-11 11:13:23.532	WTBenchPress#5(CEA7A127C8E8)	0.107	-0.830	-0.240	22.827	1.831	9.338	-104.69	-4.80	108.13	7.448	16.268	5.880	0.37564	-0.44061	-0.67648	0.45496	24.1	13111	100
2025-5-11 11:13:23.590	WTBenchPress#5(CEA7A127C8E8)	0.063	-0.846	-0.286	11.414	1.099	8.728	-104.39	-4.66	108.00	8.232	17.640	3.136	0.37564	-0.44061	-0.67648	0.45496	24.1	13111	100
2025-5-11 11:13:23.590	WTBenchPress#5(CEA7A127C8E8)	0.082	-0.964	-0.283	5.737	-0.427	9.033	-104.26	-4.52	107.89	8.232	17.640	3.136	0.37564	-0.44061	-0.67648	0.45496	24.1	13111	100
2025-5-11 11:13:23.620	WTBenchPress#5(CEA7A127C8E8)	0.068	-0.797	-0.264	12.878	-0.183	9.766	-104.12	-4.37	107.80	8.232	17.640	3.136	0.37564	-0.44061	-0.67648	0.45496	24.1	13111	100
2025-5-11 11:13:23.620	WTBenchPress#5(CEA7A127C8E8)	0.053	-0.784	-0.238	16.357	0.366	10.132	-103.87	-4.20	107.72	8.232	17.640	3.136	0.37564	-0.44061	-0.67648	0.45496	24.1	13111	100
2025-5-11 11:13:23.650	WTBenchPress#5(CEA7A127C8E8)	0.063	-0.783	-0.251	20.874	2.075	8.240	-103.55	-4.05	107.62	8.232	17.640	3.136	0.37564	-0.44061	-0.67648	0.45496	24.1	13111	100
2025-5-11 11:13:23.650	WTBenchPress#5(CEA7A127C8E8)	0.035	-0.786	-0.161	20.813	3.052	6.226	-103.18	-3.94	107.52	8.232	17.640	3.136	0.37564	-0.44061	-0.67648	0.45496	24.1	13111	100
2025-5-11 11:13:23.710	WTBenchPress#5(CEA7A127C8E8)	0.007	-0.740	-0.088	13.489	4.028	4.944	-102.87	-3.87	107.40	8.232	17.640	3.136	0.37564	-0.44061	-0.67648	0.45496	24.1	13111	100
2025-5-11 11:13:23.710	WTBenchPress#5(CEA7A127C8E8)	-0.012	-0.721	-0.138	11.841	5.615	1.526	-102.64	-3.85	107.25	8.232	17.640	3.136	0.37564	-0.44061	-0.67648	0.45496	24.1	13111	100
2025-5-11 11:13:23.741	WTBenchPress#5(CEA7A127C8E8)	0.016	-0.819	-0.209	12.634	6.775	0.793	-102.41	-3.85	107.08	8.232	17.640	3.136	0.37564	-0.44061	-0.67648	0.45496	24.1	13111	100
2025-5-11 11:13:23.741	WTBenchPress#5(CEA7A127C8E8)	0.046	-0.723	-0.274	15.930	6.653	0.732	-102.15	-3.86	106.93	8.232	17.640	3.136	0.37564	-0.44061	-0.67648	0.45496	24.1	13111	100
2025-5-11 11:13:23.770	WTBenchPress#5(CEA7A127C8E8)	0.036	-0.780	-0.211	18.311	5.859	-0.671	-101.84	-3.88	106.82	8.232	17.640	3.136	0.37564	-0.44061	-0.67648	0.45496	24.1	13111	100
2025-5-11 11:13:23.770	WTBenchPress#5(CEA7A127C8E8)	0.017	-0.755	-0.176	10.376	4.883	-2.686	-101.59	-3.92	106.75	8.232	17.640	3.136	0.39841	-0.44440	-0.63428	0.49127	24.1	13111	100
2025-5-11 11:13:23.830	WTBenchPress#5(CEA7A127C8E8)	0.025	-0.833	-0.189	-4.089	4.211	-1.648	-101.56	-3.97	106.72	8.232	17.640	3.136	0.39841	-0.44440	-0.63428	0.49127	24.1	13111	100
2025-5-11 11:13:23.830	WTBenchPress#5(CEA7A127C8E8)	0.042	-0.764	-0.197	-12.085	3.479	-1.831	-101.76	-4.01	106.69	8.232	17.640	3.136	0.39841	-0.44440	-0.63428	0.49127	24.1	13111	100
2025-5-11 11:13:23.859	WTBenchPress#5(CEA7A127C8E8)	0.014	-0.767	-0.200	-8.728	3.235	-3.479	-101.99	-4.06	106.68	8.232	17.640	3.136	0.39841	-0.44440	-0.63428	0.49127	24.1	13111	100
2025-5-11 11:13:23.860	WTBenchPress#5(CEA7A127C8E8)	-0.014	-0.750	-0.188	3.174	2.869	-6.226	-102.07	-4.15	106.68	8.232	17.640	3.136	0.39841	-0.44440	-0.63428	0.49127	24.1	13111	100
2025-5-11 11:13:23.889	WTBenchPress#5(CEA7A127C8E8)	-0.016	-0.772	-0.084	0.671	2.563	-8.667	-102.06	-4.28	106.70	8.232	17.640	3.136	0.39841	-0.44440	-0.63428	0.49127	24.1	13111	100
2025-5-11 11:13:23.889	WTBenchPress#5(CEA7A127C8E8)	-0.010	-0.810	-0.072	-12.878	4.272	-10.620	-102.26	-4.46	106.69	8.232	17.640	3.136	0.39841	-0.44440	-0.63428	0.49127	24.1	13111	100
2025-5-11 11:13:23.980	WTBenchPress#5(CEA7A127C8E8)	-0.009	-0.836	-0.121	-5.310	7.874	-11.719	-102.39	-4.67	106.61	8.232	17.640	3.136	0.39841	-0.44440	-0.63428	0.49127	24.1	13111	100
2025-5-11 11:13:23.980	WTBenchPress#5(CEA7A127C8E8)	0.008	-0.868	-0.073	11.292	10.742	-11.963	-102.21	-4.90	106.45	8.232	17.640	3.136	0.39841	-0.44440	-0.63428	0.49127	24.1	13111	100
2025-5-11 11:13:23.981	WTBenchPress#5(CEA7A127C8E8)	0.011	-0.894	0.001	10.132	11.475	-12.085	-101.95	-5.13	106.24	8.232	17.640	3.136	0.39841	-0.44440	-0.63428	0.49127	24.1	13111	100
2025-5-11 11:13:23.981	WTBenchPress#5(CEA7A127C8E8)	0.032	-0.900	0.001	-5.371	10.315	-12.634	-101.90	-5.37	106.01	7.742	19.012	0.882	0.39841	-0.44440	-0.63428	0.49127	24.1	13111	100
2025-5-11 11:13:24.15	WTBenchPress#5(CEA7A127C8E8)	0.064	-0.961	-0.064	-12.451	8.240	-12.451	-102.04	-5.60	105.80	7.742	19.012	0.882	0.39841	-0.44440	-0.63428	0.49127	24.1	13111	100
2025-5-11 11:13:24.15	WTBenchPress#5(CEA7A127C8E8)	0.089	-1.018	-0.162	-1.648	6.409	-10.742	-102.04	-5.79	105.62	7.742	19.012	0.882	0.39841	-0.44440	-0.63428	0.49127	24.1	13111	100
2025-5-11 11:13:24.70	WTBenchPress#5(CEA7A127C8E8)	0.105	-1.029	-0.169	10.864	5.005	-8.606	-101.81	-5.94	105.50	7.742	19.012	0.882	0.39841	-0.44440	-0.63428	0.49127	24.1	13111	100
2025-5-11 11:13:24.70	WTBenchPress#5(CEA7A127C8E8)	0.136	-1.042	-0.131	6.897	3.662	-7.446	-101.59	-6.07	105.41	7.742	19.012	0.882	0.39841	-0.44440	-0.63428	0.49127	24.1	13111	100
2025-5-11 11:13:24.100	WTBenchPress#5(CEA7A127C8E8)	0.189	-1.081	-0.178	-1.648	2.563	-6.348	-101.52	-6.18	105.35	7.742	19.012	0.882	0.39841	-0.44440	-0.63428	0.49127	24.1	13111	100
2025-5-11 11:13:24.100	WTBenchPress#5(CEA7A127C8E8)	0.209	-1.105	-0.267	5.371	1.587	-4.517	-101.41	-6.26	105.33	7.742	19.012	0.882	0.39841	-0.44440	-0.63428	0.49127	24.1	13111	100
2025-5-11 11:13:24.131	WTBenchPress#5(CEA7A127C8E8)	0.217	-1.111	-0.256	14.954	0.183	-2.258	-101.13	-6.31	105.34	7.742	19.012	0.882	0.39841	-0.44440	-0.63428	0.49127	24.1	13111	100
2025-5-11 11:13:24.131	WTBenchPress#5(CEA7A127C8E8)	0.204	-1.121	-0.235	19.653	-1.038	-0.122	-100.76	-6.32	105.39	7.742	19.012	0.882	0.39841	-0.44440	-0.63428	0.49127	24.1	13111	100
2025-5-11 11:13:24.190	WTBenchPress#5(CEA7A127C8E8)	0.188	-1.137	-0.195	15.869	-1.770	1.892	-100.42	-6.30	105.46	7.742	19.012	0.882	0.42059	-0.43588	-0.63135	0.48413	24.1	13111	100
2025-5-11 11:13:24.190	WTBenchPress#5(CEA7A127C8E8)	0.188	-1.144	-0.210	6.226	-2.930	3.906	-100.24	-6.24	105.55	7.742	19.012	0.882	0.42059	-0.43588	-0.63135	0.48413	24.1	13111	100
2025-5-11 11:13:24.220	WTBenchPress#5(CEA7A127C8E8)	0.173	-1.150	-0.267	5.920	-4.333	6.104	-100.13	-6.14	105.66	7.742	19.012	0.882	0.42059	-0.43588	-0.63135	0.48413	24.1	13111	100
2025-5-11 11:13:24.220	WTBenchPress#5(CEA7A127C8E8)	0.139	-1.144	-0.250	14.160	-5.676	7.935	-99.90	-6.00	105.80	7.742	19.012	0.882	0.42059	-0.43588	-0.63135	0.48413	24.1	13111	100
2025-5-11 11:13:24.249	WTBenchPress#5(CEA7A127C8E8)	0.099	-1.136	-0.218	14.771	-7.019	9.094	-99.64	-5.83	105.97	7.742	19.012	0.882	0.42059	-0.43588	-0.63135	0.48413	24.1	13111	100
2025-5-11 11:13:24.249	WTBenchPress#5(CEA7A127C8E8)	0.061	-1.143	-0.230	10.681	-8.362	9.888	-99.43	-5.64	106.19	7.742	19.012	0.882	0.42059	-0.43588	-0.63135	0.48413	24.1	13111	100
2025-5-11 11:13:24.313	WTBenchPress#5(CEA7A127C8E8)	0.036	-1.140	-0.217	5.127	-9.277	10.681	-99.34	-5.42	106.42	7.742	19.012	0.882	0.42059	-0.43588	-0.63135	0.48413	24.1	13111	100
2025-5-11 11:13:24.314	WTBenchPress#5(CEA7A127C8E8)	0.021	-1.086	-0.259	6.226	-9.277	10.498	-99.25	-5.20	106.67	7.742	19.012	0.882	0.42059	-0.43588	-0.63135	0.48413	24.1	13111	100
2025-5-11 11:13:24.342	WTBenchPress#5(CEA7A127C8E8)	0.014	-1.083	-0.246	15.930	-8.423	10.437	-98.98	-4.97	106.91	7.742	19.012	0.882	0.42059	-0.43588	-0.63135	0.48413	24.1	13111	100
2025-5-11 11:13:24.343	WTBenchPress#5(CEA7A127C8E8)	0.007	-1.059	-0.186	12.207	-7.751	9.277	-98.77	-4.76	107.16	7.742	19.012	0.882	0.42059	-0.43588	-0.63135	0.48413	24.1	13111	100
2025-5-11 11:13:24.373	WTBenchPress#5(CEA7A127C8E8)	0.013	-1.027	-0.166	1.770	-6.714	7.080	-98.77	-4.59	107.39	7.742	19.012	0.882	0.42059	-0.43588	-0.63135	0.48413	24.1	13111	100
2025-5-11 11:13:24.373	WTBenchPress#5(CEA7A127C8E8)	0.023	-1.027	-0.177	-5.798	-4.944	4.761	-98.92	-4.47	107.59	7.546	19.502	-0.784	0.42059	-0.43588	-0.63135	0.48413	24.1	13111	100
2025-5-11 11:13:24.431	WTBenchPress#5(CEA7A127C8E8)	0.029	-0.995	-0.222	-4.150	-2.808	2.991	-99.04	-4.39	107.75	7.546	19.502	-0.784	0.42059	-0.43588	-0.63135	0.48413	24.1	13111	100
2025-5-11 11:13:24.431	WTBenchPress#5(CEA7A127C8E8)	0.031	-0.988	-0.213	-1.221	-1.099	1.282	-99.09	-4.34	107.90	7.546	19.502	-0.784	0.42059	-0.43588	-0.63135	0.48413	24.1	13111	100
2025-5-11 11:13:24.459	WTBenchPress#5(CEA7A127C8E8)	0.029	-0.950	-0.180	-1.587	0.549	-0.732	-99.15	-4.33	108.03	7.546	19.502	-0.784	0.42059	-0.43588	-0.63135	0.48413	24.1	13111	100
2025-5-11 11:13:24.460	WTBenchPress#5(CEA7A127C8E8)	0.031	-1.015	-0.130	-5.676	2.380	-2.625	-99.28	-4.37	108.11	7.546	19.502	-0.784	0.42059	-0.43588	-0.63135	0.48413	24.1	13111	100
2025-5-11 11:13:24.490	WTBenchPress#5(CEA7A127C8E8)	0.050	-0.996	-0.127	-9.705	3.967	-3.296	-99.48	-4.43	108.14	7.546	19.502	-0.784	0.42059	-0.43588	-0.63135	0.48413	24.1	13111	100
2025-5-11 11:13:24.490	WTBenchPress#5(CEA7A127C8E8)	0.062	-0.985	-0.129	-7.019	5.310	-3.662	-99.61	-4.49	108.14	7.546	19.502	-0.784	0.42059	-0.43588	-0.63135	0.48413	24.1	13111	100
2025-5-11 11:13:24.553	WTBenchPress#5(CEA7A127C8E8)	0.082	-0.962	-0.061	-2.380	6.714	-3.967	-99.64	-4.56	108.11	7.546	19.502	-0.784	0.42059	-0.43588	-0.63135	0.48413	24.1	13111	100
2025-5-11 11:13:24.553	WTBenchPress#5(CEA7A127C8E8)	0.096	-0.977	0.000	-5.615	7.813	-4.456	-99.72	-4.66	108.02	7.546	19.502	-0.784	0.42059	-0.43588	-0.63135	0.48413	24.1	13111	100
2025-5-11 11:13:24.582	WTBenchPress#5(CEA7A127C8E8)	0.113	-0.995	0.007	-8.179	8.789	-3.967	-99.82	-4.75	107.87	7.546	19.502	-0.784	0.42059	-0.43588	-0.63135	0.48413	24.1	13111	100
2025-5-11 11:13:24.582	WTBenchPress#5(CEA7A127C8E8)	0.137	-0.998	0.010	-7.080	9.583	-2.869	-99.89	-4.82	107.67	7.546	19.502	-0.784	0.40613	-0.42984	-0.63297	0.49954	24.1	13111	100
2025-5-11 11:13:24.614	WTBenchPress#5(CEA7A127C8E8)	0.146	-1.003	0.002	-3.113	10.071	-1.526	-99.86	-4.89	107.42	7.546	19.502	-0.784	0.40613	-0.42984	-0.63297	0.49954	24.1	13111	100
2025-5-11 11:13:24.614	WTBenchPress#5(CEA7A127C8E8)	0.150	-1.013	0.008	-0.916	10.132	-0.244	-99.78	-4.93	107.16	7.546	19.502	-0.784	0.40613	-0.42984	-0.63297	0.49954	24.1	13111	100
2025-5-11 11:13:24.673	WTBenchPress#5(CEA7A127C8E8)	0.137	-1.009	-0.049	-4.578	9.827	0.549	-99.77	-4.97	106.90	7.546	19.502	-0.784	0.40613	-0.42984	-0.63297	0.49954	24.1	13111	100
2025-5-11 11:13:24.673	WTBenchPress#5(CEA7A127C8E8)	0.128	-1.022	-0.102	1.526	9.399	1.465	-99.65	-4.99	106.66	7.546	19.502	-0.784	0.40613	-0.42984	-0.63297	0.49954	24.1	13111	100
2025-5-11 11:13:24.702	WTBenchPress#5(CEA7A127C8E8)	0.116	-1.027	-0.123	7.385	9.155	2.502	-99.42	-4.99	106.44	7.546	19.502	-0.784	0.40613	-0.42984	-0.63297	0.49954	24.1	13111	100
2025-5-11 11:13:24.702	WTBenchPress#5(CEA7A127C8E8)	0.091	-1.028	-0.128	10.071	8.911	3.113	-99.14	-4.97	106.25	7.546	19.502	-0.784	0.40613	-0.42984	-0.63297	0.49954	24.1	13111	100
2025-5-11 11:13:24.732	WTBenchPress#5(CEA7A127C8E8)	0.056	-1.021	-0.275	7.935	8.423	3.540	-98.93	-4.94	106.11	7.546	19.502	-0.784	0.40613	-0.42984	-0.63297	0.49954	24.1	13111	100
2025-5-11 11:13:24.732	WTBenchPress#5(CEA7A127C8E8)	0.037	-1.000	-0.173	15.137	7.690	3.723	-98.70	-4.91	106.02	7.546	19.502	-0.784	0.40613	-0.42984	-0.63297	0.49954	24.1	13111	100
2025-5-11 11:13:24.790	WTBenchPress#5(CEA7A127C8E8)	0.027	-1.030	-0.401	9.766	7.690	3.052	-98.39	-4.87	105.97	7.546	19.502	-0.784	0.40613	-0.42984	-0.63297	0.49954	24.1	13111	100
2025-5-11 11:13:24.791	WTBenchPress#5(CEA7A127C8E8)	0.006	-0.978	-0.435	56.580	8.423	5.188	-97.97	-4.83	106.00	7.546	19.502	-0.784	0.40613	-0.42984	-0.63297	0.49954	24.1	13111	100
2025-5-11 11:13:24.820	WTBenchPress#5(CEA7A127C8E8)	0.014	-0.887	-0.287	21.851	7.385	3.296	-97.06	-4.76	106.08	7.154	21.168	-2.352	0.40613	-0.42984	-0.63297	0.49954	24.1	13111	100
2025-5-11 11:13:24.820	WTBenchPress#5(CEA7A127C8E8)	0.023	-0.810	-0.261	-4.089	5.859	1.709	-96.82	-4.72	106.24	7.154	21.168	-2.352	0.40613	-0.42984	-0.63297	0.49954	24.1	13111	100
2025-5-11 11:13:24.880	WTBenchPress#5(CEA7A127C8E8)	0.039	-0.823	-0.258	-2.075	4.822	1.343	-96.98	-4.71	106.45	7.154	21.168	-2.352	0.40613	-0.42984	-0.63297	0.49954	24.1	13111	100
2025-5-11 11:13:24.881	WTBenchPress#5(CEA7A127C8E8)	0.034	-0.870	-0.144	-8.484	3.723	0.793	-97.14	-4.70	106.69	7.154	21.168	-2.352	0.40613	-0.42984	-0.63297	0.49954	24.1	13111	100
2025-5-11 11:13:24.913	WTBenchPress#5(CEA7A127C8E8)	0.035	-0.849	-0.064	-11.047	2.930	0.854	-97.39	-4.69	106.95	7.154	21.168	-2.352	0.40613	-0.42984	-0.63297	0.49954	24.1	13111	100
2025-5-11 11:13:24.913	WTBenchPress#5(CEA7A127C8E8)	0.069	-0.660	0.020	-20.081	1.892	0.427	-97.72	-4.67	107.21	7.154	21.168	-2.352	0.40613	-0.42984	-0.63297	0.49954	24.1	13111	100
2025-5-11 11:13:24.943	WTBenchPress#5(CEA7A127C8E8)	0.087	-0.968	0.107	-44.739	0.000	-1.648	-98.27	-4.66	107.46	7.154	21.168	-2.352	0.40613	-0.42984	-0.63297	0.49954	24.1	13111	100
2025-5-11 11:13:24.943	WTBenchPress#5(CEA7A127C8E8)	0.095	-1.005	-0.060	-37.354	-0.488	-3.296	-99.12	-4.68	107.67	7.154	21.168	-2.352	0.40613	-0.42984	-0.63297	0.49954	24.1	13111	100
2025-5-11 11:13:25.3	WTBenchPress#5(CEA7A127C8E8)	0.077	-1.050	-0.079	-4.028	-0.732	-2.502	-99.67	-4.72	107.85	7.154	21.168	-2.352	0.40433	-0.42740	-0.63342	0.50250	24.1	13111	100
2025-5-11 11:13:25.3	WTBenchPress#5(CEA7A127C8E8)	0.058	-1.043	0.003	18.738	-1.343	-2.441	-99.59	-4.75	108.02	7.154	21.168	-2.352	0.40433	-0.42740	-0.63342	0.50250	24.1	13111	100
2025-5-11 11:13:25.33	WTBenchPress#5(CEA7A127C8E8)	0.046	-1.025	0.039	20.203	-1.953	-2.563	-99.16	-4.77	108.17	7.154	21.168	-2.352	0.40433	-0.42740	-0.63342	0.50250	24.1	13111	100
2025-5-11 11:13:25.33	WTBenchPress#5(CEA7A127C8E8)	0.058	-1.010	0.016	13.367	-2.258	-2.197	-98.73	-4.80	108.30	7.154	21.168	-2.352	0.40433	-0.42740	-0.63342	0.50250	24.1	13111	100
2025-5-11 11:13:25.62	WTBenchPress#5(CEA7A127C8E8)	0.074	-1.038	-0.049	9.583	-2.258	-0.549	-98.42	-4.81	108.42	7.154	21.168	-2.352	0.40433	-0.42740	-0.63342	0.50250	24.1	13111	100
2025-5-11 11:13:25.63	WTBenchPress#5(CEA7A127C8E8)	0.079	-1.079	-0.090	10.010	-2.014	2.014	-98.16	-4.78	108.53	7.154	21.168	-2.352	0.40433	-0.42740	-0.63342	0.50250	24.1	13111	100
2025-5-11 11:13:25.120	WTBenchPress#5(CEA7A127C8E8)	0.069	-1.070	-0.131	18.127	-1.343	4.333	-97.86	-4.71	108.65	7.154	21.168	-2.352	0.40433	-0.42740	-0.63342	0.50250	24.1	13111	100
2025-5-11 11:13:25.120	WTBenchPress#5(CEA7A127C8E8)	0.058	-1.060	-0.134	33.508	-0.366	6.653	-97.38	-4.59	108.77	7.154	21.168	-2.352	0.40433	-0.42740	-0.63342	0.50250	24.1	13111	100
2025-5-11 11:13:25.153	WTBenchPress#5(CEA7A127C8E8)	0.050	-1.023	-0.090	46.082	0.549	8.362	-96.61	-4.44	108.90	7.154	21.168	-2.352	0.40433	-0.42740	-0.63342	0.50250	24.1	13111	100
2025-5-11 11:13:25.153	WTBenchPress#5(CEA7A127C8E8)	0.050	-0.967	-0.029	50.354	1.282	8.545	-95.63	-4.26	109.02	7.154	21.168	-2.352	0.40433	-0.42740	-0.63342	0.50250	24.1	13111	100
2025-5-11 11:13:25.183	WTBenchPress#5(CEA7A127C8E8)	0.059	-0.990	0.041	39.429	1.465	7.629	-94.71	-4.09	109.15	7.154	21.168	-2.352	0.40433	-0.42740	-0.63342	0.50250	24.1	13111	100
2025-5-11 11:13:25.183	WTBenchPress#5(CEA7A127C8E8)	0.073	-1.038	0.015	22.034	1.282	6.409	-94.08	-3.95	109.28	7.546	21.070	-4.900	0.40433	-0.42740	-0.63342	0.50250	24.1	13111	100
2025-5-11 11:13:25.240	WTBenchPress#5(CEA7A127C8E8)	0.080	-1.054	-0.040	15.198	1.465	5.676	-93.69	-3.82	109.41	7.546	21.070	-4.900	0.40433	-0.42740	-0.63342	0.50250	24.1	13111	100
2025-5-11 11:13:25.240	WTBenchPress#5(CEA7A127C8E8)	0.082	-1.049	-0.081	19.531	2.197	5.310	-93.32	-3.71	109.54	7.546	21.070	-4.900	0.40433	-0.42740	-0.63342	0.50250	24.1	13111	100
2025-5-11 11:13:25.270	WTBenchPress#5(CEA7A127C8E8)	0.076	-1.047	-0.072	32.349	3.723	5.737	-92.79	-3.60	109.68	7.546	21.070	-4.900	0.40433	-0.42740	-0.63342	0.50250	24.1	13111	100
2025-5-11 11:13:25.270	WTBenchPress#5(CEA7A127C8E8)	0.059	-1.008	-0.027	43.152	5.554	5.798	-92.04	-3.49	109.79	7.546	21.070	-4.900	0.40433	-0.42740	-0.63342	0.50250	24.1	13111	100
2025-5-11 11:13:25.300	WTBenchPress#5(CEA7A127C8E8)	0.039	-0.970	0.012	45.837	6.897	4.822	-91.15	-3.40	109.88	7.546	21.070	-4.900	0.40433	-0.42740	-0.63342	0.50250	24.1	13111	100
2025-5-11 11:13:25.300	WTBenchPress#5(CEA7A127C8E8)	0.033	-0.966	0.041	42.175	7.874	2.808	-90.27	-3.33	109.96	7.546	21.070	-4.900	0.40433	-0.42740	-0.63342	0.50250	24.1	13111	100
2025-5-11 11:13:25.391	WTBenchPress#5(CEA7A127C8E8)	0.031	-1.003	0.063	33.813	8.423	0.854	-89.52	-3.30	110.03	7.546	21.070	-4.900	0.40433	-0.42740	-0.63342	0.50250	24.1	13111	100
2025-5-11 11:13:25.391	WTBenchPress#5(CEA7A127C8E8)	0.028	-1.041	0.064	22.583	8.667	0.000	-88.96	-3.29	110.10	7.546	21.070	-4.900	0.40433	-0.42740	-0.63342	0.50250	24.1	13111	100
2025-5-11 11:13:25.420	WTBenchPress#5(CEA7A127C8E8)	0.024	-1.051	0.037	14.404	8.911	0.305	-88.59	-3.28	110.17	7.546	21.070	-4.900	0.40433	-0.42740	-0.63342	0.50250	24.1	13111	100
2025-5-11 11:13:25.420	WTBenchPress#5(CEA7A127C8E8)	0.023	-1.039	0.014	10.925	9.277	1.038	-88.34	-3.26	110.24	7.546	21.070	-4.900	0.40433	-0.42740	-0.63342	0.50250	24.1	13111	100
2025-5-11 11:13:25.451	WTBenchPress#5(CEA7A127C8E8)	0.019	-1.045	-0.002	11.414	9.460	1.770	-88.12	-3.22	110.32	7.546	21.070	-4.900	0.40433	-0.42740	-0.63342	0.50250	24.1	13111	100
2025-5-11 11:13:25.451	WTBenchPress#5(CEA7A127C8E8)	0.021	-1.058	-0.008	14.893	9.705	2.686	-87.87	-3.16	110.41	7.546	21.070	-4.900	0.40433	-0.42740	-0.63342	0.50250	24.1	13111	100
2025-5-11 11:13:25.480	WTBenchPress#5(CEA7A127C8E8)	0.032	-1.041	-0.002	18.494	9.583	2.563	-87.55	-3.09	110.52	7.546	21.070	-4.900	0.42685	-0.37689	-0.57819	0.58423	24.1	13111	100
2025-5-11 11:13:25.480	WTBenchPress#5(CEA7A127C8E8)	0.025	-1.016	0.056	17.944	9.155	0.610	-87.20	-3.04	110.63	7.546	21.070	-4.900	0.42685	-0.37689	-0.57819	0.58423	24.1	13111	100
2025-5-11 11:13:25.512	WTBenchPress#5(CEA7A127C8E8)	0.069	-0.999	0.094	12.939	8.667	-1.587	-86.91	-3.03	110.75	7.546	21.070	-4.900	0.42685	-0.37689	-0.57819	0.58423	24.1	13111	100
2025-5-11 11:13:25.512	WTBenchPress#5(CEA7A127C8E8)	0.061	-0.957	0.064	9.155	7.874	-3.967	-86.70	-3.07	110.89	7.546	21.070	-4.900	0.42685	-0.37689	-0.57819	0.58423	24.1	13111	100
2025-5-11 11:13:25.540	WTBenchPress#5(CEA7A127C8E8)	0.070	-0.939	0.057	5.310	6.348	-6.104	-86.57	-3.15	111.03	7.546	21.070	-4.900	0.42685	-0.37689	-0.57819	0.58423	24.1	13111	100
2025-5-11 11:13:25.540	WTBenchPress#5(CEA7A127C8E8)	0.091	-0.967	0.069	-0.366	3.967	-8.728	-86.53	-3.29	111.21	7.546	21.070	-4.900	0.42685	-0.37689	-0.57819	0.58423	24.1	13111	100
2025-5-11 11:13:25.601	WTBenchPress#5(CEA7A127C8E8)	0.113	-1.006	0.059	-6.775	1.709	-10.010	-86.61	-3.47	111.43	7.546	21.070	-4.900	0.42685	-0.37689	-0.57819	0.58423	24.1	13111	100
2025-5-11 11:13:25.601	WTBenchPress#5(CEA7A127C8E8)	0.110	-1.068	0.058	-12.451	-0.183	-8.240	-86.84	-3.64	111.69	7.546	21.070	-4.900	0.42685	-0.37689	-0.57819	0.58423	24.1	13111	100
2025-5-11 11:13:25.630	WTBenchPress#5(CEA7A127C8E8)	0.111	-1.085	0.069	-17.578	-1.831	-4.700	-87.17	-3.76	111.98	8.232	19.208	-10.290	0.42685	-0.37689	-0.57819	0.58423	24.1	13111	100
2025-5-11 11:13:25.630	WTBenchPress#5(CEA7A127C8E8)	0.103	-1.103	0.032	-24.780	-2.869	-1.221	-87.62	-3.80	112.29	8.232	19.208	-10.290	0.42685	-0.37689	-0.57819	0.58423	24.1	13111	100
2025-5-11 11:13:25.660	WTBenchPress#5(CEA7A127C8E8)	0.085	-1.083	0.002	-17.578	-4.089	2.747	-88.01	-3.78	112.62	8.232	19.208	-10.290	0.42685	-0.37689	-0.57819	0.58423	24.1	13111	100
2025-5-11 11:13:25.660	WTBenchPress#5(CEA7A127C8E8)	0.070	-1.057	0.032	-14.099	-5.798	3.845	-88.31	-3.72	112.97	8.232	19.208	-10.290	0.42685	-0.37689	-0.57819	0.58423	24.1	13111	100
2025-5-11 11:13:25.719	WTBenchPress#5(CEA7A127C8E8)	0.063	-1.014	0.029	-13.306	-7.751	3.235	-88.58	-3.66	113.35	8.232	19.208	-10.290	0.42685	-0.37689	-0.57819	0.58423	24.1	13111	100
2025-5-11 11:13:25.720	WTBenchPress#5(CEA7A127C8E8)	0.051	-0.984	-0.018	-8.240	-9.521	2.014	-88.78	-3.63	113.76	8.232	19.208	-10.290	0.42685	-0.37689	-0.57819	0.58423	24.1	13111	100
2025-5-11 11:13:25.752	WTBenchPress#5(CEA7A127C8E8)	0.048	-0.958	0.008	-1.587	-11.108	0.549	-88.85	-3.63	114.21	8.232	19.208	-10.290	0.42685	-0.37689	-0.57819	0.58423	24.1	13111	100
2025-5-11 11:13:25.752	WTBenchPress#5(CEA7A127C8E8)	0.050	-0.986	0.046	-0.854	-12.817	-1.099	-88.88	-3.65	114.68	8.232	19.208	-10.290	0.42685	-0.37689	-0.57819	0.58423	24.1	13111	100
2025-5-11 11:13:25.782	WTBenchPress#5(CEA7A127C8E8)	0.048	-1.025	0.042	-5.432	-14.648	-2.136	-88.98	-3.69	115.17	8.232	19.208	-10.290	0.42685	-0.37689	-0.57819	0.58423	24.1	13111	100
2025-5-11 11:13:25.782	WTBenchPress#5(CEA7A127C8E8)	0.049	-1.033	0.050	-8.728	-16.174	-2.258	-89.14	-3.74	115.69	8.232	19.208	-10.290	0.39825	-0.35358	-0.60620	0.59055	24.1	13111	100
2025-5-11 11:13:25.841	WTBenchPress#5(CEA7A127C8E8)	0.051	-1.052	0.035	-10.071	-17.273	-1.648	-89.35	-3.77	116.22	8.232	19.208	-10.290	0.39825	-0.35358	-0.60620	0.59055	24.1	13111	100
2025-5-11 11:13:25.841	WTBenchPress#5(CEA7A127C8E8)	0.044	-1.069	0.033	-9.705	-18.250	-0.244	-89.55	-3.78	116.77	8.232	19.208	-10.290	0.39825	-0.35358	-0.60620	0.59055	24.1	13111	100
2025-5-11 11:13:25.871	WTBenchPress#5(CEA7A127C8E8)	0.037	-1.069	0.021	-7.263	-19.104	1.282	-89.72	-3.76	117.33	8.232	19.208	-10.290	0.39825	-0.35358	-0.60620	0.59055	24.1	13111	100
2025-5-11 11:13:25.871	WTBenchPress#5(CEA7A127C8E8)	0.030	-1.044	0.014	-1.526	-19.775	2.380	-89.79	-3.70	117.90	8.232	19.208	-10.290	0.39825	-0.35358	-0.60620	0.59055	24.1	13111	100
2025-5-11 11:13:25.899	WTBenchPress#5(CEA7A127C8E8)	0.025	-1.032	0.013	5.798	-20.386	2.991	-89.72	-3.64	118.47	8.232	19.208	-10.290	0.39825	-0.35358	-0.60620	0.59055	24.1	13111	100
2025-5-11 11:13:25.900	WTBenchPress#5(CEA7A127C8E8)	0.022	-1.023	0.022	12.817	-20.935	3.174	-89.51	-3.57	119.04	8.232	19.208	-10.290	0.39825	-0.35358	-0.60620	0.59055	24.1	13111	100
2025-5-11 11:13:25.962	WTBenchPress#5(CEA7A127C8E8)	0.020	-1.009	0.039	18.005	-21.545	3.052	-89.20	-3.49	119.63	8.232	19.208	-10.290	0.39825	-0.35358	-0.60620	0.59055	24.1	13111	100
2025-5-11 11:13:25.963	WTBenchPress#5(CEA7A127C8E8)	0.010	-1.008	0.065	20.386	-22.095	2.808	-88.82	-3.42	120.22	8.232	19.208	-10.290	0.39825	-0.35358	-0.60620	0.59055	24.1	13111	100
2025-5-11 11:13:25.990	WTBenchPress#5(CEA7A127C8E8)	0.027	-0.513	0.046	18.494	-22.583	2.563	-88.46	-3.36	120.82	8.232	19.208	-10.290	0.39825	-0.35358	-0.60620	0.59055	24.1	13111	100
2025-5-11 11:13:25.991	WTBenchPress#5(CEA7A127C8E8)	0.030	-1.039	0.107	14.587	-23.010	2.747	-88.17	-3.31	121.42	7.350	19.600	-8.232	0.39825	-0.35358	-0.60620	0.59055	24.1	13111	100
2025-5-11 11:13:26.19	WTBenchPress#5(CEA7A127C8E8)	0.032	-1.041	0.114	10.254	-23.254	3.296	-87.98	-3.24	122.00	7.350	19.600	-8.232	0.39825	-0.35358	-0.60620	0.59055	24.1	13111	100
2025-5-11 11:13:26.19	WTBenchPress#5(CEA7A127C8E8)	0.034	-1.037	0.113	6.775	-23.315	3.906	-87.85	-3.16	122.57	7.350	19.600	-8.232	0.39825	-0.35358	-0.60620	0.59055	24.1	13111	100
2025-5-11 11:13:26.80	WTBenchPress#5(CEA7A127C8E8)	0.035	-1.031	0.104	5.615	-23.254	4.395	-87.74	-3.07	123.13	7.350	19.600	-8.232	0.39825	-0.35358	-0.60620	0.59055	24.1	13111	100
2025-5-11 11:13:26.80	WTBenchPress#5(CEA7A127C8E8)	0.036	-1.024	0.101	6.470	-23.071	4.700	-87.60	-2.98	123.67	7.350	19.600	-8.232	0.39825	-0.35358	-0.60620	0.59055	24.1	13111	100
2025-5-11 11:13:26.110	WTBenchPress#5(CEA7A127C8E8)	0.039	-1.019	0.101	8.179	-22.827	4.517	-87.44	-2.89	124.19	7.350	19.600	-8.232	0.39825	-0.35358	-0.60620	0.59055	24.1	13111	100
2025-5-11 11:13:26.110	WTBenchPress#5(CEA7A127C8E8)	0.044	-1.011	0.105	10.193	-22.522	4.150	-87.23	-2.82	124.71	7.350	19.600	-8.232	0.39825	-0.35358	-0.60620	0.59055	24.1	13111	100
2025-5-11 11:13:26.140	WTBenchPress#5(CEA7A127C8E8)	0.051	-1.010	0.110	11.963	-22.156	3.723	-86.98	-2.76	125.19	7.350	19.600	-8.232	0.39825	-0.35358	-0.60620	0.59055	24.1	13111	100
2025-5-11 11:13:26.140	WTBenchPress#5(CEA7A127C8E8)	0.058	-1.016	0.121	13.062	-21.606	3.540	-86.72	-2.70	125.66	7.350	19.600	-8.232	0.39825	-0.35358	-0.60620	0.59055	24.1	13111	100
2025-5-11 11:13:26.200	WTBenchPress#5(CEA7A127C8E8)	0.062	-1.021	0.134	12.756	-20.996	3.479	-86.46	-2.65	126.10	7.350	19.600	-8.232	0.39825	-0.35358	-0.60620	0.59055	24.1	13111	100
2025-5-11 11:13:26.201	WTBenchPress#5(CEA7A127C8E8)	0.066	-1.023	0.144	11.169	-20.264	3.540	-86.22	-2.61	126.51	7.350	19.600	-8.232	0.39825	-0.35358	-0.60620	0.59055	24.1	13111	100
2025-5-11 11:13:26.230	WTBenchPress#5(CEA7A127C8E8)	0.068	-1.026	0.146	9.155	-19.470	3.601	-86.02	-2.57	126.90	7.350	19.600	-8.232	0.34036	-0.29016	-0.61737	0.64706	24.1	13111	100
2025-5-11 11:13:26.230	WTBenchPress#5(CEA7A127C8E8)	0.067	-1.022	0.144	7.874	-18.555	3.662	-85.85	-2.52	127.25	7.350	19.600	-8.232	0.34036	-0.29016	-0.61737	0.64706	24.1	13111	100
2025-5-11 11:13:26.260	WTBenchPress#5(CEA7A127C8E8)	0.065	-1.015	0.140	7.263	-17.578	3.479	-85.69	-2.49	127.58	7.350	19.600	-8.232	0.34036	-0.29016	-0.61737	0.64706	24.1	13111	100
2025-5-11 11:13:26.261	WTBenchPress#5(CEA7A127C8E8)	0.064	-1.006	0.137	7.202	-16.541	3.052	-85.53	-2.46	127.88	7.350	19.600	-8.232	0.34036	-0.29016	-0.61737	0.64706	24.1	13111	100
2025-5-11 11:13:26.319	WTBenchPress#5(CEA7A127C8E8)	0.065	-1.000	0.139	7.141	-15.503	2.380	-85.36	-2.45	128.16	7.350	19.600	-8.232	0.34036	-0.29016	-0.61737	0.64706	24.1	13111	100
2025-5-11 11:13:26.320	WTBenchPress#5(CEA7A127C8E8)	0.064	-1.005	0.145	5.737	-14.465	1.648	-85.23	-2.45	128.39	7.350	19.600	-8.232	0.34036	-0.29016	-0.61737	0.64706	24.1	13111	100
2025-5-11 11:13:26.350	WTBenchPress#5(CEA7A127C8E8)	0.063	-1.016	0.146	4.639	-13.306	1.038	-85.12	-2.47	128.60	7.350	19.600	-8.232	0.34036	-0.29016	-0.61737	0.64706	24.1	13111	100
2025-5-11 11:13:26.351	WTBenchPress#5(CEA7A127C8E8)	0.063	-1.022	0.146	3.723	-12.024	0.732	-85.02	-2.48	128.77	7.350	19.600	-8.232	0.34036	-0.29016	-0.61737	0.64706	24.1	13111	100
2025-5-11 11:13:26.410	WTBenchPress#5(CEA7A127C8E8)	0.057	-1.019	0.148	3.662	-10.620	0.732	-84.92	-2.50	128.92	7.350	19.600	-8.232	0.34036	-0.29016	-0.61737	0.64706	24.1	13111	100
2025-5-11 11:13:26.410	WTBenchPress#5(CEA7A127C8E8)	0.047	-1.013	0.149	2.563	-9.216	0.854	-84.85	-2.51	129.03	7.350	19.600	-8.232	0.34036	-0.29016	-0.61737	0.64706	24.1	13111	100
2025-5-11 11:13:26.440	WTBenchPress#5(CEA7A127C8E8)	0.043	-1.017	0.141	5.310	-6.226	0.427	-84.75	-2.53	129.11	6.468	18.326	-7.644	0.34036	-0.29016	-0.61737	0.64706	24.1	13111	100
2025-5-11 11:13:26.440	WTBenchPress#5(CEA7A127C8E8)	0.039	-1.020	0.147	7.141	-4.639	0.366	-84.61	-2.54	129.16	6.468	18.326	-7.644	0.34036	-0.29016	-0.61737	0.64706	24.1	13111	100
2025-5-11 11:13:26.471	WTBenchPress#5(CEA7A127C8E8)	0.036	-1.019	0.156	7.446	-3.052	0.244	-84.44	-2.55	129.18	6.468	18.326	-7.644	0.34036	-0.29016	-0.61737	0.64706	24.1	13111	100
2025-5-11 11:13:26.471	WTBenchPress#5(CEA7A127C8E8)	0.030	-1.018	0.166	6.531	-1.465	0.122	-84.27	-2.55	129.17	6.468	18.326	-7.644	0.34036	-0.29016	-0.61737	0.64706	24.1	13111	100
2025-5-11 11:13:26.530	WTBenchPress#5(CEA7A127C8E8)	0.026	-1.012	0.175	3.845	0.061	-0.122	-84.12	-2.56	129.13	6.468	18.326	-7.644	0.34036	-0.29016	-0.61737	0.64706	24.1	13111	100
2025-5-11 11:13:26.530	WTBenchPress#5(CEA7A127C8E8)	0.024	-1.012	0.179	-0.732	1.465	-0.549	-84.03	-2.56	129.05	6.468	18.326	-7.644	0.34036	-0.29016	-0.61737	0.64706	24.1	13111	100
2025-5-11 11:13:26.562	WTBenchPress#5(CEA7A127C8E8)	0.022	-1.011	0.179	-5.798	2.808	-1.038	-84.04	-2.57	128.95	6.468	18.326	-7.644	0.34036	-0.29016	-0.61737	0.64706	24.1	13111	100
2025-5-11 11:13:26.562	WTBenchPress#5(CEA7A127C8E8)	0.021	-1.013	0.167	-9.888	4.150	-1.465	-84.13	-2.58	128.81	6.468	18.326	-7.644	0.34036	-0.29016	-0.61737	0.64706	24.1	13111	100
2025-5-11 11:13:26.592	WTBenchPress#5(CEA7A127C8E8)	0.021	-1.013	0.151	-10.986	5.554	-1.709	-84.29	-2.60	128.66	6.468	18.326	-7.644	0.34036	-0.29016	-0.61737	0.64706	24.1	13111	100
2025-5-11 11:13:26.592	WTBenchPress#5(CEA7A127C8E8)	0.023	-1.024	0.144	-9.827	6.958	-1.831	-84.46	-2.61	128.48	6.468	18.326	-7.644	0.33572	-0.27710	-0.61258	0.65964	24.1	13111	100
2025-5-11 11:13:26.651	WTBenchPress#5(CEA7A127C8E8)	0.024	-1.028	0.142	-7.751	8.301	-1.770	-84.59	-2.63	128.28	6.468	18.326	-7.644	0.33572	-0.27710	-0.61258	0.65964	24.1	13111	100
2025-5-11 11:13:26.651	WTBenchPress#5(CEA7A127C8E8)	0.024	-1.023	0.139	-5.920	9.644	-1.587	-84.69	-2.64	128.05	6.468	18.326	-7.644	0.33572	-0.27710	-0.61258	0.65964	24.1	13111	100
2025-5-11 11:13:26.680	WTBenchPress#5(CEA7A127C8E8)	0.024	-1.017	0.146	-4.639	10.803	-1.526	-84.75	-2.64	127.81	6.468	18.326	-7.644	0.33572	-0.27710	-0.61258	0.65964	24.1	13111	100
2025-5-11 11:13:26.680	WTBenchPress#5(CEA7A127C8E8)	0.028	-1.018	0.156	-6.042	11.841	-1.892	-84.81	-2.64	127.55	6.468	18.326	-7.644	0.33572	-0.27710	-0.61258	0.65964	24.1	13111	100
2025-5-11 11:13:26.710	WTBenchPress#5(CEA7A127C8E8)	0.032	-1.019	0.146	-8.423	12.695	-2.319	-84.89	-2.64	127.26	6.468	18.326	-7.644	0.33572	-0.27710	-0.61258	0.65964	24.1	13111	100
2025-5-11 11:13:26.710	WTBenchPress#5(CEA7A127C8E8)	0.038	-1.008	0.150	-11.108	13.428	-2.747	-85.02	-2.66	126.97	6.468	18.326	-7.644	0.33572	-0.27710	-0.61258	0.65964	24.1	13111	100
2025-5-11 11:13:26.771	WTBenchPress#5(CEA7A127C8E8)	0.041	-1.015	0.147	-14.282	14.099	-3.113	-85.20	-2.68	126.66	6.468	18.326	-7.644	0.33572	-0.27710	-0.61258	0.65964	24.1	13111	100
2025-5-11 11:13:26.771	WTBenchPress#5(CEA7A127C8E8)	0.046	-1.023	0.146	-18.311	14.771	-3.296	-85.45	-2.71	126.34	6.468	18.326	-7.644	0.33572	-0.27710	-0.61258	0.65964	24.1	13111	100
2025-5-11 11:13:26.800	WTBenchPress#5(CEA7A127C8E8)	0.049	-1.029	0.129	-20.508	15.381	-3.113	-85.76	-2.74	126.01	6.468	18.326	-7.644	0.33572	-0.27710	-0.61258	0.65964	24.1	13111	100
2025-5-11 11:13:26.800	WTBenchPress#5(CEA7A127C8E8)	0.050	-1.017	0.114	-20.752	15.930	-2.869	-86.11	-2.77	125.66	6.762	18.816	-7.546	0.33572	-0.27710	-0.61258	0.65964	24.1	13111	100
2025-5-11 11:13:26.830	WTBenchPress#5(CEA7A127C8E8)	0.055	-1.018	0.104	-19.592	16.418	-2.930	-86.45	-2.80	125.31	6.762	18.816	-7.546	0.33572	-0.27710	-0.61258	0.65964	24.1	13111	100
2025-5-11 11:13:26.830	WTBenchPress#5(CEA7A127C8E8)	0.057	-1.026	0.097	-17.944	16.785	-2.930	-86.76	-2.83	124.95	6.762	18.816	-7.546	0.33572	-0.27710	-0.61258	0.65964	24.1	13111	100
2025-5-11 11:13:26.890	WTBenchPress#5(CEA7A127C8E8)	0.060	-1.019	0.085	-15.747	17.151	-2.930	-87.03	-2.86	124.60	6.762	18.816	-7.546	0.33572	-0.27710	-0.61258	0.65964	24.1	13111	100
2025-5-11 11:13:26.890	WTBenchPress#5(CEA7A127C8E8)	0.061	-1.021	0.074	-12.329	17.395	-2.930	-87.25	-2.90	124.23	6.762	18.816	-7.546	0.33572	-0.27710	-0.61258	0.65964	24.1	13111	100
2025-5-11 11:13:26.922	WTBenchPress#5(CEA7A127C8E8)	0.064	-1.027	0.068	-7.751	17.639	-2.808	-87.39	-2.94	123.88	6.762	18.816	-7.546	0.33572	-0.27710	-0.61258	0.65964	24.1	13111	100
2025-5-11 11:13:26.922	WTBenchPress#5(CEA7A127C8E8)	0.063	-1.028	0.072	-3.113	17.700	-2.625	-87.44	-2.98	123.52	6.762	18.816	-7.546	0.33572	-0.27710	-0.61258	0.65964	24.1	13111	100
2025-5-11 11:13:26.950	WTBenchPress#5(CEA7A127C8E8)	0.064	-1.022	0.071	0.549	17.639	-2.563	-87.41	-3.01	123.18	6.762	18.816	-7.546	0.33572	-0.27710	-0.61258	0.65964	24.1	13111	100
2025-5-11 11:13:26.951	WTBenchPress#5(CEA7A127C8E8)	0.062	-1.025	0.070	4.639	17.578	-2.441	-87.31	-3.04	122.86	6.762	18.816	-7.546	0.33572	-0.27710	-0.61258	0.65964	24.1	13111	100
2025-5-11 11:13:27.9	WTBenchPress#5(CEA7A127C8E8)	0.060	-1.025	0.076	7.935	17.395	-2.380	-87.14	-3.08	122.55	6.762	18.816	-7.546	0.33572	-0.27710	-0.61258	0.65964	24.1	13111	100
2025-5-11 11:13:27.10	WTBenchPress#5(CEA7A127C8E8)	0.059	-1.022	0.091	9.644	17.090	-2.441	-86.92	-3.11	122.25	6.762	18.816	-7.546	0.33572	-0.27710	-0.61258	0.65964	24.1	13111	100
2025-5-11 11:13:27.41	WTBenchPress#5(CEA7A127C8E8)	0.058	-1.020	0.100	8.057	16.479	-2.502	-86.71	-3.14	121.98	6.762	18.816	-7.546	0.36945	-0.31552	-0.60938	0.62653	24.1	13111	100
2025-5-11 11:13:27.41	WTBenchPress#5(CEA7A127C8E8)	0.056	-1.023	0.100	6.226	15.808	-2.563	-86.53	-3.17	121.72	6.762	18.816	-7.546	0.36945	-0.31552	-0.60938	0.62653	24.1	13111	100
2025-5-11 11:13:27.71	WTBenchPress#5(CEA7A127C8E8)	0.053	-1.025	0.098	4.761	15.198	-2.625	-86.38	-3.20	121.49	6.762	18.816	-7.546	0.36945	-0.31552	-0.60938	0.62653	24.1	13111	100
2025-5-11 11:13:27.71	WTBenchPress#5(CEA7A127C8E8)	0.049	-1.023	0.104	3.479	14.465	-2.625	-86.26	-3.24	121.27	6.762	18.816	-7.546	0.36945	-0.31552	-0.60938	0.62653	24.1	13111	100
2025-5-11 11:13:27.131	WTBenchPress#5(CEA7A127C8E8)	0.051	-1.024	0.130	-1.404	13.611	-2.686	-86.21	-3.27	121.09	6.762	18.816	-7.546	0.36945	-0.31552	-0.60938	0.62653	24.1	13111	100
2025-5-11 11:13:27.131	WTBenchPress#5(CEA7A127C8E8)	0.046	-1.042	0.109	-8.118	12.695	-2.625	-86.26	-3.30	120.91	6.762	18.816	-7.546	0.36945	-0.31552	-0.60938	0.62653	24.1	13111	100
2025-5-11 11:13:27.160	WTBenchPress#5(CEA7A127C8E8)	0.042	-1.021	0.097	-12.512	11.780	-2.258	-86.43	-3.32	120.77	6.762	18.816	-7.546	0.36945	-0.31552	-0.60938	0.62653	24.1	13111	100
2025-5-11 11:13:27.160	WTBenchPress#5(CEA7A127C8E8)	0.042	-1.011	0.076	-13.855	10.925	-2.075	-86.66	-3.35	120.64	6.762	18.816	-7.546	0.36945	-0.31552	-0.60938	0.62653	24.1	13111	100
2025-5-11 11:13:27.189	WTBenchPress#5(CEA7A127C8E8)	0.042	-1.030	0.063	-12.939	10.010	-2.075	-86.89	-3.37	120.54	6.762	18.816	-7.546	0.36945	-0.31552	-0.60938	0.62653	24.1	13111	100
2025-5-11 11:13:27.190	WTBenchPress#5(CEA7A127C8E8)	0.040	-1.032	0.051	-10.803	9.033	-1.831	-87.09	-3.39	120.47	6.762	18.816	-7.546	0.36945	-0.31552	-0.60938	0.62653	24.1	13111	100
2025-5-11 11:13:27.251	WTBenchPress#5(CEA7A127C8E8)	0.041	-1.021	0.037	-6.897	8.118	-1.526	-87.24	-3.40	120.42	7.546	19.208	-8.918	0.36945	-0.31552	-0.60938	0.62653	24.1	13111	100
2025-5-11 11:13:27.251	WTBenchPress#5(CEA7A127C8E8)	0.042	-1.028	0.036	-1.709	7.202	-1.343	-87.28	-3.41	120.40	7.546	19.208	-8.918	0.36945	-0.31552	-0.60938	0.62653	24.1	13111	100
2025-5-11 11:13:27.280	WTBenchPress#5(CEA7A127C8E8)	0.042	-1.039	0.032	3.357	6.287	-1.038	-87.21	-3.42	120.42	7.546	19.208	-8.918	0.36945	-0.31552	-0.60938	0.62653	24.1	13111	100
2025-5-11 11:13:27.280	WTBenchPress#5(CEA7A127C8E8)	0.042	-1.035	0.040	7.996	5.249	-0.549	-87.07	-3.41	120.45	7.546	19.208	-8.918	0.36945	-0.31552	-0.60938	0.62653	24.1	13111	100
2025-5-11 11:13:27.310	WTBenchPress#5(CEA7A127C8E8)	0.042	-1.035	0.046	11.169	4.211	-0.061	-86.85	-3.40	120.52	7.546	19.208	-8.918	0.36945	-0.31552	-0.60938	0.62653	24.1	13111	100
2025-5-11 11:13:27.310	WTBenchPress#5(CEA7A127C8E8)	0.042	-1.032	0.064	11.719	3.113	0.305	-86.62	-3.38	120.61	7.546	19.208	-8.918	0.36945	-0.31552	-0.60938	0.62653	24.1	13111	100
2025-5-11 11:13:27.371	WTBenchPress#5(CEA7A127C8E8)	0.042	-1.028	0.082	8.606	1.831	0.427	-86.43	-3.36	120.72	7.546	19.208	-8.918	0.36945	-0.31552	-0.60938	0.62653	24.1	13111	100
2025-5-11 11:13:27.371	WTBenchPress#5(CEA7A127C8E8)	0.044	-1.023	0.082	3.906	0.549	0.366	-86.33	-3.34	120.86	7.546	19.208	-8.918	0.36945	-0.31552	-0.60938	0.62653	24.1	13111	100
2025-5-11 11:13:27.400	WTBenchPress#5(CEA7A127C8E8)	0.048	-1.018	0.074	0.183	-0.793	0.244	-86.31	-3.32	121.02	7.546	19.208	-8.918	0.36945	-0.31552	-0.60938	0.62653	24.1	13111	100
2025-5-11 11:13:27.400	WTBenchPress#5(CEA7A127C8E8)	0.051	-1.025	0.067	-1.892	-2.014	0.244	-86.34	-3.31	121.21	7.546	19.208	-8.918	0.37439	-0.31689	-0.60654	0.62561	24.1	13111	100
2025-5-11 11:13:27.431	WTBenchPress#5(CEA7A127C8E8)	0.055	-1.030	0.058	-2.380	-3.235	0.244	-86.39	-3.30	121.41	7.546	19.208	-8.918	0.37439	-0.31689	-0.60654	0.62561	24.1	13111	100
2025-5-11 11:13:27.431	WTBenchPress#5(CEA7A127C8E8)	0.057	-1.030	0.052	-1.160	-4.395	0.427	-86.42	-3.29	121.64	7.546	19.208	-8.918	0.37439	-0.31689	-0.60654	0.62561	24.1	13111	100
2025-5-11 11:13:27.490	WTBenchPress#5(CEA7A127C8E8)	0.059	-1.031	0.053	0.793	-5.493	0.671	-86.42	-3.27	121.89	7.546	19.208	-8.918	0.37439	-0.31689	-0.60654	0.62561	24.1	13111	100
2025-5-11 11:13:27.490	WTBenchPress#5(CEA7A127C8E8)	0.060	-1.028	0.061	2.014	-6.531	0.916	-86.40	-3.26	122.16	7.546	19.208	-8.918	0.37439	-0.31689	-0.60654	0.62561	24.1	13111	100
2025-5-11 11:13:27.520	WTBenchPress#5(CEA7A127C8E8)	0.059	-1.026	0.066	1.648	-7.568	1.099	-86.38	-3.24	122.45	7.546	19.208	-8.918	0.37439	-0.31689	-0.60654	0.62561	24.1	13111	100
2025-5-11 11:13:27.520	WTBenchPress#5(CEA7A127C8E8)	0.059	-1.023	0.077	-0.427	-8.606	1.160	-86.39	-3.23	122.75	7.546	19.208	-8.918	0.37439	-0.31689	-0.60654	0.62561	24.1	13111	100
2025-5-11 11:13:27.550	WTBenchPress#5(CEA7A127C8E8)	0.059	-1.023	0.079	-3.235	-9.644	1.038	-86.45	-3.21	123.06	7.546	19.208	-8.918	0.37439	-0.31689	-0.60654	0.62561	24.1	13111	100
2025-5-11 11:13:27.550	WTBenchPress#5(CEA7A127C8E8)	0.058	-1.024	0.074	-5.859	-10.620	0.916	-86.56	-3.21	123.38	7.546	19.208	-8.918	0.37439	-0.31689	-0.60654	0.62561	24.1	13111	100
2025-5-11 11:13:27.611	WTBenchPress#5(CEA7A127C8E8)	0.058	-1.024	0.072	-7.629	-11.475	0.793	-86.71	-3.20	123.71	7.546	19.208	-8.918	0.37439	-0.31689	-0.60654	0.62561	24.1	13111	100
2025-5-11 11:13:27.611	WTBenchPress#5(CEA7A127C8E8)	0.056	-1.025	0.067	-8.545	-12.207	0.854	-86.88	-3.20	124.05	7.546	19.208	-8.918	0.37439	-0.31689	-0.60654	0.62561	24.1	13111	100
2025-5-11 11:13:27.640	WTBenchPress#5(CEA7A127C8E8)	0.054	-1.028	0.065	-8.728	-12.939	0.916	-87.06	-3.19	124.39	7.546	19.012	-8.918	0.37439	-0.31689	-0.60654	0.62561	24.1	13111	100
2025-5-11 11:13:27.640	WTBenchPress#5(CEA7A127C8E8)	0.052	-1.029	0.057	-8.545	-13.489	0.854	-87.24	-3.19	124.74	7.546	19.012	-8.918	0.37439	-0.31689	-0.60654	0.62561	24.1	13111	100
2025-5-11 11:13:27.671	WTBenchPress#5(CEA7A127C8E8)	0.051	-1.027	0.054	-6.165	-13.916	0.977	-87.37	-3.18	125.10	7.546	19.012	-8.918	0.37439	-0.31689	-0.60654	0.62561	24.1	13111	100
2025-5-11 11:13:27.671	WTBenchPress#5(CEA7A127C8E8)	0.049	-1.029	0.050	-3.418	-14.282	1.221	-87.46	-3.16	125.45	7.546	19.012	-8.918	0.37439	-0.31689	-0.60654	0.62561	24.1	13111	100
2025-5-11 11:13:27.730	WTBenchPress#5(CEA7A127C8E8)	0.048	-1.032	0.062	0.061	-14.526	1.526	-87.47	-3.15	125.81	7.546	19.012	-8.918	0.37439	-0.31689	-0.60654	0.62561	24.1	13111	100
2025-5-11 11:13:27.730	WTBenchPress#5(CEA7A127C8E8)	0.047	-1.033	0.064	2.075	-14.648	1.709	-87.43	-3.12	126.16	7.546	19.012	-8.918	0.37439	-0.31689	-0.60654	0.62561	24.1	13111	100
2025-5-11 11:13:27.760	WTBenchPress#5(CEA7A127C8E8)	0.044	-1.031	0.072	4.089	-14.771	1.892	-87.35	-3.09	126.51	7.546	19.012	-8.918	0.37439	-0.31689	-0.60654	0.62561	24.1	13111	100
2025-5-11 11:13:27.761	WTBenchPress#5(CEA7A127C8E8)	0.043	-1.024	0.083	4.822	-14.832	1.953	-87.26	-3.07	126.85	7.546	19.012	-8.918	0.37439	-0.31689	-0.60654	0.62561	24.1	13111	100
2025-5-11 11:13:27.820	WTBenchPress#5(CEA7A127C8E8)	0.042	-1.027	0.091	4.456	-14.832	2.014	-87.17	-3.04	127.18	7.546	19.012	-8.918	0.37439	-0.31689	-0.60654	0.62561	24.1	13111	100
2025-5-11 11:13:27.820	WTBenchPress#5(CEA7A127C8E8)	0.041	-1.024	0.098	3.418	-14.771	2.014	-87.11	-3.00	127.50	7.546	19.012	-8.918	0.37439	-0.31689	-0.60654	0.62561	24.1	13111	100
2025-5-11 11:13:27.880	WTBenchPress#5(CEA7A127C8E8)	0.042	-1.023	0.101	2.319	-14.648	2.014	-87.06	-2.98	127.81	7.546	19.012	-8.918	0.33441	-0.28549	-0.62668	0.64328	24.1	13111	100
2025-5-11 11:13:27.880	WTBenchPress#5(CEA7A127C8E8)	0.041	-1.025	0.104	1.465	-14.465	2.014	-87.02	-2.94	128.11	7.546	19.012	-8.918	0.33441	-0.28549	-0.62668	0.64328	24.1	13111	100
2025-5-11 11:13:27.881	WTBenchPress#5(CEA7A127C8E8)	0.042	-1.026	0.105	0.854	-14.160	2.014	-87.00	-2.92	128.39	7.546	19.012	-8.918	0.33441	-0.28549	-0.62668	0.64328	24.1	13111	100
2025-5-11 11:13:27.881	WTBenchPress#5(CEA7A127C8E8)	0.043	-1.023	0.105	0.977	-13.733	2.014	-86.96	-2.88	128.66	7.546	19.012	-8.918	0.33441	-0.28549	-0.62668	0.64328	24.1	13111	100
2025-5-11 11:13:27.940	WTBenchPress#5(CEA7A127C8E8)	0.042	-1.026	0.107	1.526	-13.306	2.014	-86.92	-2.86	128.91	7.546	19.012	-8.918	0.33441	-0.28549	-0.62668	0.64328	24.1	13111	100
2025-5-11 11:13:27.940	WTBenchPress#5(CEA7A127C8E8)	0.043	-1.022	0.108	2.625	-12.756	2.014	-86.85	-2.82	129.13	7.546	19.012	-8.918	0.33441	-0.28549	-0.62668	0.64328	24.1	13111	100
2025-5-11 11:13:27.972	WTBenchPress#5(CEA7A127C8E8)	0.043	-1.021	0.110	3.906	-12.146	2.014	-86.76	-2.80	129.34	7.546	19.012	-8.918	0.33441	-0.28549	-0.62668	0.64328	24.1	13111	100
2025-5-11 11:13:27.972	WTBenchPress#5(CEA7A127C8E8)	0.045	-1.020	0.113	5.432	-11.475	1.953	-86.63	-2.76	129.53	7.546	19.012	-8.918	0.33441	-0.28549	-0.62668	0.64328	24.1	13111	100
2025-5-11 11:13:28.1	WTBenchPress#5(CEA7A127C8E8)	0.046	-1.020	0.119	6.592	-10.803	1.892	-86.48	-2.74	129.70	7.546	19.012	-8.918	0.33441	-0.28549	-0.62668	0.64328	24.1	13111	100
2025-5-11 11:13:28.1	WTBenchPress#5(CEA7A127C8E8)	0.046	-1.019	0.126	6.897	-10.071	1.770	-86.33	-2.71	129.85	6.958	18.816	-7.546	0.33441	-0.28549	-0.62668	0.64328	24.1	13111	100
2025-5-11 11:13:28.91	WTBenchPress#5(CEA7A127C8E8)	0.046	-1.018	0.132	6.592	-9.277	1.648	-86.18	-2.69	129.98	6.958	18.816	-7.546	0.33441	-0.28549	-0.62668	0.64328	24.1	13111	100
2025-5-11 11:13:28.91	WTBenchPress#5(CEA7A127C8E8)	0.046	-1.017	0.136	5.859	-8.484	1.465	-86.03	-2.67	130.08	6.958	18.816	-7.546	0.33441	-0.28549	-0.62668	0.64328	24.1	13111	100
2025-5-11 11:13:28.92	WTBenchPress#5(CEA7A127C8E8)	0.046	-1.018	0.139	4.761	-7.690	1.282	-85.91	-2.66	130.17	6.958	18.816	-7.546	0.33441	-0.28549	-0.62668	0.64328	24.1	13111	100
2025-5-11 11:13:28.93	WTBenchPress#5(CEA7A127C8E8)	0.046	-1.015	0.138	3.784	-6.836	1.099	-85.81	-2.65	130.23	6.958	18.816	-7.546	0.33441	-0.28549	-0.62668	0.64328	24.1	13111	100
2025-5-11 11:13:28.122	WTBenchPress#5(CEA7A127C8E8)	0.046	-1.018	0.138	2.808	-5.005	0.610	-85.72	-2.64	130.28	6.958	18.816	-7.546	0.33441	-0.28549	-0.62668	0.64328	24.1	13111	100
2025-5-11 11:13:28.122	WTBenchPress#5(CEA7A127C8E8)	0.046	-1.018	0.138	2.686	-4.028	0.366	-85.63	-2.64	130.29	6.958	18.816	-7.546	0.33441	-0.28549	-0.62668	0.64328	24.1	13111	100
2025-5-11 11:13:28.183	WTBenchPress#5(CEA7A127C8E8)	0.046	-1.018	0.136	2.991	-3.113	0.183	-85.55	-2.64	130.29	6.958	18.816	-7.546	0.33441	-0.28549	-0.62668	0.64328	24.1	13111	100
2025-5-11 11:13:28.183	WTBenchPress#5(CEA7A127C8E8)	0.047	-1.017	0.136	3.601	-2.014	0.000	-85.45	-2.64	130.27	6.958	18.816	-7.546	0.33441	-0.28549	-0.62668	0.64328	24.1	13111	100
2025-5-11 11:13:28.212	WTBenchPress#5(CEA7A127C8E8)	0.044	-1.018	0.134	4.150	-1.038	-0.061	-85.35	-2.64	130.23	6.958	18.816	-7.546	0.33441	-0.28549	-0.62668	0.64328	24.1	13111	100
2025-5-11 11:13:28.212	WTBenchPress#5(CEA7A127C8E8)	0.044	-1.017	0.137	4.944	0.000	-0.244	-85.23	-2.65	130.18	6.958	18.816	-7.546	0.32458	-0.26959	-0.62039	0.66104	24.1	13111	100
2025-5-11 11:13:28.242	WTBenchPress#5(CEA7A127C8E8)	0.044	-1.019	0.138	5.371	0.977	-0.427	-85.09	-2.65	130.11	6.958	18.816	-7.546	0.32458	-0.26959	-0.62039	0.66104	24.1	13111	100
2025-5-11 11:13:28.243	WTBenchPress#5(CEA7A127C8E8)	0.042	-1.017	0.141	5.188	1.953	-0.549	-84.96	-2.66	130.02	6.958	18.816	-7.546	0.32458	-0.26959	-0.62039	0.66104	24.1	13111	100
2025-5-11 11:13:28.300	WTBenchPress#5(CEA7A127C8E8)	0.041	-1.017	0.142	4.517	2.869	-0.671	-84.83	-2.67	129.91	6.958	18.816	-7.546	0.32458	-0.26959	-0.62039	0.66104	24.1	13111	100
2025-5-11 11:13:28.300	WTBenchPress#5(CEA7A127C8E8)	0.040	-1.016	0.142	3.540	3.784	-0.916	-84.71	-2.68	129.79	6.958	18.816	-7.546	0.32458	-0.26959	-0.62039	0.66104	24.1	13111	100
2025-5-11 11:13:28.330	WTBenchPress#5(CEA7A127C8E8)	0.040	-1.015	0.141	2.563	4.578	-1.221	-84.61	-2.69	129.66	6.958	18.816	-7.546	0.32458	-0.26959	-0.62039	0.66104	24.1	13111	100
2025-5-11 11:13:28.330	WTBenchPress#5(CEA7A127C8E8)	0.040	-1.016	0.140	1.465	5.371	-1.404	-84.53	-2.70	129.51	6.958	18.816	-7.546	0.32458	-0.26959	-0.62039	0.66104	24.1	13111	100
2025-5-11 11:13:28.360	WTBenchPress#5(CEA7A127C8E8)	0.040	-1.019	0.139	0.488	6.165	-1.648	-84.47	-2.71	129.35	6.958	18.816	-7.546	0.32458	-0.26959	-0.62039	0.66104	24.1	13111	100
2025-5-11 11:13:28.360	WTBenchPress#5(CEA7A127C8E8)	0.040	-1.021	0.139	-0.549	6.836	-1.770	-84.44	-2.73	129.19	6.958	18.816	-7.546	0.32458	-0.26959	-0.62039	0.66104	24.1	13111	100
2025-5-11 11:13:28.421	WTBenchPress#5(CEA7A127C8E8)	0.040	-1.023	0.136	-1.709	7.446	-1.831	-84.42	-2.75	129.01	6.958	18.816	-7.546	0.32458	-0.26959	-0.62039	0.66104	24.1	13111	100
2025-5-11 11:13:28.421	WTBenchPress#5(CEA7A127C8E8)	0.040	-1.022	0.133	-2.625	8.057	-1.831	-84.42	-2.77	128.83	6.958	18.816	-7.546	0.32458	-0.26959	-0.62039	0.66104	24.1	13111	100
2025-5-11 11:13:28.450	WTBenchPress#5(CEA7A127C8E8)	0.040	-1.021	0.127	-2.869	8.545	-1.892	-84.45	-2.79	128.64	6.958	18.326	-8.330	0.32458	-0.26959	-0.62039	0.66104	24.1	13111	100
2025-5-11 11:13:28.450	WTBenchPress#5(CEA7A127C8E8)	0.040	-1.021	0.124	-2.625	9.033	-1.953	-84.47	-2.80	128.45	6.958	18.326	-8.330	0.32458	-0.26959	-0.62039	0.66104	24.1	13111	100
2025-5-11 11:13:28.480	WTBenchPress#5(CEA7A127C8E8)	0.042	-1.022	0.121	-2.075	9.399	-1.953	-84.48	-2.81	128.25	6.958	18.326	-8.330	0.32458	-0.26959	-0.62039	0.66104	24.1	13111	100
2025-5-11 11:13:28.480	WTBenchPress#5(CEA7A127C8E8)	0.042	-1.023	0.118	-1.404	9.705	-2.014	-84.49	-2.83	128.06	6.958	18.326	-8.330	0.32458	-0.26959	-0.62039	0.66104	24.1	13111	100
2025-5-11 11:13:28.540	WTBenchPress#5(CEA7A127C8E8)	0.042	-1.020	0.122	-0.244	10.010	-2.075	-84.48	-2.84	127.86	6.958	18.326	-8.330	0.32458	-0.26959	-0.62039	0.66104	24.1	13111	100
2025-5-11 11:13:28.540	WTBenchPress#5(CEA7A127C8E8)	0.044	-1.021	0.151	-2.380	10.132	-2.197	-84.48	-2.86	127.67	6.958	18.326	-8.330	0.32458	-0.26959	-0.62039	0.66104	24.1	13111	100
2025-5-11 11:13:28.571	WTBenchPress#5(CEA7A127C8E8)	0.043	-1.034	0.127	-6.897	10.193	-2.258	-84.54	-2.87	127.48	6.958	18.326	-8.330	0.32458	-0.26959	-0.62039	0.66104	24.1	13111	100
2025-5-11 11:13:28.571	WTBenchPress#5(CEA7A127C8E8)	0.045	-1.019	0.136	-10.742	10.132	-2.136	-84.68	-2.89	127.29	6.958	18.326	-8.330	0.32458	-0.26959	-0.62039	0.66104	24.1	13111	100
2025-5-11 11:13:28.606	WTBenchPress#5(CEA7A127C8E8)	0.045	-1.014	0.124	-14.771	10.071	-2.258	-84.90	-2.91	127.10	6.958	18.326	-8.330	0.32458	-0.26959	-0.62039	0.66104	24.1	13111	100
2025-5-11 11:13:28.606	WTBenchPress#5(CEA7A127C8E8)	0.047	-1.017	0.112	-16.663	10.010	-2.441	-85.18	-2.93	126.91	6.958	18.326	-8.330	0.32458	-0.26959	-0.62039	0.66104	24.1	13111	100
2025-5-11 11:13:28.661	WTBenchPress#5(CEA7A127C8E8)	0.049	-1.024	0.103	-17.395	9.888	-2.563	-85.48	-2.96	126.73	6.958	18.326	-8.330	0.34500	-0.28799	-0.61563	0.64725	24.1	13111	100
2025-5-11 11:13:28.661	WTBenchPress#5(CEA7A127C8E8)	0.050	-1.027	0.090	-17.090	9.766	-2.502	-85.78	-2.99	126.55	6.958	18.326	-8.330	0.34500	-0.28799	-0.61563	0.64725	24.1	13111	100
2025-5-11 11:13:28.690	WTBenchPress#5(CEA7A127C8E8)	0.051	-1.023	0.076	-14.954	9.583	-2.380	-86.06	-3.02	126.38	6.958	18.326	-8.330	0.34500	-0.28799	-0.61563	0.64725	24.1	13111	100
2025-5-11 11:13:28.690	WTBenchPress#5(CEA7A127C8E8)	0.052	-1.022	0.065	-10.742	9.460	-2.197	-86.28	-3.04	126.21	6.958	18.326	-8.330	0.34500	-0.28799	-0.61563	0.64725	24.1	13111	100
2025-5-11 11:13:28.721	WTBenchPress#5(CEA7A127C8E8)	0.050	-1.028	0.061	-5.554	9.338	-1.892	-86.41	-3.07	126.05	6.958	18.326	-8.330	0.34500	-0.28799	-0.61563	0.64725	24.1	13111	100
2025-5-11 11:13:28.721	WTBenchPress#5(CEA7A127C8E8)	0.051	-1.029	0.066	-0.305	9.094	-1.648	-86.44	-3.09	125.90	6.958	18.326	-8.330	0.34500	-0.28799	-0.61563	0.64725	24.1	13111	100
2025-5-11 11:13:28.780	WTBenchPress#5(CEA7A127C8E8)	0.051	-1.028	0.076	3.540	8.789	-1.465	-86.39	-3.10	125.77	6.958	18.326	-8.330	0.34500	-0.28799	-0.61563	0.64725	24.1	13111	100
2025-5-11 11:13:28.780	WTBenchPress#5(CEA7A127C8E8)	0.050	-1.028	0.090	4.639	8.362	-1.343	-86.28	-3.11	125.65	6.958	18.326	-8.330	0.34500	-0.28799	-0.61563	0.64725	24.1	13111	100
2025-5-11 11:13:28.841	WTBenchPress#5(CEA7A127C8E8)	0.049	-1.024	0.100	3.357	7.813	-1.282	-86.18	-3.13	125.53	6.958	18.326	-8.330	0.34500	-0.28799	-0.61563	0.64725	24.1	13111	100
2025-5-11 11:13:28.841	WTBenchPress#5(CEA7A127C8E8)	0.048	-1.021	0.109	0.122	7.263	-1.343	-86.12	-3.13	125.43	6.958	18.326	-8.330	0.34500	-0.28799	-0.61563	0.64725	24.1	13111	100
2025-5-11 11:13:28.843	WTBenchPress#5(CEA7A127C8E8)	0.048	-1.021	0.111	-4.333	6.531	-1.404	-86.14	-3.15	125.35	6.958	18.326	-8.330	0.34500	-0.28799	-0.61563	0.64725	24.1	13111	100
2025-5-11 11:13:28.843	WTBenchPress#5(CEA7A127C8E8)	0.049	-1.022	0.099	-7.629	5.859	-1.526	-86.23	-3.16	125.28	7.350	18.914	-8.722	0.34500	-0.28799	-0.61563	0.64725	24.1	13111	100
2025-5-11 11:13:28.907	WTBenchPress#5(CEA7A127C8E8)	0.049	-1.022	0.081	-7.813	5.188	-1.587	-86.36	-3.18	125.22	7.350	18.914	-8.722	0.34500	-0.28799	-0.61563	0.64725	24.1	13111	100
2025-5-11 11:13:28.907	WTBenchPress#5(CEA7A127C8E8)	0.049	-1.025	0.074	-5.554	4.517	-1.465	-86.47	-3.20	125.18	7.350	18.914	-8.722	0.34500	-0.28799	-0.61563	0.64725	24.1	13111	100
2025-5-11 11:13:28.933	WTBenchPress#5(CEA7A127C8E8)	0.050	-1.029	0.074	-2.563	3.906	-1.282	-86.53	-3.21	125.15	7.350	18.914	-8.722	0.34500	-0.28799	-0.61563	0.64725	24.1	13111	100
2025-5-11 11:13:28.933	WTBenchPress#5(CEA7A127C8E8)	0.049	-1.032	0.078	-0.122	3.235	-0.977	-86.53	-3.22	125.14	7.350	18.914	-8.722	0.34500	-0.28799	-0.61563	0.64725	24.1	13111	100
2025-5-11 11:13:28.961	WTBenchPress#5(CEA7A127C8E8)	0.048	-1.029	0.081	1.465	2.502	-0.671	-86.50	-3.23	125.15	7.350	18.914	-8.722	0.34500	-0.28799	-0.61563	0.64725	24.1	13111	100
2025-5-11 11:13:28.961	WTBenchPress#5(CEA7A127C8E8)	0.046	-1.026	0.088	1.770	1.831	-0.366	-86.45	-3.23	125.18	7.350	18.914	-8.722	0.34500	-0.28799	-0.61563	0.64725	24.1	13111	100
