time	DeviceName	AccX(g)	AccY(g)	AccZ(g)	AsX(°/s)	AsY(°/s)	AsZ(°/s)	AngleX(°)	AngleY(°)	AngleZ(°)	HX(uT)	HY(uT)	HZ(uT)	Q0()	Q1()	Q2()	Q3()	Temperature(°C)	Version()	Battery level(%)
2025-5-11 11:12:2.319	WTBenchPress#5(CEA7A127C8E8)	0.040	-1.024	0.086	-2.625	-0.366	-0.244	-86.80	-2.49	129.35	6.958	19.110	-7.840	0.32504	-0.27982	-0.62720	0.65005	24.3	13111	100
2025-5-11 11:12:2.319	WTBenchPress#5(CEA7A127C8E8)	0.040	-1.023	0.084	-2.625	-0.427	-0.244	-86.84	-2.49	129.35	6.958	19.110	-7.840	0.32504	-0.27982	-0.62720	0.65005	24.3	13111	100
2025-5-11 11:12:2.382	WTBenchPress#5(CEA7A127C8E8)	0.040	-1.027	0.084	-2.869	-0.366	-0.244	-86.87	-2.49	129.34	6.958	19.110	-7.840	0.32504	-0.27982	-0.62720	0.65005	24.3	13111	100
2025-5-11 11:12:2.382	WTBenchPress#5(CEA7A127C8E8)	0.041	-1.025	0.084	-2.808	-0.366	-0.305	-86.91	-2.49	129.34	6.958	19.110	-7.840	0.32504	-0.27982	-0.62720	0.65005	24.3	13111	100
2025-5-11 11:12:2.413	WTBenchPress#5(CEA7A127C8E8)	0.041	-1.025	0.083	-2.686	-0.366	-0.183	-86.95	-2.50	129.33	6.958	19.110	-7.840	0.32504	-0.27982	-0.62720	0.65005	24.3	13111	100
2025-5-11 11:12:2.414	WTBenchPress#5(CEA7A127C8E8)	0.040	-1.025	0.083	-2.502	-0.366	-0.244	-86.97	-2.50	129.33	6.958	19.110	-7.840	0.32391	-0.28012	-0.62872	0.64902	24.3	13111	100
2025-5-11 11:12:2.441	WTBenchPress#5(CEA7A127C8E8)	0.041	-1.025	0.083	-2.136	-0.366	-0.305	-87.00	-2.50	129.33	6.958	19.110	-7.840	0.32391	-0.28012	-0.62872	0.64902	24.3	13111	100
2025-5-11 11:12:2.442	WTBenchPress#5(CEA7A127C8E8)	0.041	-1.025	0.083	-1.831	-0.366	-0.244	-87.02	-2.50	129.33	6.958	19.110	-7.840	0.32391	-0.28012	-0.62872	0.64902	24.3	13111	100
2025-5-11 11:12:2.500	WTBenchPress#5(CEA7A127C8E8)	0.042	-1.025	0.084	-1.648	-0.366	-0.183	-87.03	-2.51	129.33	6.958	19.110	-7.840	0.32391	-0.28012	-0.62872	0.64902	24.3	13111	100
2025-5-11 11:12:2.500	WTBenchPress#5(CEA7A127C8E8)	0.040	-1.024	0.083	-1.404	-0.366	-0.183	-87.04	-2.51	129.33	6.958	19.110	-7.840	0.32391	-0.28012	-0.62872	0.64902	24.3	13111	100
2025-5-11 11:12:2.531	WTBenchPress#5(CEA7A127C8E8)	0.041	-1.025	0.083	-1.282	-0.366	-0.244	-87.05	-2.51	129.33	6.958	19.110	-7.840	0.32391	-0.28012	-0.62872	0.64902	24.3	13111	100
2025-5-11 11:12:2.532	WTBenchPress#5(CEA7A127C8E8)	0.040	-1.024	0.084	-1.099	-0.366	-0.183	-87.06	-2.52	129.32	6.958	19.110	-7.840	0.32391	-0.28012	-0.62872	0.64902	24.3	13111	100
2025-5-11 11:12:2.561	WTBenchPress#5(CEA7A127C8E8)	0.041	-1.026	0.083	-0.977	-0.366	-0.244	-87.06	-2.52	129.31	6.958	19.110	-7.840	0.32391	-0.28012	-0.62872	0.64902	24.3	13111	100
2025-5-11 11:12:2.562	WTBenchPress#5(CEA7A127C8E8)	0.041	-1.025	0.084	-0.854	-0.366	-0.183	-87.05	-2.52	129.31	6.860	19.306	-7.644	0.32391	-0.28012	-0.62872	0.64902	24.3	13111	100
2025-5-11 11:12:2.619	WTBenchPress#5(CEA7A127C8E8)	0.041	-1.024	0.084	-0.671	-0.366	-0.183	-87.04	-2.52	129.30	6.860	19.306	-7.644	0.32391	-0.28012	-0.62872	0.64902	24.3	13111	100
2025-5-11 11:12:2.619	WTBenchPress#5(CEA7A127C8E8)	0.041	-1.025	0.083	-0.427	-0.366	-0.183	-87.04	-2.52	129.29	6.860	19.306	-7.644	0.32391	-0.28012	-0.62872	0.64902	24.3	13111	100
2025-5-11 11:12:2.649	WTBenchPress#5(CEA7A127C8E8)	0.041	-1.024	0.083	-0.244	-0.366	-0.183	-87.02	-2.52	129.28	6.860	19.306	-7.644	0.32391	-0.28012	-0.62872	0.64902	24.3	13111	100
2025-5-11 11:12:2.649	WTBenchPress#5(CEA7A127C8E8)	0.041	-1.026	0.083	-0.061	-0.427	-0.183	-87.01	-2.52	129.28	6.860	19.306	-7.644	0.32391	-0.28012	-0.62872	0.64902	24.3	13111	100
2025-5-11 11:12:2.681	WTBenchPress#5(CEA7A127C8E8)	0.041	-1.024	0.083	0.122	-0.366	-0.122	-86.99	-2.52	129.28	6.860	19.306	-7.644	0.32391	-0.28012	-0.62872	0.64902	24.3	13111	100
2025-5-11 11:12:2.681	WTBenchPress#5(CEA7A127C8E8)	0.041	-1.025	0.083	0.305	-0.427	-0.183	-86.96	-2.52	129.28	6.860	19.306	-7.644	0.32391	-0.28012	-0.62872	0.64902	24.3	13111	100
2025-5-11 11:12:2.740	WTBenchPress#5(CEA7A127C8E8)	0.040	-1.024	0.083	0.488	-0.427	-0.122	-86.93	-2.52	129.28	6.860	19.306	-7.644	0.32391	-0.28012	-0.62872	0.64902	24.3	13111	100
2025-5-11 11:12:2.740	WTBenchPress#5(CEA7A127C8E8)	0.041	-1.026	0.083	0.549	-0.427	-0.122	-86.91	-2.52	129.27	6.860	19.306	-7.644	0.32391	-0.28012	-0.62872	0.64902	24.3	13111	100
2025-5-11 11:12:2.769	WTBenchPress#5(CEA7A127C8E8)	0.040	-1.025	0.083	0.610	-0.366	-0.122	-86.88	-2.52	129.26	6.860	19.306	-7.644	0.32391	-0.28012	-0.62872	0.64902	24.3	13111	100
2025-5-11 11:12:2.769	WTBenchPress#5(CEA7A127C8E8)	0.041	-1.025	0.084	0.610	-0.427	-0.122	-86.85	-2.52	129.25	6.860	19.306	-7.644	0.32486	-0.27997	-0.62769	0.64960	24.3	13111	100
2025-5-11 11:12:2.801	WTBenchPress#5(CEA7A127C8E8)	0.041	-1.023	0.084	0.671	-0.427	-0.122	-86.81	-2.52	129.25	6.860	19.306	-7.644	0.32486	-0.27997	-0.62769	0.64960	24.3	13111	100
2025-5-11 11:12:2.802	WTBenchPress#5(CEA7A127C8E8)	0.040	-1.024	0.084	0.793	-0.427	-0.122	-86.79	-2.52	129.24	6.860	19.306	-7.644	0.32486	-0.27997	-0.62769	0.64960	24.3	13111	100
2025-5-11 11:12:2.890	WTBenchPress#5(CEA7A127C8E8)	0.040	-1.026	0.085	0.732	-0.427	-0.183	-86.75	-2.52	129.24	6.860	19.306	-7.644	0.32486	-0.27997	-0.62769	0.64960	24.3	13111	100
2025-5-11 11:12:2.890	WTBenchPress#5(CEA7A127C8E8)	0.039	-1.026	0.085	0.671	-0.427	-0.122	-86.72	-2.52	129.24	6.860	19.306	-7.644	0.32486	-0.27997	-0.62769	0.64960	24.3	13111	100
2025-5-11 11:12:2.890	WTBenchPress#5(CEA7A127C8E8)	0.040	-1.025	0.086	0.488	-0.488	-0.122	-86.69	-2.52	129.24	6.860	19.306	-7.644	0.32486	-0.27997	-0.62769	0.64960	24.3	13111	100
2025-5-11 11:12:2.890	WTBenchPress#5(CEA7A127C8E8)	0.040	-1.024	0.085	0.244	-0.488	-0.122	-86.67	-2.52	129.24	6.860	19.306	-7.644	0.32486	-0.27997	-0.62769	0.64960	24.3	13111	100
2025-5-11 11:12:2.950	WTBenchPress#5(CEA7A127C8E8)	0.040	-1.025	0.086	-0.061	-0.427	-0.183	-86.65	-2.52	129.24	6.860	19.306	-7.644	0.32486	-0.27997	-0.62769	0.64960	24.3	13111	100
2025-5-11 11:12:2.951	WTBenchPress#5(CEA7A127C8E8)	0.040	-1.021	0.086	-0.244	-0.488	-0.183	-86.64	-2.53	129.24	6.860	19.306	-7.644	0.32486	-0.27997	-0.62769	0.64960	24.3	13111	100
2025-5-11 11:12:2.981	WTBenchPress#5(CEA7A127C8E8)	0.041	-1.026	0.085	-0.549	-0.488	0.000	-86.63	-2.52	129.24	6.860	19.306	-7.644	0.32486	-0.27997	-0.62769	0.64960	24.3	13111	100
2025-5-11 11:12:2.981	WTBenchPress#5(CEA7A127C8E8)	0.041	-1.026	0.086	-0.916	-0.488	0.000	-86.63	-2.52	129.24	7.056	19.110	-7.840	0.32486	-0.27997	-0.62769	0.64960	24.3	13111	100
2025-5-11 11:12:3.13	WTBenchPress#5(CEA7A127C8E8)	0.041	-1.027	0.085	-1.038	-0.488	0.000	-86.64	-2.52	129.24	7.056	19.110	-7.840	0.32486	-0.27997	-0.62769	0.64960	24.3	13111	100
2025-5-11 11:12:3.13	WTBenchPress#5(CEA7A127C8E8)	0.040	-1.023	0.086	-1.160	-0.549	0.000	-86.64	-2.52	129.25	7.056	19.110	-7.840	0.32486	-0.27997	-0.62769	0.64960	24.3	13111	100
2025-5-11 11:12:3.72	WTBenchPress#5(CEA7A127C8E8)	0.041	-1.025	0.085	-1.404	-0.488	0.000	-86.65	-2.51	129.25	7.056	19.110	-7.840	0.32486	-0.27997	-0.62769	0.64960	24.3	13111	100
2025-5-11 11:12:3.72	WTBenchPress#5(CEA7A127C8E8)	0.041	-1.023	0.084	-1.526	-0.488	0.000	-86.67	-2.51	129.25	7.056	19.110	-7.840	0.32486	-0.27997	-0.62769	0.64960	24.3	13111	100
2025-5-11 11:12:3.130	WTBenchPress#5(CEA7A127C8E8)	0.042	-1.026	0.086	-1.648	-0.549	0.000	-86.68	-2.50	129.26	7.056	19.110	-7.840	0.32486	-0.27997	-0.62769	0.64960	24.3	13111	100
2025-5-11 11:12:3.131	WTBenchPress#5(CEA7A127C8E8)	0.041	-1.022	0.084	-1.953	-0.488	0.000	-86.70	-2.50	129.26	7.056	19.110	-7.840	0.32486	-0.27997	-0.62769	0.64960	24.3	13111	100
2025-5-11 11:12:3.131	WTBenchPress#5(CEA7A127C8E8)	0.041	-1.028	0.085	-2.075	-0.549	0.000	-86.73	-2.50	129.27	7.056	19.110	-7.840	0.32486	-0.27997	-0.62769	0.64960	24.3	13111	100
2025-5-11 11:12:3.131	WTBenchPress#5(CEA7A127C8E8)	0.041	-1.023	0.087	-2.197	-0.549	0.000	-86.75	-2.50	129.27	7.056	19.110	-7.840	0.32486	-0.27997	-0.62769	0.64960	24.3	13111	100
2025-5-11 11:12:3.189	WTBenchPress#5(CEA7A127C8E8)	0.041	-1.026	0.084	-2.380	-0.549	0.000	-86.78	-2.50	129.27	7.056	19.110	-7.840	0.32465	-0.27991	-0.62750	0.64990	24.3	13111	100
2025-5-11 11:12:3.189	WTBenchPress#5(CEA7A127C8E8)	0.040	-1.024	0.085	-2.563	-0.549	0.000	-86.81	-2.50	129.28	7.056	19.110	-7.840	0.32465	-0.27991	-0.62750	0.64990	24.3	13111	100
2025-5-11 11:12:3.219	WTBenchPress#5(CEA7A127C8E8)	0.041	-1.025	0.086	-2.625	-0.549	0.000	-86.85	-2.49	129.28	7.056	19.110	-7.840	0.32465	-0.27991	-0.62750	0.64990	24.3	13111	100
2025-5-11 11:12:3.219	WTBenchPress#5(CEA7A127C8E8)	0.040	-1.023	0.083	-2.625	-0.549	0.000	-86.88	-2.49	129.28	7.056	19.110	-7.840	0.32465	-0.27991	-0.62750	0.64990	24.3	13111	100
2025-5-11 11:12:3.249	WTBenchPress#5(CEA7A127C8E8)	0.040	-1.025	0.084	-2.502	-0.549	0.000	-86.91	-2.49	129.28	7.056	19.110	-7.840	0.32465	-0.27991	-0.62750	0.64990	24.3	13111	100
2025-5-11 11:12:3.249	WTBenchPress#5(CEA7A127C8E8)	0.040	-1.025	0.084	-2.258	-0.549	0.000	-86.93	-2.49	129.28	7.056	19.110	-7.840	0.32465	-0.27991	-0.62750	0.64990	24.3	13111	100
2025-5-11 11:12:3.314	WTBenchPress#5(CEA7A127C8E8)	0.039	-1.026	0.083	-2.258	-0.488	0.000	-86.96	-2.49	129.28	7.056	19.110	-7.840	0.32465	-0.27991	-0.62750	0.64990	24.3	13111	100
2025-5-11 11:12:3.314	WTBenchPress#5(CEA7A127C8E8)	0.040	-1.024	0.085	-2.197	-0.488	0.000	-86.98	-2.48	129.28	7.056	19.110	-7.840	0.32465	-0.27991	-0.62750	0.64990	24.3	13111	100
2025-5-11 11:12:3.342	WTBenchPress#5(CEA7A127C8E8)	0.040	-1.025	0.083	-2.075	-0.549	0.000	-87.01	-2.48	129.28	7.056	19.110	-7.840	0.32465	-0.27991	-0.62750	0.64990	24.3	13111	100
2025-5-11 11:12:3.342	WTBenchPress#5(CEA7A127C8E8)	0.040	-1.024	0.083	-2.014	-0.488	0.000	-87.03	-2.48	129.28	7.056	19.110	-7.840	0.32465	-0.27991	-0.62750	0.64990	24.3	13111	100
2025-5-11 11:12:3.371	WTBenchPress#5(CEA7A127C8E8)	0.040	-1.025	0.084	-1.831	-0.488	0.000	-87.04	-2.48	129.27	7.056	19.110	-7.840	0.32465	-0.27991	-0.62750	0.64990	24.3	13111	100
2025-5-11 11:12:3.371	WTBenchPress#5(CEA7A127C8E8)	0.040	-1.025	0.083	-1.648	-0.488	0.000	-87.06	-2.48	129.27	6.958	19.110	-7.546	0.32465	-0.27991	-0.62750	0.64990	24.3	13111	100
2025-5-11 11:12:3.431	WTBenchPress#5(CEA7A127C8E8)	0.041	-1.024	0.083	-1.404	-0.488	0.000	-87.06	-2.47	129.26	6.958	19.110	-7.546	0.32465	-0.27991	-0.62750	0.64990	24.3	13111	100
2025-5-11 11:12:3.431	WTBenchPress#5(CEA7A127C8E8)	0.041	-1.024	0.083	-1.038	-0.488	0.000	-87.06	-2.47	129.25	6.958	19.110	-7.546	0.32465	-0.27991	-0.62750	0.64990	24.3	13111	100
2025-5-11 11:12:3.461	WTBenchPress#5(CEA7A127C8E8)	0.041	-1.025	0.083	-0.854	-0.488	0.000	-87.06	-2.47	129.24	6.958	19.110	-7.546	0.32465	-0.27991	-0.62750	0.64990	24.3	13111	100
2025-5-11 11:12:3.461	WTBenchPress#5(CEA7A127C8E8)	0.042	-1.025	0.083	-0.549	-0.427	0.000	-87.05	-2.47	129.24	6.958	19.110	-7.546	0.32465	-0.27991	-0.62750	0.64990	24.3	13111	100
2025-5-11 11:12:3.491	WTBenchPress#5(CEA7A127C8E8)	0.041	-1.024	0.084	-0.488	-0.488	0.000	-87.04	-2.47	129.24	6.958	19.110	-7.546	0.32465	-0.27991	-0.62750	0.64990	24.3	13111	100
2025-5-11 11:12:3.492	WTBenchPress#5(CEA7A127C8E8)	0.042	-1.024	0.083	-0.305	-0.427	0.000	-87.03	-2.46	129.24	6.958	19.110	-7.546	0.32465	-0.27991	-0.62750	0.64990	24.3	13111	100
2025-5-11 11:12:3.550	WTBenchPress#5(CEA7A127C8E8)	0.042	-1.024	0.084	-0.122	-0.488	0.000	-87.01	-2.46	129.24	6.958	19.110	-7.546	0.32465	-0.27991	-0.62750	0.64990	24.3	13111	100
2025-5-11 11:12:3.550	WTBenchPress#5(CEA7A127C8E8)	0.042	-1.024	0.084	-0.061	-0.427	0.000	-86.99	-2.46	129.24	6.958	19.110	-7.546	0.32465	-0.27991	-0.62750	0.64990	24.3	13111	100
2025-5-11 11:12:3.580	WTBenchPress#5(CEA7A127C8E8)	0.041	-1.025	0.083	0.061	-0.427	0.000	-86.97	-2.46	129.24	6.958	19.110	-7.546	0.32465	-0.27991	-0.62750	0.64990	24.3	13111	100
2025-5-11 11:12:3.581	WTBenchPress#5(CEA7A127C8E8)	0.041	-1.025	0.084	0.183	-0.427	0.000	-86.95	-2.46	129.24	6.958	19.110	-7.546	0.32431	-0.28064	-0.62802	0.64926	24.3	13111	100
2025-5-11 11:12:3.611	WTBenchPress#5(CEA7A127C8E8)	0.041	-1.024	0.084	0.427	-0.427	0.000	-86.92	-2.46	129.24	6.958	19.110	-7.546	0.32431	-0.28064	-0.62802	0.64926	24.3	13111	100
2025-5-11 11:12:3.611	WTBenchPress#5(CEA7A127C8E8)	0.040	-1.024	0.083	0.549	-0.427	0.000	-86.89	-2.46	129.25	6.958	19.110	-7.546	0.32431	-0.28064	-0.62802	0.64926	24.3	13111	100
2025-5-11 11:12:3.670	WTBenchPress#5(CEA7A127C8E8)	0.040	-1.026	0.085	0.610	-0.427	0.000	-86.86	-2.46	129.25	6.958	19.110	-7.546	0.32431	-0.28064	-0.62802	0.64926	24.3	13111	100
2025-5-11 11:12:3.670	WTBenchPress#5(CEA7A127C8E8)	0.040	-1.025	0.084	0.671	-0.427	0.000	-86.82	-2.45	129.25	6.958	19.110	-7.546	0.32431	-0.28064	-0.62802	0.64926	24.3	13111	100
2025-5-11 11:12:3.699	WTBenchPress#5(CEA7A127C8E8)	0.040	-1.025	0.084	0.610	-0.427	0.000	-86.80	-2.45	129.25	6.958	19.110	-7.546	0.32431	-0.28064	-0.62802	0.64926	24.3	13111	100
2025-5-11 11:12:3.699	WTBenchPress#5(CEA7A127C8E8)	0.040	-1.025	0.085	0.427	-0.427	0.000	-86.77	-2.45	129.25	6.958	19.110	-7.546	0.32431	-0.28064	-0.62802	0.64926	24.3	13111	100
2025-5-11 11:12:3.729	WTBenchPress#5(CEA7A127C8E8)	0.040	-1.026	0.085	0.305	-0.366	0.000	-86.74	-2.44	129.25	6.958	19.110	-7.546	0.32431	-0.28064	-0.62802	0.64926	24.3	13111	100
2025-5-11 11:12:3.729	WTBenchPress#5(CEA7A127C8E8)	0.040	-1.025	0.085	0.122	-0.366	0.000	-86.72	-2.44	129.25	6.958	19.110	-7.546	0.32431	-0.28064	-0.62802	0.64926	24.3	13111	100
2025-5-11 11:12:3.790	WTBenchPress#5(CEA7A127C8E8)	0.040	-1.025	0.085	0.000	-0.366	0.000	-86.70	-2.44	129.24	6.958	19.110	-7.546	0.32431	-0.28064	-0.62802	0.64926	24.3	13111	100
2025-5-11 11:12:3.790	WTBenchPress#5(CEA7A127C8E8)	0.041	-1.024	0.085	-0.061	-0.366	0.000	-86.68	-2.44	129.25	6.958	19.110	-7.546	0.32431	-0.28064	-0.62802	0.64926	24.3	13111	100
2025-5-11 11:12:3.821	WTBenchPress#5(CEA7A127C8E8)	0.041	-1.025	0.085	-0.183	-0.366	0.000	-86.67	-2.44	129.25	6.860	19.012	-7.840	0.32431	-0.28064	-0.62802	0.64926	24.3	13111	100
2025-5-11 11:12:3.822	WTBenchPress#5(CEA7A127C8E8)	0.041	-1.026	0.086	-0.366	-0.366	0.000	-86.66	-2.43	129.26	6.860	19.012	-7.840	0.32431	-0.28064	-0.62802	0.64926	24.3	13111	100
2025-5-11 11:12:3.851	WTBenchPress#5(CEA7A127C8E8)	0.040	-1.024	0.086	-0.671	-0.305	0.000	-86.65	-2.43	129.27	6.860	19.012	-7.840	0.32431	-0.28064	-0.62802	0.64926	24.3	13111	100
2025-5-11 11:12:3.851	WTBenchPress#5(CEA7A127C8E8)	0.041	-1.022	0.085	-0.793	-0.366	0.000	-86.65	-2.43	129.27	6.860	19.012	-7.840	0.32431	-0.28064	-0.62802	0.64926	24.3	13111	100
2025-5-11 11:12:3.911	WTBenchPress#5(CEA7A127C8E8)	0.041	-1.027	0.086	-1.038	-0.366	0.000	-86.65	-2.43	129.28	6.860	19.012	-7.840	0.32431	-0.28064	-0.62802	0.64926	24.3	13111	100
2025-5-11 11:12:3.911	WTBenchPress#5(CEA7A127C8E8)	0.040	-1.026	0.086	-1.343	-0.366	0.000	-86.65	-2.43	129.29	6.860	19.012	-7.840	0.32431	-0.28064	-0.62802	0.64926	24.3	13111	100
2025-5-11 11:12:3.940	WTBenchPress#5(CEA7A127C8E8)	0.041	-1.022	0.085	-1.526	-0.366	0.000	-86.67	-2.43	129.30	6.860	19.012	-7.840	0.32431	-0.28064	-0.62802	0.64926	24.3	13111	100
2025-5-11 11:12:3.940	WTBenchPress#5(CEA7A127C8E8)	0.042	-1.013	0.084	-1.648	-0.366	-0.305	-86.68	-2.43	129.30	6.860	19.012	-7.840	0.32431	-0.28064	-0.62802	0.64926	24.3	13111	100
2025-5-11 11:12:3.971	WTBenchPress#5(CEA7A127C8E8)	0.040	-1.036	0.085	-1.953	-0.366	-0.244	-86.69	-2.43	129.31	6.860	19.012	-7.840	0.32431	-0.28064	-0.62802	0.64926	24.3	13111	100
2025-5-11 11:12:3.971	WTBenchPress#5(CEA7A127C8E8)	0.041	-1.025	0.087	-1.953	-0.366	-0.244	-86.72	-2.43	129.33	6.860	19.012	-7.840	0.32431	-0.28064	-0.62802	0.64926	24.3	13111	100
2025-5-11 11:12:4.31	WTBenchPress#5(CEA7A127C8E8)	0.041	-1.020	0.082	-2.075	-0.366	-0.183	-86.74	-2.44	129.33	6.860	19.012	-7.840	0.32413	-0.27979	-0.62720	0.65051	24.3	13111	100
2025-5-11 11:12:4.32	WTBenchPress#5(CEA7A127C8E8)	0.040	-1.024	0.086	-2.380	-0.366	-0.305	-86.76	-2.44	129.33	6.860	19.012	-7.840	0.32413	-0.27979	-0.62720	0.65051	24.3	13111	100
2025-5-11 11:12:4.61	WTBenchPress#5(CEA7A127C8E8)	0.041	-1.028	0.086	-2.136	-0.366	-0.183	-86.79	-2.44	129.34	6.860	19.012	-7.840	0.32413	-0.27979	-0.62720	0.65051	24.3	13111	100
2025-5-11 11:12:4.61	WTBenchPress#5(CEA7A127C8E8)	0.039	-1.024	0.082	-2.319	-0.366	-0.305	-86.81	-2.44	129.34	6.860	19.012	-7.840	0.32413	-0.27979	-0.62720	0.65051	24.3	13111	100
2025-5-11 11:12:4.91	WTBenchPress#5(CEA7A127C8E8)	0.040	-1.023	0.087	-2.502	-0.427	-0.244	-86.85	-2.45	129.34	6.860	19.012	-7.840	0.32413	-0.27979	-0.62720	0.65051	24.3	13111	100
2025-5-11 11:12:4.91	WTBenchPress#5(CEA7A127C8E8)	0.039	-1.027	0.084	-2.319	-0.427	-0.244	-86.87	-2.46	129.34	6.860	19.012	-7.840	0.32413	-0.27979	-0.62720	0.65051	24.3	13111	100
2025-5-11 11:12:4.179	WTBenchPress#5(CEA7A127C8E8)	0.039	-1.024	0.084	-2.686	-0.427	-0.244	-86.91	-2.46	129.34	6.860	19.012	-7.840	0.32413	-0.27979	-0.62720	0.65051	24.3	13111	100
2025-5-11 11:12:4.180	WTBenchPress#5(CEA7A127C8E8)	0.039	-1.021	0.085	-2.502	-0.427	-0.305	-86.93	-2.46	129.33	6.860	19.012	-7.840	0.32413	-0.27979	-0.62720	0.65051	24.3	13111	100
2025-5-11 11:12:4.180	WTBenchPress#5(CEA7A127C8E8)	0.040	-1.031	0.082	-2.686	-0.427	-0.244	-86.97	-2.47	129.33	6.860	19.012	-7.840	0.32413	-0.27979	-0.62720	0.65051	24.3	13111	100
2025-5-11 11:12:4.180	WTBenchPress#5(CEA7A127C8E8)	0.039	-1.022	0.086	-2.625	-0.488	-0.305	-87.00	-2.47	129.31	6.860	19.012	-7.840	0.32413	-0.27979	-0.62720	0.65051	24.3	13111	100
2025-5-11 11:12:4.209	WTBenchPress#5(CEA7A127C8E8)	0.040	-1.024	0.083	-2.136	-0.427	-0.183	-87.03	-2.47	129.31	6.860	19.012	-7.840	0.32413	-0.27979	-0.62720	0.65051	24.3	13111	100
2025-5-11 11:12:4.209	WTBenchPress#5(CEA7A127C8E8)	0.040	-1.026	0.080	-1.831	-0.427	-0.244	-87.04	-2.47	129.30	6.958	19.110	-7.644	0.32413	-0.27979	-0.62720	0.65051	24.3	13111	100
2025-5-11 11:12:4.270	WTBenchPress#5(CEA7A127C8E8)	0.041	-1.026	0.083	-1.221	-0.488	-0.244	-87.06	-2.47	129.30	6.958	19.110	-7.644	0.32413	-0.27979	-0.62720	0.65051	24.3	13111	100
2025-5-11 11:12:4.270	WTBenchPress#5(CEA7A127C8E8)	0.041	-1.023	0.082	-0.732	-0.488	-0.122	-87.06	-2.48	129.29	6.958	19.110	-7.644	0.32413	-0.27979	-0.62720	0.65051	24.3	13111	100
2025-5-11 11:12:4.298	WTBenchPress#5(CEA7A127C8E8)	0.041	-1.024	0.083	-0.549	-0.488	-0.183	-87.05	-2.48	129.28	6.958	19.110	-7.644	0.32413	-0.27979	-0.62720	0.65051	24.3	13111	100
2025-5-11 11:12:4.298	WTBenchPress#5(CEA7A127C8E8)	0.042	-1.025	0.084	-0.366	-0.427	-0.122	-87.04	-2.48	129.28	6.958	19.110	-7.644	0.32413	-0.27979	-0.62720	0.65051	24.3	13111	100
2025-5-11 11:12:4.360	WTBenchPress#5(CEA7A127C8E8)	0.042	-1.026	0.085	-0.549	-0.488	-0.183	-87.03	-2.48	129.27	6.958	19.110	-7.644	0.32413	-0.27979	-0.62720	0.65051	24.3	13111	100
2025-5-11 11:12:4.360	WTBenchPress#5(CEA7A127C8E8)	0.042	-1.023	0.085	-0.671	-0.488	-0.183	-87.02	-2.48	129.26	6.958	19.110	-7.644	0.32413	-0.27979	-0.62720	0.65051	24.3	13111	100
2025-5-11 11:12:4.388	WTBenchPress#5(CEA7A127C8E8)	0.042	-1.026	0.083	-0.916	-0.488	-0.244	-87.02	-2.48	129.25	6.958	19.110	-7.644	0.32413	-0.27979	-0.62720	0.65051	24.3	13111	100
2025-5-11 11:12:4.388	WTBenchPress#5(CEA7A127C8E8)	0.042	-1.024	0.085	-0.854	-0.549	-0.183	-87.01	-2.48	129.24	6.958	19.110	-7.644	0.32428	-0.28073	-0.62854	0.64871	24.3	13111	100
2025-5-11 11:12:4.419	WTBenchPress#5(CEA7A127C8E8)	0.042	-1.025	0.082	-0.549	-0.549	-0.183	-87.01	-2.49	129.24	6.958	19.110	-7.644	0.32428	-0.28073	-0.62854	0.64871	24.3	13111	100
2025-5-11 11:12:4.419	WTBenchPress#5(CEA7A127C8E8)	0.042	-1.026	0.083	-0.244	-0.549	-0.183	-87.00	-2.49	129.23	6.958	19.110	-7.644	0.32428	-0.28073	-0.62854	0.64871	24.3	13111	100
2025-5-11 11:12:4.508	WTBenchPress#5(CEA7A127C8E8)	0.041	-1.024	0.083	0.366	-0.488	-0.122	-86.97	-2.49	129.22	6.958	19.110	-7.644	0.32428	-0.28073	-0.62854	0.64871	24.3	13111	100
2025-5-11 11:12:4.509	WTBenchPress#5(CEA7A127C8E8)	0.049	-1.027	0.082	0.610	-0.488	-0.061	-86.95	-2.49	129.21	6.958	19.110	-7.644	0.32428	-0.28073	-0.62854	0.64871	24.3	13111	100
2025-5-11 11:12:4.509	WTBenchPress#5(CEA7A127C8E8)	0.076	-1.030	0.054	2.747	-0.793	0.000	-86.90	-2.49	129.21	6.958	19.110	-7.644	0.32428	-0.28073	-0.62854	0.64871	24.3	13111	100
2025-5-11 11:12:4.509	WTBenchPress#5(CEA7A127C8E8)	0.050	-1.023	-0.002	22.278	-6.226	1.343	-86.63	-2.48	129.28	6.958	19.110	-7.644	0.32428	-0.28073	-0.62854	0.64871	24.3	13111	100
2025-5-11 11:12:4.540	WTBenchPress#5(CEA7A127C8E8)	0.027	-1.024	0.090	30.212	-9.583	1.953	-86.12	-2.46	129.45	6.958	19.110	-7.644	0.32428	-0.28073	-0.62854	0.64871	24.3	13111	100
2025-5-11 11:12:4.541	WTBenchPress#5(CEA7A127C8E8)	0.029	-0.963	0.442	28.381	-9.949	2.075	-85.54	-2.44	129.63	6.958	19.110	-7.644	0.32428	-0.28073	-0.62854	0.64871	24.3	13111	100
2025-5-11 11:12:4.601	WTBenchPress#5(CEA7A127C8E8)	0.003	-1.049	0.252	24.658	-2.747	1.526	-84.99	-2.41	129.67	6.958	19.110	-7.644	0.32428	-0.28073	-0.62854	0.64871	24.3	13111	100
2025-5-11 11:12:4.601	WTBenchPress#5(CEA7A127C8E8)	-0.006	-1.016	0.162	38.086	-1.343	4.395	-84.25	-2.35	129.65	6.958	19.110	-7.644	0.32428	-0.28073	-0.62854	0.64871	24.3	13111	100
2025-5-11 11:12:4.628	WTBenchPress#5(CEA7A127C8E8)	0.005	-0.872	0.174	35.339	2.197	6.042	-83.50	-2.22	129.60	7.056	18.522	-8.918	0.32428	-0.28073	-0.62854	0.64871	24.3	13111	100
2025-5-11 11:12:4.629	WTBenchPress#5(CEA7A127C8E8)	0.002	-0.695	-0.110	33.997	3.235	4.639	-82.80	-2.11	129.56	7.056	18.522	-8.918	0.32428	-0.28073	-0.62854	0.64871	24.3	13111	100
2025-5-11 11:12:4.659	WTBenchPress#5(CEA7A127C8E8)	0.004	-0.746	0.122	0.000	0.916	0.610	-82.63	-2.07	129.57	7.056	18.522	-8.918	0.32428	-0.28073	-0.62854	0.64871	24.3	13111	100
2025-5-11 11:12:4.659	WTBenchPress#5(CEA7A127C8E8)	-0.015	-1.051	0.048	-60.486	-0.916	-5.798	-83.54	-2.14	129.61	7.056	18.522	-8.918	0.32428	-0.28073	-0.62854	0.64871	24.3	13111	100
2025-5-11 11:12:4.719	WTBenchPress#5(CEA7A127C8E8)	-0.053	-1.303	-0.322	-55.725	0.549	-8.240	-84.70	-2.27	129.67	7.056	18.522	-8.918	0.32428	-0.28073	-0.62854	0.64871	24.3	13111	100
2025-5-11 11:12:4.719	WTBenchPress#5(CEA7A127C8E8)	0.077	-5.251	-2.243	11.353	6.348	-0.549	-84.89	-2.31	129.72	7.056	18.522	-8.918	0.32428	-0.28073	-0.62854	0.64871	24.3	13111	100
2025-5-11 11:12:4.781	WTBenchPress#5(CEA7A127C8E8)	0.159	-1.144	-0.155	61.218	7.568	3.235	-84.13	-2.26	129.83	7.056	18.522	-8.918	0.32428	-0.28073	-0.62854	0.64871	24.3	13111	100
2025-5-11 11:12:4.781	WTBenchPress#5(CEA7A127C8E8)	0.231	-0.852	0.255	6.165	5.981	1.465	-83.92	-2.22	129.93	7.056	18.522	-8.918	0.32428	-0.28073	-0.62854	0.64871	24.3	13111	100
2025-5-11 11:12:4.781	WTBenchPress#5(CEA7A127C8E8)	0.223	-0.827	0.318	-86.853	2.991	-1.953	-85.35	-2.26	130.03	7.056	18.522	-8.918	0.32428	-0.28073	-0.62854	0.64871	24.3	13111	100
2025-5-11 11:12:4.782	WTBenchPress#5(CEA7A127C8E8)	0.147	-0.919	0.055	-120.178	0.916	-1.953	-87.68	-2.32	130.11	7.056	18.522	-8.918	0.32428	-0.28073	-0.62854	0.64871	24.3	13111	100
2025-5-11 11:12:4.841	WTBenchPress#5(CEA7A127C8E8)	0.045	-0.975	-0.035	-69.153	1.099	0.977	-89.38	-2.35	130.15	7.056	18.522	-8.918	0.31079	-0.28491	-0.64777	0.63446	24.3	13111	100
2025-5-11 11:12:4.841	WTBenchPress#5(CEA7A127C8E8)	-0.071	-0.974	0.197	-33.875	0.671	1.343	-90.27	-2.35	130.16	7.056	18.522	-8.918	0.31079	-0.28491	-0.64777	0.63446	24.3	13111	100
2025-5-11 11:12:4.871	WTBenchPress#5(CEA7A127C8E8)	-0.174	-0.921	0.455	-35.461	-0.122	1.038	-90.96	-2.36	130.11	7.056	18.522	-8.918	0.31079	-0.28491	-0.64777	0.63446	24.3	13111	100
2025-5-11 11:12:4.871	WTBenchPress#5(CEA7A127C8E8)	-0.190	-0.904	0.506	-53.467	-0.549	-0.061	-91.87	-2.36	129.98	7.056	18.522	-8.918	0.31079	-0.28491	-0.64777	0.63446	24.3	13111	100
2025-5-11 11:12:4.901	WTBenchPress#5(CEA7A127C8E8)	-0.098	-0.833	0.377	-51.941	0.061	-0.671	-92.78	-2.37	129.72	7.056	18.522	-8.918	0.31079	-0.28491	-0.64777	0.63446	24.3	13111	100
2025-5-11 11:12:4.901	WTBenchPress#5(CEA7A127C8E8)	-0.068	-0.850	0.066	-28.625	1.404	-0.671	-93.31	-2.38	129.38	7.056	18.522	-8.918	0.31079	-0.28491	-0.64777	0.63446	24.3	13111	100
2025-5-11 11:12:4.961	WTBenchPress#5(CEA7A127C8E8)	-0.011	-0.813	-0.049	17.822	2.563	-0.732	-93.03	-2.38	129.03	7.056	18.522	-8.918	0.31079	-0.28491	-0.64777	0.63446	24.3	13111	100
2025-5-11 11:12:4.962	WTBenchPress#5(CEA7A127C8E8)	0.000	-0.786	0.114	25.391	0.061	-2.930	-92.43	-2.40	128.74	7.056	18.522	-8.918	0.31079	-0.28491	-0.64777	0.63446	24.3	13111	100
2025-5-11 11:12:4.991	WTBenchPress#5(CEA7A127C8E8)	0.047	-0.752	0.096	20.325	-2.502	-4.944	-91.88	-2.46	128.51	7.056	18.522	-8.918	0.31079	-0.28491	-0.64777	0.63446	24.3	13111	100
2025-5-11 11:12:4.991	WTBenchPress#5(CEA7A127C8E8)	0.048	-0.828	0.039	14.465	-4.822	-6.165	-91.49	-2.55	128.34	7.448	19.992	-4.606	0.31079	-0.28491	-0.64777	0.63446	24.3	13111	100
2025-5-11 11:12:5.20	WTBenchPress#5(CEA7A127C8E8)	0.076	-0.808	-0.134	3.357	-6.775	-6.042	-91.35	-2.64	128.27	7.448	19.992	-4.606	0.31079	-0.28491	-0.64777	0.63446	24.3	13111	100
2025-5-11 11:12:5.20	WTBenchPress#5(CEA7A127C8E8)	0.116	-0.839	-0.196	3.723	-7.629	-5.615	-91.24	-2.72	128.30	7.448	19.992	-4.606	0.31079	-0.28491	-0.64777	0.63446	24.3	13111	100
2025-5-11 11:12:5.78	WTBenchPress#5(CEA7A127C8E8)	0.164	-0.856	-0.253	-1.282	-8.118	-4.700	-91.27	-2.80	128.39	7.448	19.992	-4.606	0.31079	-0.28491	-0.64777	0.63446	24.3	13111	100
2025-5-11 11:12:5.78	WTBenchPress#5(CEA7A127C8E8)	0.190	-0.870	-0.226	-2.319	-8.423	-3.723	-91.36	-2.87	128.51	7.448	19.992	-4.606	0.31079	-0.28491	-0.64777	0.63446	24.3	13111	100
2025-5-11 11:12:5.109	WTBenchPress#5(CEA7A127C8E8)	0.167	-0.802	-0.238	-3.174	-8.850	-3.601	-91.49	-2.96	128.66	7.448	19.992	-4.606	0.31079	-0.28491	-0.64777	0.63446	24.3	13111	100
2025-5-11 11:12:5.109	WTBenchPress#5(CEA7A127C8E8)	0.116	-0.831	-0.148	-1.953	-9.399	-3.113	-91.60	-3.05	128.80	7.448	19.992	-4.606	0.31079	-0.28491	-0.64777	0.63446	24.3	13111	100
2025-5-11 11:12:5.140	WTBenchPress#5(CEA7A127C8E8)	0.078	-0.815	-0.034	-4.272	-8.667	-3.174	-91.76	-3.15	128.92	7.448	19.992	-4.606	0.31079	-0.28491	-0.64777	0.63446	24.3	13111	100
2025-5-11 11:12:5.141	WTBenchPress#5(CEA7A127C8E8)	0.057	-0.827	-0.029	-7.080	-7.019	-3.357	-91.97	-3.25	129.00	7.448	19.992	-4.606	0.31079	-0.28491	-0.64777	0.63446	24.3	13111	100
2025-5-11 11:12:5.231	WTBenchPress#5(CEA7A127C8E8)	0.069	-0.830	-0.016	-2.991	-5.615	-4.395	-92.07	-3.37	129.02	7.448	19.992	-4.606	0.31079	-0.28491	-0.64777	0.63446	24.3	13111	100
2025-5-11 11:12:5.231	WTBenchPress#5(CEA7A127C8E8)	0.038	-0.845	0.022	-5.493	-4.333	-6.348	-92.21	-3.52	129.00	7.448	19.992	-4.606	0.31079	-0.28491	-0.64777	0.63446	24.3	13111	100
2025-5-11 11:12:5.232	WTBenchPress#5(CEA7A127C8E8)	0.001	-0.848	-0.003	-1.404	-2.747	-7.263	-92.26	-3.68	128.93	7.448	19.992	-4.606	0.31946	-0.29047	-0.65973	0.61499	24.3	13111	100
2025-5-11 11:12:5.232	WTBenchPress#5(CEA7A127C8E8)	0.000	-0.816	0.058	0.854	-1.526	-8.240	-92.25	-3.86	128.83	7.448	19.992	-4.606	0.31946	-0.29047	-0.65973	0.61499	24.3	13111	100
2025-5-11 11:12:5.289	WTBenchPress#5(CEA7A127C8E8)	-0.003	-0.923	0.053	-5.371	-0.549	-8.972	-92.34	-4.03	128.68	7.448	19.992	-4.606	0.31946	-0.29047	-0.65973	0.61499	24.3	13111	100
2025-5-11 11:12:5.289	WTBenchPress#5(CEA7A127C8E8)	0.045	-0.946	0.034	-1.404	0.671	-9.155	-92.34	-4.20	128.50	7.448	19.992	-4.606	0.31946	-0.29047	-0.65973	0.61499	24.3	13111	100
2025-5-11 11:12:5.321	WTBenchPress#5(CEA7A127C8E8)	0.076	-0.931	-0.015	1.343	0.977	-9.155	-92.29	-4.37	128.31	7.448	19.992	-4.606	0.31946	-0.29047	-0.65973	0.61499	24.3	13111	100
2025-5-11 11:12:5.321	WTBenchPress#5(CEA7A127C8E8)	0.094	-0.873	-0.029	5.615	0.427	-9.094	-92.15	-4.54	128.13	7.448	19.992	-4.606	0.31946	-0.29047	-0.65973	0.61499	24.3	13111	100
2025-5-11 11:12:5.350	WTBenchPress#5(CEA7A127C8E8)	0.073	-0.890	0.035	0.549	-0.549	-10.193	-92.12	-4.73	127.97	7.448	19.992	-4.606	0.31946	-0.29047	-0.65973	0.61499	24.3	13111	100
2025-5-11 11:12:5.350	WTBenchPress#5(CEA7A127C8E8)	0.058	-0.934	0.017	-5.310	-0.977	-10.071	-92.20	-4.92	127.81	7.448	19.992	-4.606	0.31946	-0.29047	-0.65973	0.61499	24.3	13111	100
2025-5-11 11:12:5.381	WTBenchPress#5(CEA7A127C8E8)	0.083	-0.946	0.014	-2.808	-0.244	-8.911	-92.22	-5.09	127.63	7.448	19.992	-4.606	0.31946	-0.29047	-0.65973	0.61499	24.3	13111	100
2025-5-11 11:12:5.381	WTBenchPress#5(CEA7A127C8E8)	0.077	-0.988	-0.060	0.061	-0.122	-5.859	-92.19	-5.22	127.44	7.448	19.992	-4.606	0.31946	-0.29047	-0.65973	0.61499	24.3	13111	100
2025-5-11 11:12:5.441	WTBenchPress#5(CEA7A127C8E8)	0.064	-0.991	-0.021	-4.517	-1.831	-5.005	-92.19	-5.32	127.28	7.448	15.190	-3.528	0.31946	-0.29047	-0.65973	0.61499	24.3	13111	100
2025-5-11 11:12:5.441	WTBenchPress#5(CEA7A127C8E8)	0.023	-1.085	0.019	-8.057	-2.869	-3.052	-92.28	-5.39	127.16	7.448	15.190	-3.528	0.31946	-0.29047	-0.65973	0.61499	24.3	13111	100
2025-5-11 11:12:5.501	WTBenchPress#5(CEA7A127C8E8)	0.033	-1.057	0.012	-12.390	-2.747	-1.648	-92.44	-5.43	127.06	7.448	15.190	-3.528	0.31946	-0.29047	-0.65973	0.61499	24.3	13111	100
2025-5-11 11:12:5.501	WTBenchPress#5(CEA7A127C8E8)	0.041	-1.047	-0.016	-9.949	-2.258	-1.770	-92.65	-5.44	126.96	7.448	15.190	-3.528	0.31946	-0.29047	-0.65973	0.61499	24.3	13111	100
2025-5-11 11:12:5.501	WTBenchPress#5(CEA7A127C8E8)	0.005	-1.120	0.002	-5.737	-2.258	-0.488	-92.80	-5.44	126.86	7.448	15.190	-3.528	0.31946	-0.29047	-0.65973	0.61499	24.3	13111	100
2025-5-11 11:12:5.501	WTBenchPress#5(CEA7A127C8E8)	0.049	-1.085	0.027	-9.338	-2.197	0.000	-92.90	-5.42	126.78	7.448	15.190	-3.528	0.31946	-0.29047	-0.65973	0.61499	24.3	13111	100
2025-5-11 11:12:5.561	WTBenchPress#5(CEA7A127C8E8)	0.124	-0.954	-0.026	-11.475	-1.648	-2.441	-93.06	-5.40	126.69	7.448	15.190	-3.528	0.31946	-0.29047	-0.65973	0.61499	24.3	13111	100
2025-5-11 11:12:5.561	WTBenchPress#5(CEA7A127C8E8)	0.155	-1.188	-0.031	-14.343	-1.709	-6.836	-93.27	-5.44	126.61	7.448	15.190	-3.528	0.31946	-0.29047	-0.65973	0.61499	24.3	13111	100
2025-5-11 11:12:5.592	WTBenchPress#5(CEA7A127C8E8)	0.154	-1.201	-0.114	-12.146	-1.648	-8.057	-93.51	-5.55	126.55	7.448	15.190	-3.528	0.31946	-0.29047	-0.65973	0.61499	24.3	13111	100
2025-5-11 11:12:5.592	WTBenchPress#5(CEA7A127C8E8)	0.169	-1.195	-0.121	-14.282	-3.479	-8.057	-93.74	-5.70	126.50	7.448	15.190	-3.528	0.33969	-0.29770	-0.66705	0.59238	24.3	13111	100
2025-5-11 11:12:5.622	WTBenchPress#5(CEA7A127C8E8)	0.193	-1.181	-0.103	-15.259	-5.676	-8.789	-94.02	-5.84	126.52	7.448	15.190	-3.528	0.33969	-0.29770	-0.66705	0.59238	24.3	13111	100
2025-5-11 11:12:5.622	WTBenchPress#5(CEA7A127C8E8)	0.191	-1.215	-0.080	-18.311	-7.202	-9.705	-94.33	-6.00	126.58	7.448	15.190	-3.528	0.33969	-0.29770	-0.66705	0.59238	24.3	13111	100
2025-5-11 11:12:5.679	WTBenchPress#5(CEA7A127C8E8)	0.187	-1.317	-0.095	-14.526	-7.935	-8.789	-94.68	-6.18	126.68	7.448	15.190	-3.528	0.33969	-0.29770	-0.66705	0.59238	24.3	13111	100
2025-5-11 11:12:5.679	WTBenchPress#5(CEA7A127C8E8)	0.194	-1.358	-0.033	-6.775	-8.484	-5.371	-94.93	-6.33	126.79	7.448	15.190	-3.528	0.33969	-0.29770	-0.66705	0.59238	24.3	13111	100
2025-5-11 11:12:5.709	WTBenchPress#5(CEA7A127C8E8)	0.202	-1.288	0.048	-14.282	-9.338	-2.625	-95.10	-6.42	126.90	7.448	15.190	-3.528	0.33969	-0.29770	-0.66705	0.59238	24.3	13111	100
2025-5-11 11:12:5.709	WTBenchPress#5(CEA7A127C8E8)	0.185	-1.358	0.038	-14.038	-9.399	0.305	-95.37	-6.45	127.00	7.448	15.190	-3.528	0.33969	-0.29770	-0.66705	0.59238	24.3	13111	100
2025-5-11 11:12:5.741	WTBenchPress#5(CEA7A127C8E8)	0.161	-1.348	0.078	-8.240	-8.545	3.540	-95.59	-6.42	127.07	7.448	15.190	-3.528	0.33969	-0.29770	-0.66705	0.59238	24.3	13111	100
2025-5-11 11:12:5.741	WTBenchPress#5(CEA7A127C8E8)	0.146	-1.425	0.107	-12.451	-7.751	5.188	-95.73	-6.34	127.10	7.448	15.190	-3.528	0.33969	-0.29770	-0.66705	0.59238	24.3	13111	100
2025-5-11 11:12:5.808	WTBenchPress#5(CEA7A127C8E8)	0.130	-1.450	0.069	-16.479	-7.263	6.775	-95.94	-6.24	127.10	7.448	15.190	-3.528	0.33969	-0.29770	-0.66705	0.59238	24.3	13111	100
2025-5-11 11:12:5.808	WTBenchPress#5(CEA7A127C8E8)	0.114	-1.423	0.050	-14.709	-6.836	7.996	-96.19	-6.10	127.06	7.448	15.190	-3.528	0.33969	-0.29770	-0.66705	0.59238	24.3	13111	100
2025-5-11 11:12:5.831	WTBenchPress#5(CEA7A127C8E8)	0.104	-1.410	0.083	-14.526	-6.226	8.240	-96.41	-5.95	127.00	6.468	13.916	-3.528	0.33969	-0.29770	-0.66705	0.59238	24.3	13111	100
2025-5-11 11:12:5.831	WTBenchPress#5(CEA7A127C8E8)	0.104	-1.413	0.096	-11.719	-4.700	8.179	-96.58	-5.79	126.90	6.468	13.916	-3.528	0.33969	-0.29770	-0.66705	0.59238	24.3	13111	100
2025-5-11 11:12:5.889	WTBenchPress#5(CEA7A127C8E8)	0.097	-1.475	0.071	-9.094	-2.380	7.874	-96.69	-5.64	126.74	6.468	13.916	-3.528	0.33969	-0.29770	-0.66705	0.59238	24.3	13111	100
2025-5-11 11:12:5.889	WTBenchPress#5(CEA7A127C8E8)	0.076	-1.474	0.011	-6.104	-0.671	7.141	-96.74	-5.50	126.55	6.468	13.916	-3.528	0.33969	-0.29770	-0.66705	0.59238	24.3	13111	100
2025-5-11 11:12:5.921	WTBenchPress#5(CEA7A127C8E8)	0.069	-1.428	-0.011	-7.813	0.122	5.920	-96.78	-5.38	126.33	6.468	13.916	-3.528	0.33969	-0.29770	-0.66705	0.59238	24.3	13111	100
2025-5-11 11:12:5.921	WTBenchPress#5(CEA7A127C8E8)	0.089	-1.388	-0.040	-7.507	0.977	4.761	-96.83	-5.28	126.11	6.468	13.916	-3.528	0.33969	-0.29770	-0.66705	0.59238	24.3	13111	100
2025-5-11 11:12:5.979	WTBenchPress#5(CEA7A127C8E8)	0.094	-1.409	-0.047	-0.732	2.258	3.906	-96.82	-5.21	125.88	6.468	13.916	-3.528	0.33969	-0.29770	-0.66705	0.59238	24.3	13111	100
2025-5-11 11:12:5.980	WTBenchPress#5(CEA7A127C8E8)	0.065	-1.469	-0.086	6.897	3.479	3.235	-96.66	-5.14	125.63	6.468	13.916	-3.528	0.33969	-0.29770	-0.66705	0.59238	24.3	13111	100
2025-5-11 11:12:6.8	WTBenchPress#5(CEA7A127C8E8)	0.042	-1.481	-0.107	16.052	4.639	3.296	-96.35	-5.08	125.38	6.468	13.916	-3.528	0.33969	-0.29770	-0.66705	0.59238	24.3	13111	100
2025-5-11 11:12:6.8	WTBenchPress#5(CEA7A127C8E8)	0.047	-1.468	-0.091	21.240	5.737	4.028	-95.91	-5.02	125.13	6.468	13.916	-3.528	0.33969	-0.29770	-0.66705	0.59238	24.3	13111	100
2025-5-11 11:12:6.41	WTBenchPress#5(CEA7A127C8E8)	0.052	-1.432	-0.058	27.039	6.836	5.066	-95.37	-4.92	124.88	6.468	13.916	-3.528	0.33987	-0.31619	-0.66730	0.58234	24.3	13111	100
2025-5-11 11:12:6.42	WTBenchPress#5(CEA7A127C8E8)	0.044	-1.416	0.002	28.198	7.385	5.493	-94.76	-4.81	124.63	6.468	13.916	-3.528	0.33987	-0.31619	-0.66730	0.58234	24.3	13111	100
2025-5-11 11:12:6.71	WTBenchPress#5(CEA7A127C8E8)	0.048	-1.367	0.036	26.672	7.568	5.371	-94.16	-4.69	124.38	6.468	13.916	-3.528	0.33987	-0.31619	-0.66730	0.58234	24.3	13111	100
2025-5-11 11:12:6.71	WTBenchPress#5(CEA7A127C8E8)	0.057	-1.333	0.063	17.334	7.629	4.883	-93.66	-4.58	124.14	6.468	13.916	-3.528	0.33987	-0.31619	-0.66730	0.58234	24.3	13111	100
2025-5-11 11:12:6.130	WTBenchPress#5(CEA7A127C8E8)	0.044	-1.348	0.024	3.845	7.751	3.784	-93.40	-4.48	123.90	6.468	13.916	-3.528	0.33987	-0.31619	-0.66730	0.58234	24.3	13111	100
2025-5-11 11:12:6.130	WTBenchPress#5(CEA7A127C8E8)	0.038	-1.283	0.023	-0.427	8.240	3.662	-93.31	-4.40	123.66	6.468	13.916	-3.528	0.33987	-0.31619	-0.66730	0.58234	24.3	13111	100
2025-5-11 11:12:6.158	WTBenchPress#5(CEA7A127C8E8)	0.012	-1.229	0.056	3.113	8.728	4.456	-93.23	-4.31	123.41	6.468	13.916	-3.528	0.33987	-0.31619	-0.66730	0.58234	24.3	13111	100
2025-5-11 11:12:6.158	WTBenchPress#5(CEA7A127C8E8)	0.051	-1.143	0.062	5.859	9.521	3.784	-93.08	-4.21	123.14	6.468	13.916	-3.528	0.33987	-0.31619	-0.66730	0.58234	24.3	13111	100
2025-5-11 11:12:6.191	WTBenchPress#5(CEA7A127C8E8)	0.110	-1.154	-0.061	10.010	10.132	1.648	-92.86	-4.15	122.86	6.468	13.916	-3.528	0.33987	-0.31619	-0.66730	0.58234	24.3	13111	100
2025-5-11 11:12:6.191	WTBenchPress#5(CEA7A127C8E8)	0.119	-1.141	-0.249	20.630	8.972	1.160	-92.50	-4.11	122.59	6.468	13.916	-3.528	0.33987	-0.31619	-0.66730	0.58234	24.3	13111	100
2025-5-11 11:12:6.251	WTBenchPress#5(CEA7A127C8E8)	0.171	-1.085	-0.216	23.193	4.944	1.770	-92.05	-4.07	122.40	7.938	14.210	-4.116	0.33987	-0.31619	-0.66730	0.58234	24.3	13111	100
2025-5-11 11:12:6.251	WTBenchPress#5(CEA7A127C8E8)	0.182	-1.093	-0.161	2.686	-0.488	1.648	-91.91	-4.03	122.35	7.938	14.210	-4.116	0.33987	-0.31619	-0.66730	0.58234	24.3	13111	100
2025-5-11 11:12:6.279	WTBenchPress#5(CEA7A127C8E8)	0.128	-0.923	-0.233	-11.475	-4.333	-0.061	-92.11	-4.03	122.38	7.938	14.210	-4.116	0.33987	-0.31619	-0.66730	0.58234	24.3	13111	100
2025-5-11 11:12:6.279	WTBenchPress#5(CEA7A127C8E8)	0.175	-0.827	-0.132	9.094	-4.028	-3.723	-92.08	-4.09	122.44	7.938	14.210	-4.116	0.33987	-0.31619	-0.66730	0.58234	24.3	13111	100
2025-5-11 11:12:6.308	WTBenchPress#5(CEA7A127C8E8)	0.157	-0.947	0.023	26.672	-2.441	-4.883	-91.68	-4.21	122.46	7.938	14.210	-4.116	0.33987	-0.31619	-0.66730	0.58234	24.3	13111	100
2025-5-11 11:12:6.308	WTBenchPress#5(CEA7A127C8E8)	0.062	-0.969	0.064	9.521	-3.601	-5.432	-91.44	-4.33	122.46	7.938	14.210	-4.116	0.33987	-0.31619	-0.66730	0.58234	24.3	13111	100
2025-5-11 11:12:6.369	WTBenchPress#5(CEA7A127C8E8)	0.013	-0.922	0.094	-11.230	-4.089	-5.981	-91.59	-4.48	122.45	7.938	14.210	-4.116	0.33987	-0.31619	-0.66730	0.58234	24.3	13111	100
2025-5-11 11:12:6.369	WTBenchPress#5(CEA7A127C8E8)	0.011	-0.932	0.067	-12.024	-1.099	-3.967	-91.82	-4.59	122.38	7.938	14.210	-4.116	0.33987	-0.31619	-0.66730	0.58234	24.3	13111	100
2025-5-11 11:12:6.400	WTBenchPress#5(CEA7A127C8E8)	0.017	-1.015	0.002	-0.427	0.977	-1.465	-91.88	-4.64	122.24	7.938	14.210	-4.116	0.33987	-0.31619	-0.66730	0.58234	24.3	13111	100
2025-5-11 11:12:6.400	WTBenchPress#5(CEA7A127C8E8)	-0.025	-0.965	-0.038	4.517	0.366	0.061	-91.80	-4.64	122.11	7.938	14.210	-4.116	0.36224	-0.32315	-0.64142	0.59399	24.3	13111	100
2025-5-11 11:12:6.430	WTBenchPress#5(CEA7A127C8E8)	0.024	-0.897	-0.012	-5.859	-0.549	0.000	-91.85	-4.63	122.00	7.938	14.210	-4.116	0.36224	-0.32315	-0.64142	0.59399	24.3	13111	100
2025-5-11 11:12:6.430	WTBenchPress#5(CEA7A127C8E8)	0.072	-0.987	-0.119	-8.057	-0.488	3.479	-91.99	-4.55	121.91	7.938	14.210	-4.116	0.36224	-0.32315	-0.64142	0.59399	24.3	13111	100
2025-5-11 11:12:6.488	WTBenchPress#5(CEA7A127C8E8)	0.153	-0.968	-0.053	-1.160	-0.793	8.789	-92.05	-4.38	121.83	7.938	14.210	-4.116	0.36224	-0.32315	-0.64142	0.59399	24.3	13111	100
2025-5-11 11:12:6.488	WTBenchPress#5(CEA7A127C8E8)	0.190	-0.938	-0.050	-3.479	-0.366	11.475	-92.11	-4.16	121.73	7.938	14.210	-4.116	0.36224	-0.32315	-0.64142	0.59399	24.3	13111	100
2025-5-11 11:12:6.520	WTBenchPress#5(CEA7A127C8E8)	0.186	-0.876	-0.091	-8.545	0.061	12.817	-92.26	-3.92	121.62	7.938	14.210	-4.116	0.36224	-0.32315	-0.64142	0.59399	24.3	13111	100
2025-5-11 11:12:6.520	WTBenchPress#5(CEA7A127C8E8)	0.203	-0.789	-0.063	-11.536	0.977	12.268	-92.48	-3.70	121.50	7.938	14.210	-4.116	0.36224	-0.32315	-0.64142	0.59399	24.3	13111	100
2025-5-11 11:12:6.549	WTBenchPress#5(CEA7A127C8E8)	0.191	-0.835	-0.066	-2.991	1.770	11.902	-92.60	-3.50	121.34	7.938	14.210	-4.116	0.36224	-0.32315	-0.64142	0.59399	24.3	13111	100
2025-5-11 11:12:6.550	WTBenchPress#5(CEA7A127C8E8)	0.125	-0.808	-0.087	6.653	0.061	12.329	-92.53	-3.31	121.21	7.938	14.210	-4.116	0.36224	-0.32315	-0.64142	0.59399	24.3	13111	100
2025-5-11 11:12:6.609	WTBenchPress#5(CEA7A127C8E8)	0.052	-0.794	-0.038	4.456	-2.319	10.864	-92.45	-3.15	121.12	7.938	14.210	-4.116	0.36224	-0.32315	-0.64142	0.59399	24.3	13111	100
2025-5-11 11:12:6.609	WTBenchPress#5(CEA7A127C8E8)	0.004	-0.751	0.009	-17.090	-3.235	7.080	-92.70	-3.06	121.05	7.938	14.210	-4.116	0.36224	-0.32315	-0.64142	0.59399	24.3	13111	100
2025-5-11 11:12:6.642	WTBenchPress#5(CEA7A127C8E8)	-0.021	-0.721	-0.159	-32.288	-1.770	2.258	-93.29	-3.04	120.97	8.134	18.032	-2.842	0.36224	-0.32315	-0.64142	0.59399	24.3	13111	100
2025-5-11 11:12:6.642	WTBenchPress#5(CEA7A127C8E8)	-0.054	-0.816	-0.249	-9.827	1.709	1.526	-93.62	-3.04	120.87	8.134	18.032	-2.842	0.36224	-0.32315	-0.64142	0.59399	24.3	13111	100
2025-5-11 11:12:6.671	WTBenchPress#5(CEA7A127C8E8)	-0.117	-0.813	-0.189	9.277	3.601	2.563	-93.48	-3.02	120.75	8.134	18.032	-2.842	0.36224	-0.32315	-0.64142	0.59399	24.3	13111	100
2025-5-11 11:12:6.671	WTBenchPress#5(CEA7A127C8E8)	-0.137	-0.743	-0.020	2.319	3.479	2.563	-93.47	-2.96	120.66	8.134	18.032	-2.842	0.36224	-0.32315	-0.64142	0.59399	24.3	13111	100
2025-5-11 11:12:6.729	WTBenchPress#5(CEA7A127C8E8)	-0.104	-0.681	0.029	-20.325	2.441	-0.244	-93.89	-2.94	120.58	8.134	18.032	-2.842	0.36224	-0.32315	-0.64142	0.59399	24.3	13111	100
2025-5-11 11:12:6.730	WTBenchPress#5(CEA7A127C8E8)	-0.045	-0.720	0.024	-19.287	2.136	-1.343	-94.28	-2.92	120.50	8.134	18.032	-2.842	0.36224	-0.32315	-0.64142	0.59399	24.3	13111	100
2025-5-11 11:12:6.760	WTBenchPress#5(CEA7A127C8E8)	-0.060	-0.349	0.068	0.366	3.784	-1.343	-94.24	-2.89	120.35	8.134	18.032	-2.842	0.36224	-0.32315	-0.64142	0.59399	24.3	13111	100
2025-5-11 11:12:6.760	WTBenchPress#5(CEA7A127C8E8)	-0.033	-0.660	0.256	4.211	4.639	-3.235	-94.09	-2.89	120.11	8.134	18.032	-2.842	0.36224	-0.32315	-0.64142	0.59399	24.3	13111	100
2025-5-11 11:12:6.790	WTBenchPress#5(CEA7A127C8E8)	-0.009	-0.706	0.311	-7.751	3.723	-5.920	-94.11	-2.97	119.77	8.134	18.032	-2.842	0.36224	-0.32315	-0.64142	0.59399	24.3	13111	100
2025-5-11 11:12:6.790	WTBenchPress#5(CEA7A127C8E8)	0.010	-0.775	0.237	-14.526	2.808	-8.179	-94.25	-3.11	119.38	8.134	18.032	-2.842	0.36224	-0.32315	-0.64142	0.59399	24.3	13111	100
2025-5-11 11:12:6.849	WTBenchPress#5(CEA7A127C8E8)	0.025	-0.854	0.180	-11.780	2.502	-9.583	-94.31	-3.28	118.96	8.134	18.032	-2.842	0.36481	-0.35614	-0.64090	0.57376	24.3	13111	100
2025-5-11 11:12:6.849	WTBenchPress#5(CEA7A127C8E8)	0.053	-0.965	0.156	-10.315	3.052	-9.216	-94.33	-3.47	118.53	8.134	18.032	-2.842	0.36481	-0.35614	-0.64090	0.57376	24.3	13111	100
2025-5-11 11:12:6.878	WTBenchPress#5(CEA7A127C8E8)	0.091	-1.037	0.101	-2.380	4.211	-7.996	-94.22	-3.63	118.09	8.134	18.032	-2.842	0.36481	-0.35614	-0.64090	0.57376	24.3	13111	100
2025-5-11 11:12:6.878	WTBenchPress#5(CEA7A127C8E8)	0.132	-1.077	0.080	5.554	5.127	-7.141	-93.95	-3.77	117.67	8.134	18.032	-2.842	0.36481	-0.35614	-0.64090	0.57376	24.3	13111	100
2025-5-11 11:12:6.909	WTBenchPress#5(CEA7A127C8E8)	0.159	-1.088	0.050	4.272	5.310	-7.019	-93.73	-3.92	117.28	8.134	18.032	-2.842	0.36481	-0.35614	-0.64090	0.57376	24.3	13111	100
2025-5-11 11:12:6.909	WTBenchPress#5(CEA7A127C8E8)	0.178	-1.138	-0.004	-2.197	5.310	-6.653	-93.65	-4.07	116.94	8.134	18.032	-2.842	0.36481	-0.35614	-0.64090	0.57376	24.3	13111	100
2025-5-11 11:12:6.968	WTBenchPress#5(CEA7A127C8E8)	0.182	-1.164	-0.092	-3.723	5.737	-5.737	-93.64	-4.21	116.63	8.134	18.032	-2.842	0.36481	-0.35614	-0.64090	0.57376	24.3	13111	100
2025-5-11 11:12:6.968	WTBenchPress#5(CEA7A127C8E8)	0.181	-1.188	-0.152	4.822	7.080	-4.028	-93.47	-4.31	116.36	8.134	18.032	-2.842	0.36481	-0.35614	-0.64090	0.57376	24.3	13111	100
2025-5-11 11:12:6.999	WTBenchPress#5(CEA7A127C8E8)	0.161	-1.182	-0.157	13.672	8.423	-2.808	-93.15	-4.40	116.11	8.134	18.032	-2.842	0.36481	-0.35614	-0.64090	0.57376	24.3	13111	100
2025-5-11 11:12:6.999	WTBenchPress#5(CEA7A127C8E8)	0.113	-1.185	-0.174	11.230	8.545	-2.502	-92.90	-4.48	115.89	8.134	18.032	-2.842	0.36481	-0.35614	-0.64090	0.57376	24.3	13111	100
2025-5-11 11:12:7.30	WTBenchPress#5(CEA7A127C8E8)	0.076	-1.188	-0.234	12.817	7.751	-1.709	-92.64	-4.55	115.74	8.134	18.032	-2.842	0.36481	-0.35614	-0.64090	0.57376	24.3	13111	100
2025-5-11 11:12:7.30	WTBenchPress#5(CEA7A127C8E8)	0.050	-1.187	-0.195	25.635	6.653	0.183	-92.15	-4.56	115.66	7.056	18.228	-3.724	0.36481	-0.35614	-0.64090	0.57376	24.3	13111	100
2025-5-11 11:12:7.88	WTBenchPress#5(CEA7A127C8E8)	0.034	-1.195	-0.032	31.677	6.042	2.258	-91.54	-4.54	115.60	7.056	18.228	-3.724	0.36481	-0.35614	-0.64090	0.57376	24.3	13111	100
2025-5-11 11:12:7.88	WTBenchPress#5(CEA7A127C8E8)	0.059	-1.128	0.008	10.376	4.700	5.066	-91.18	-4.45	115.57	7.056	18.228	-3.724	0.36481	-0.35614	-0.64090	0.57376	24.3	13111	100
2025-5-11 11:12:7.118	WTBenchPress#5(CEA7A127C8E8)	0.077	-1.144	0.007	-3.479	3.906	6.042	-91.05	-4.35	115.56	7.056	18.228	-3.724	0.36481	-0.35614	-0.64090	0.57376	24.3	13111	100
2025-5-11 11:12:7.118	WTBenchPress#5(CEA7A127C8E8)	0.072	-1.150	-0.070	-3.723	4.028	7.202	-91.14	-4.22	115.56	7.056	18.228	-3.724	0.36481	-0.35614	-0.64090	0.57376	24.3	13111	100
2025-5-11 11:12:7.150	WTBenchPress#5(CEA7A127C8E8)	0.085	-1.077	-0.090	1.038	4.517	8.179	-91.20	-4.08	115.56	7.056	18.228	-3.724	0.36481	-0.35614	-0.64090	0.57376	24.3	13111	100
2025-5-11 11:12:7.150	WTBenchPress#5(CEA7A127C8E8)	0.082	-1.094	-0.125	-3.784	4.456	7.690	-91.22	-3.92	115.56	7.056	18.228	-3.724	0.36481	-0.35614	-0.64090	0.57376	24.3	13111	100
2025-5-11 11:12:7.209	WTBenchPress#5(CEA7A127C8E8)	0.062	-1.075	-0.182	-2.258	4.028	7.263	-91.31	-3.77	115.58	7.056	18.228	-3.724	0.36481	-0.35614	-0.64090	0.57376	24.3	13111	100
2025-5-11 11:12:7.209	WTBenchPress#5(CEA7A127C8E8)	0.033	-1.074	-0.145	-1.953	3.296	6.592	-91.38	-3.64	115.61	7.056	18.228	-3.724	0.36481	-0.35614	-0.64090	0.57376	24.3	13111	100
2025-5-11 11:12:7.271	WTBenchPress#5(CEA7A127C8E8)	0.005	-1.067	-0.139	-0.061	2.869	5.432	-91.46	-3.52	115.69	7.056	18.228	-3.724	0.38995	-0.36273	-0.61731	0.57892	24.3	13111	100
2025-5-11 11:12:7.272	WTBenchPress#5(CEA7A127C8E8)	-0.005	-1.022	-0.063	-2.075	2.441	3.845	-91.51	-3.43	115.77	7.056	18.228	-3.724	0.38995	-0.36273	-0.61731	0.57892	24.3	13111	100
2025-5-11 11:12:7.307	WTBenchPress#5(CEA7A127C8E8)	-0.008	-1.036	-0.050	-11.353	1.709	1.892	-91.64	-3.36	115.86	7.056	18.228	-3.724	0.38995	-0.36273	-0.61731	0.57892	24.3	13111	100
2025-5-11 11:12:7.307	WTBenchPress#5(CEA7A127C8E8)	0.001	-1.036	-0.079	-4.578	1.465	1.709	-91.87	-3.32	115.97	7.056	18.228	-3.724	0.38995	-0.36273	-0.61731	0.57892	24.3	13111	100
2025-5-11 11:12:7.330	WTBenchPress#5(CEA7A127C8E8)	0.012	-1.005	-0.022	3.113	1.038	2.502	-91.96	-3.27	116.08	7.056	18.228	-3.724	0.38995	-0.36273	-0.61731	0.57892	24.3	13111	100
2025-5-11 11:12:7.330	WTBenchPress#5(CEA7A127C8E8)	0.034	-0.952	0.046	-6.958	-0.854	2.319	-91.98	-3.20	116.20	7.056	18.228	-3.724	0.38995	-0.36273	-0.61731	0.57892	24.3	13111	100
2025-5-11 11:12:7.359	WTBenchPress#5(CEA7A127C8E8)	0.044	-0.911	0.041	-18.188	-2.747	0.793	-92.19	-3.15	116.33	7.056	18.228	-3.724	0.38995	-0.36273	-0.61731	0.57892	24.3	13111	100
2025-5-11 11:12:7.359	WTBenchPress#5(CEA7A127C8E8)	0.045	-0.938	0.041	-22.522	-2.869	-1.160	-92.57	-3.12	116.47	7.056	18.228	-3.724	0.38995	-0.36273	-0.61731	0.57892	24.3	13111	100
2025-5-11 11:12:7.419	WTBenchPress#5(CEA7A127C8E8)	0.039	-0.939	0.002	-18.066	-1.404	-1.892	-92.99	-3.13	116.58	7.056	18.228	-3.724	0.38995	-0.36273	-0.61731	0.57892	24.3	13111	100
2025-5-11 11:12:7.419	WTBenchPress#5(CEA7A127C8E8)	0.043	-0.929	0.024	-16.846	-0.183	-2.441	-93.32	-3.15	116.65	7.056	18.228	-3.724	0.38995	-0.36273	-0.61731	0.57892	24.3	13111	100
2025-5-11 11:12:7.451	WTBenchPress#5(CEA7A127C8E8)	0.025	-0.952	0.017	-10.254	0.916	-2.930	-93.59	-3.19	116.68	7.742	19.992	-4.410	0.38995	-0.36273	-0.61731	0.57892	24.3	13111	100
2025-5-11 11:12:7.451	WTBenchPress#5(CEA7A127C8E8)	0.029	-0.932	0.120	-5.371	1.831	-3.357	-93.72	-3.24	116.67	7.742	19.992	-4.410	0.38995	-0.36273	-0.61731	0.57892	24.3	13111	100
2025-5-11 11:12:7.481	WTBenchPress#5(CEA7A127C8E8)	0.033	-0.978	0.121	-10.986	2.869	-3.540	-93.80	-3.29	116.61	7.742	19.992	-4.410	0.38995	-0.36273	-0.61731	0.57892	24.3	13111	100
2025-5-11 11:12:7.481	WTBenchPress#5(CEA7A127C8E8)	0.053	-0.996	0.079	-10.010	3.662	-2.686	-93.94	-3.35	116.51	7.742	19.992	-4.410	0.38995	-0.36273	-0.61731	0.57892	24.3	13111	100
2025-5-11 11:12:7.539	WTBenchPress#5(CEA7A127C8E8)	0.115	-1.002	0.023	-7.813	4.028	-1.831	-94.04	-3.38	116.37	7.742	19.992	-4.410	0.38995	-0.36273	-0.61731	0.57892	24.3	13111	100
2025-5-11 11:12:7.539	WTBenchPress#5(CEA7A127C8E8)	0.100	-1.054	-0.109	6.165	4.456	0.061	-93.98	-3.39	116.23	7.742	19.992	-4.410	0.38995	-0.36273	-0.61731	0.57892	24.3	13111	100
2025-5-11 11:12:7.569	WTBenchPress#5(CEA7A127C8E8)	0.076	-1.035	-0.013	-1.221	3.052	1.343	-93.87	-3.38	116.13	7.742	19.992	-4.410	0.38995	-0.36273	-0.61731	0.57892	24.3	13111	100
2025-5-11 11:12:7.569	WTBenchPress#5(CEA7A127C8E8)	0.008	-1.060	-0.131	-3.845	0.732	3.601	-93.87	-3.34	116.07	7.742	19.992	-4.410	0.38995	-0.36273	-0.61731	0.57892	24.3	13111	100
2025-5-11 11:12:7.605	WTBenchPress#5(CEA7A127C8E8)	-0.013	-1.073	-0.248	14.587	-0.671	5.066	-93.73	-3.25	116.08	7.742	19.992	-4.410	0.38995	-0.36273	-0.61731	0.57892	24.3	13111	100
2025-5-11 11:12:7.605	WTBenchPress#5(CEA7A127C8E8)	-0.029	-1.018	-0.132	33.142	-1.099	5.615	-93.25	-3.14	116.17	7.742	19.992	-4.410	0.38995	-0.36273	-0.61731	0.57892	24.3	13111	100
2025-5-11 11:12:7.661	WTBenchPress#5(CEA7A127C8E8)	0.007	-0.986	0.035	30.029	-0.183	5.554	-92.63	-3.02	116.28	7.742	19.992	-4.410	0.38065	-0.36511	-0.62210	0.57852	24.3	13111	100
2025-5-11 11:12:7.661	WTBenchPress#5(CEA7A127C8E8)	0.042	-0.975	-0.103	1.587	0.366	4.761	-92.33	-2.90	116.39	7.742	19.992	-4.410	0.38065	-0.36511	-0.62210	0.57852	24.3	13111	100
2025-5-11 11:12:7.690	WTBenchPress#5(CEA7A127C8E8)	0.082	-0.926	-0.002	-3.662	0.916	4.517	-92.36	-2.80	116.50	7.742	19.992	-4.410	0.38065	-0.36511	-0.62210	0.57852	24.3	13111	100
2025-5-11 11:12:7.690	WTBenchPress#5(CEA7A127C8E8)	0.098	-0.933	-0.117	-17.151	1.221	2.991	-92.58	-2.71	116.59	7.742	19.992	-4.410	0.38065	-0.36511	-0.62210	0.57852	24.3	13111	100
2025-5-11 11:12:7.720	WTBenchPress#5(CEA7A127C8E8)	0.095	-0.958	-0.077	-21.240	1.526	1.892	-92.97	-2.66	116.69	7.742	19.992	-4.410	0.38065	-0.36511	-0.62210	0.57852	24.3	13111	100
2025-5-11 11:12:7.720	WTBenchPress#5(CEA7A127C8E8)	0.068	-1.002	-0.168	-10.132	2.502	1.465	-93.30	-2.63	116.75	7.742	19.992	-4.410	0.38065	-0.36511	-0.62210	0.57852	24.3	13111	100
2025-5-11 11:12:7.780	WTBenchPress#5(CEA7A127C8E8)	0.043	-1.028	-0.064	-4.395	3.174	0.977	-93.46	-2.62	116.82	7.742	19.992	-4.410	0.38065	-0.36511	-0.62210	0.57852	24.3	13111	100
2025-5-11 11:12:7.780	WTBenchPress#5(CEA7A127C8E8)	0.021	-1.020	-0.063	-4.089	3.784	0.610	-93.55	-2.61	116.86	7.742	19.992	-4.410	0.38065	-0.36511	-0.62210	0.57852	24.3	13111	100
2025-5-11 11:12:7.809	WTBenchPress#5(CEA7A127C8E8)	0.026	-0.768	0.006	-8.850	3.967	-0.122	-93.69	-2.63	116.89	7.742	19.992	-4.410	0.38065	-0.36511	-0.62210	0.57852	24.3	13111	100
2025-5-11 11:12:7.809	WTBenchPress#5(CEA7A127C8E8)	0.046	-0.816	0.106	-25.757	3.418	-1.953	-94.02	-2.65	116.92	7.742	19.992	-4.410	0.38065	-0.36511	-0.62210	0.57852	24.3	13111	100
2025-5-11 11:12:7.839	WTBenchPress#5(CEA7A127C8E8)	0.049	-0.975	0.150	-49.011	2.441	-3.662	-94.73	-2.71	116.92	7.742	19.992	-4.410	0.38065	-0.36511	-0.62210	0.57852	24.3	13111	100
2025-5-11 11:12:7.840	WTBenchPress#5(CEA7A127C8E8)	0.040	-1.042	0.065	-49.438	2.747	-3.967	-95.65	-2.80	116.88	7.742	21.266	-4.312	0.38065	-0.36511	-0.62210	0.57852	24.3	13111	100
2025-5-11 11:12:7.906	WTBenchPress#5(CEA7A127C8E8)	0.021	-1.027	0.024	-37.048	4.028	-4.089	-96.43	-2.88	116.78	7.742	21.266	-4.312	0.38065	-0.36511	-0.62210	0.57852	24.3	13111	100
2025-5-11 11:12:7.906	WTBenchPress#5(CEA7A127C8E8)	-0.000	-1.008	-0.028	-22.461	5.493	-4.395	-96.93	-2.98	116.64	7.742	21.266	-4.312	0.38065	-0.36511	-0.62210	0.57852	24.3	13111	100
2025-5-11 11:12:7.929	WTBenchPress#5(CEA7A127C8E8)	-0.013	-0.996	-0.035	-10.498	7.446	-4.517	-97.16	-3.08	116.47	7.742	21.266	-4.312	0.38065	-0.36511	-0.62210	0.57852	24.3	13111	100
2025-5-11 11:12:7.929	WTBenchPress#5(CEA7A127C8E8)	-0.010	-0.999	-0.056	0.610	9.460	-4.211	-97.11	-3.17	116.26	7.742	21.266	-4.312	0.38065	-0.36511	-0.62210	0.57852	24.3	13111	100
2025-5-11 11:12:7.961	WTBenchPress#5(CEA7A127C8E8)	0.001	-1.001	-0.060	12.573	11.353	-3.479	-96.83	-3.25	116.04	7.742	21.266	-4.312	0.38065	-0.36511	-0.62210	0.57852	24.3	13111	100
2025-5-11 11:12:7.961	WTBenchPress#5(CEA7A127C8E8)	0.011	-1.007	-0.047	26.367	12.756	-2.686	-96.30	-3.31	115.80	7.742	21.266	-4.312	0.38065	-0.36511	-0.62210	0.57852	24.3	13111	100
2025-5-11 11:12:8.22	WTBenchPress#5(CEA7A127C8E8)	0.023	-1.011	0.009	35.828	13.428	-2.014	-95.55	-3.35	115.57	7.742	21.266	-4.312	0.38065	-0.36511	-0.62210	0.57852	24.3	13111	100
2025-5-11 11:12:8.22	WTBenchPress#5(CEA7A127C8E8)	0.037	-1.009	0.043	36.926	13.672	-1.465	-94.75	-3.37	115.34	7.742	21.266	-4.312	0.38065	-0.36511	-0.62210	0.57852	24.3	13111	100
2025-5-11 11:12:8.51	WTBenchPress#5(CEA7A127C8E8)	0.056	-1.017	0.067	35.034	13.672	-1.465	-93.98	-3.39	115.12	7.742	21.266	-4.312	0.38397	-0.37497	-0.62769	0.56378	24.3	13111	100
2025-5-11 11:12:8.51	WTBenchPress#5(CEA7A127C8E8)	0.071	-1.047	0.095	31.006	14.221	-1.221	-93.27	-3.41	114.90	7.742	21.266	-4.312	0.38397	-0.37497	-0.62769	0.56378	24.3	13111	100
2025-5-11 11:12:8.81	WTBenchPress#5(CEA7A127C8E8)	0.069	-1.054	0.073	31.067	15.503	0.488	-92.58	-3.40	114.65	7.742	21.266	-4.312	0.38397	-0.37497	-0.62769	0.56378	24.3	13111	100
2025-5-11 11:12:8.81	WTBenchPress#5(CEA7A127C8E8)	0.061	-1.031	0.029	37.415	17.029	2.075	-91.80	-3.36	114.40	7.742	21.266	-4.312	0.38397	-0.37497	-0.62769	0.56378	24.3	13111	100
2025-5-11 11:12:8.139	WTBenchPress#5(CEA7A127C8E8)	0.062	-1.007	0.041	43.274	17.395	1.770	-90.91	-3.32	114.15	7.742	21.266	-4.312	0.38397	-0.37497	-0.62769	0.56378	24.3	13111	100
2025-5-11 11:12:8.140	WTBenchPress#5(CEA7A127C8E8)	0.058	-0.997	0.127	33.997	18.127	0.122	-90.13	-3.30	113.92	7.742	21.266	-4.312	0.38397	-0.37497	-0.62769	0.56378	24.3	13111	100
2025-5-11 11:12:8.169	WTBenchPress#5(CEA7A127C8E8)	0.082	-0.976	0.102	20.752	16.235	-2.930	-89.59	-3.33	113.71	7.742	21.266	-4.312	0.38397	-0.37497	-0.62769	0.56378	24.3	13111	100
2025-5-11 11:12:8.169	WTBenchPress#5(CEA7A127C8E8)	0.090	-0.992	0.135	11.658	13.245	-6.348	-89.26	-3.43	113.57	7.742	21.266	-4.312	0.38397	-0.37497	-0.62769	0.56378	24.3	13111	100
2025-5-11 11:12:8.204	WTBenchPress#5(CEA7A127C8E8)	0.113	-0.984	0.132	5.188	11.047	-8.606	-89.07	-3.58	113.46	7.742	21.266	-4.312	0.38397	-0.37497	-0.62769	0.56378	24.3	13111	100
2025-5-11 11:12:8.204	WTBenchPress#5(CEA7A127C8E8)	0.129	-1.060	0.075	0.549	9.094	-9.827	-88.97	-3.77	113.41	7.742	21.266	-4.312	0.38397	-0.37497	-0.62769	0.56378	24.3	13111	100
2025-5-11 11:12:8.289	WTBenchPress#5(CEA7A127C8E8)	0.135	-1.057	0.004	4.456	7.385	-7.996	-88.85	-3.93	113.40	7.840	19.698	-8.526	0.38397	-0.37497	-0.62769	0.56378	24.3	13111	100
2025-5-11 11:12:8.290	WTBenchPress#5(CEA7A127C8E8)	0.130	-1.059	-0.029	16.174	6.348	-3.784	-88.55	-4.03	113.43	7.840	19.698	-8.526	0.38397	-0.37497	-0.62769	0.56378	24.3	13111	100
2025-5-11 11:12:8.290	WTBenchPress#5(CEA7A127C8E8)	0.129	-1.070	-0.052	33.813	5.615	1.038	-87.95	-4.05	113.52	7.840	19.698	-8.526	0.38397	-0.37497	-0.62769	0.56378	24.3	13111	100
2025-5-11 11:12:8.290	WTBenchPress#5(CEA7A127C8E8)	0.119	-1.091	-0.042	52.063	4.883	6.104	-87.00	-3.97	113.64	7.840	19.698	-8.526	0.38397	-0.37497	-0.62769	0.56378	24.3	13111	100
2025-5-11 11:12:8.319	WTBenchPress#5(CEA7A127C8E8)	0.092	-1.121	0.009	63.721	3.967	10.620	-85.81	-3.80	113.81	7.840	19.698	-8.526	0.38397	-0.37497	-0.62769	0.56378	24.3	13111	100
2025-5-11 11:12:8.319	WTBenchPress#5(CEA7A127C8E8)	0.069	-1.099	0.042	67.078	2.686	13.184	-84.52	-3.58	114.02	7.840	19.698	-8.526	0.38397	-0.37497	-0.62769	0.56378	24.3	13111	100
2025-5-11 11:12:8.378	WTBenchPress#5(CEA7A127C8E8)	0.050	-1.074	0.087	64.514	1.038	14.099	-83.29	-3.33	114.29	7.840	19.698	-8.526	0.38397	-0.37497	-0.62769	0.56378	24.3	13111	100
2025-5-11 11:12:8.378	WTBenchPress#5(CEA7A127C8E8)	0.025	-1.025	0.112	53.833	-1.099	13.367	-82.27	-3.10	114.61	7.840	19.698	-8.526	0.38397	-0.37497	-0.62769	0.56378	24.3	13111	100
2025-5-11 11:12:8.410	WTBenchPress#5(CEA7A127C8E8)	0.008	-0.991	0.090	44.067	-3.357	11.414	-81.45	-2.92	114.99	7.840	19.698	-8.526	0.38397	-0.37497	-0.62769	0.56378	24.3	13111	100
2025-5-11 11:12:8.411	WTBenchPress#5(CEA7A127C8E8)	-0.001	-0.961	0.081	37.476	-5.554	8.667	-80.78	-2.79	115.42	7.840	19.698	-8.526	0.38397	-0.37497	-0.62769	0.56378	24.3	13111	100
2025-5-11 11:12:8.439	WTBenchPress#5(CEA7A127C8E8)	-0.010	-0.944	0.081	31.250	-7.751	5.676	-80.23	-2.72	115.89	7.840	19.698	-8.526	0.38397	-0.37497	-0.62769	0.56378	24.3	13111	100
2025-5-11 11:12:8.439	WTBenchPress#5(CEA7A127C8E8)	-0.008	-0.967	0.088	24.719	-10.071	2.930	-79.82	-2.71	116.42	7.840	19.698	-8.526	0.41690	-0.32242	-0.55472	0.64374	24.3	13111	100
2025-5-11 11:12:8.505	WTBenchPress#5(CEA7A127C8E8)	-0.003	-0.996	0.066	18.311	-12.085	0.671	-79.54	-2.75	116.97	7.840	19.698	-8.526	0.41690	-0.32242	-0.55472	0.64374	24.3	13111	100
2025-5-11 11:12:8.505	WTBenchPress#5(CEA7A127C8E8)	0.001	-1.019	0.078	14.343	-13.855	-0.244	-79.35	-2.81	117.56	7.840	19.698	-8.526	0.41690	-0.32242	-0.55472	0.64374	24.3	13111	100
2025-5-11 11:12:8.529	WTBenchPress#5(CEA7A127C8E8)	0.004	-1.049	0.063	10.315	-15.320	-0.061	-79.24	-2.87	118.19	7.840	19.698	-8.526	0.41690	-0.32242	-0.55472	0.64374	24.3	13111	100
2025-5-11 11:12:8.529	WTBenchPress#5(CEA7A127C8E8)	0.004	-1.064	0.063	8.179	-16.602	1.038	-79.18	-2.91	118.84	7.840	19.698	-8.526	0.41690	-0.32242	-0.55472	0.64374	24.3	13111	100
2025-5-11 11:12:8.589	WTBenchPress#5(CEA7A127C8E8)	0.001	-1.060	0.053	8.850	-17.700	2.441	-79.11	-2.93	119.52	7.840	19.698	-8.526	0.41690	-0.32242	-0.55472	0.64374	24.3	13111	100
2025-5-11 11:12:8.589	WTBenchPress#5(CEA7A127C8E8)	-0.002	-1.038	0.064	10.376	-18.616	3.662	-79.01	-2.92	120.22	7.840	19.698	-8.526	0.41690	-0.32242	-0.55472	0.64374	24.3	13111	100
2025-5-11 11:12:8.618	WTBenchPress#5(CEA7A127C8E8)	-0.003	-1.027	0.091	9.338	-19.592	4.211	-78.94	-2.91	120.93	7.840	19.698	-8.526	0.41690	-0.32242	-0.55472	0.64374	24.3	13111	100
2025-5-11 11:12:8.618	WTBenchPress#5(CEA7A127C8E8)	0.000	-1.015	0.118	3.601	-20.752	3.906	-78.98	-2.90	121.66	7.840	19.698	-8.526	0.41690	-0.32242	-0.55472	0.64374	24.3	13111	100
2025-5-11 11:12:8.650	WTBenchPress#5(CEA7A127C8E8)	0.007	-1.003	0.142	-6.348	-21.973	2.991	-79.20	-2.91	122.40	7.840	19.698	-8.526	0.41690	-0.32242	-0.55472	0.64374	24.3	13111	100
2025-5-11 11:12:8.650	WTBenchPress#5(CEA7A127C8E8)	0.017	-1.003	0.152	-18.311	-23.193	1.953	-79.66	-2.94	123.15	7.840	16.660	-13.328	0.41690	-0.32242	-0.55472	0.64374	24.3	13111	100
2025-5-11 11:12:8.708	WTBenchPress#5(CEA7A127C8E8)	0.028	-1.020	0.150	-29.602	-24.292	1.160	-80.33	-2.98	123.89	7.840	16.660	-13.328	0.41690	-0.32242	-0.55472	0.64374	24.3	13111	100
2025-5-11 11:12:8.709	WTBenchPress#5(CEA7A127C8E8)	0.040	-1.038	0.158	-40.405	-25.208	0.610	-81.20	-3.02	124.63	7.840	16.660	-13.328	0.41690	-0.32242	-0.55472	0.64374	24.3	13111	100
2025-5-11 11:12:8.738	WTBenchPress#5(CEA7A127C8E8)	0.053	-1.053	0.143	-47.424	-25.818	0.610	-82.19	-3.07	125.36	7.840	16.660	-13.328	0.41690	-0.32242	-0.55472	0.64374	24.3	13111	100
2025-5-11 11:12:8.738	WTBenchPress#5(CEA7A127C8E8)	0.067	-1.075	0.140	-51.025	-26.123	1.282	-83.25	-3.08	126.07	7.840	16.660	-13.328	0.41690	-0.32242	-0.55472	0.64374	24.3	13111	100
2025-5-11 11:12:8.768	WTBenchPress#5(CEA7A127C8E8)	0.071	-1.062	0.135	-55.237	-26.184	3.479	-84.35	-3.07	126.75	7.840	16.660	-13.328	0.41690	-0.32242	-0.55472	0.64374	24.3	13111	100
2025-5-11 11:12:8.768	WTBenchPress#5(CEA7A127C8E8)	0.073	-1.070	0.126	-56.274	-26.184	4.150	-85.46	-3.03	127.40	7.840	16.660	-13.328	0.41690	-0.32242	-0.55472	0.64374	24.3	13111	100
2025-5-11 11:12:8.828	WTBenchPress#5(CEA7A127C8E8)	0.075	-1.066	0.125	-56.580	-26.062	4.333	-86.58	-2.97	128.01	7.840	16.660	-13.328	0.41690	-0.32242	-0.55472	0.64374	24.3	13111	100
2025-5-11 11:12:8.828	WTBenchPress#5(CEA7A127C8E8)	0.078	-1.042	0.108	-55.420	-25.818	4.272	-87.68	-2.90	128.57	7.840	16.660	-13.328	0.41690	-0.32242	-0.55472	0.64374	24.3	13111	100
2025-5-11 11:12:8.858	WTBenchPress#5(CEA7A127C8E8)	0.078	-1.016	0.091	-51.941	-25.574	4.028	-88.74	-2.83	129.08	7.840	16.660	-13.328	0.32138	-0.28461	-0.64041	0.63678	24.3	13111	100
2025-5-11 11:12:8.859	WTBenchPress#5(CEA7A127C8E8)	0.078	-1.012	0.087	-47.241	-25.146	3.784	-89.70	-2.77	129.55	7.840	16.660	-13.328	0.32138	-0.28461	-0.64041	0.63678	24.3	13111	100
2025-5-11 11:12:8.890	WTBenchPress#5(CEA7A127C8E8)	0.089	-1.018	0.092	-42.480	-24.597	3.357	-90.57	-2.70	129.96	7.840	16.660	-13.328	0.32138	-0.28461	-0.64041	0.63678	24.3	13111	100
2025-5-11 11:12:8.891	WTBenchPress#5(CEA7A127C8E8)	0.086	-1.030	0.085	-36.438	-23.865	3.052	-91.33	-2.65	130.31	7.840	16.660	-13.328	0.32138	-0.28461	-0.64041	0.63678	24.3	13111	100
2025-5-11 11:12:8.949	WTBenchPress#5(CEA7A127C8E8)	0.089	-1.027	0.103	-31.189	-22.949	3.052	-91.97	-2.60	130.61	7.840	16.660	-13.328	0.32138	-0.28461	-0.64041	0.63678	24.3	13111	100
2025-5-11 11:12:8.950	WTBenchPress#5(CEA7A127C8E8)	0.088	-1.035	0.109	-27.161	-22.034	3.296	-92.50	-2.55	130.85	7.840	16.660	-13.328	0.32138	-0.28461	-0.64041	0.63678	24.3	13111	100
2025-5-11 11:12:8.978	WTBenchPress#5(CEA7A127C8E8)	0.084	-1.040	0.109	-23.560	-20.874	3.601	-92.94	-2.50	131.03	7.840	16.660	-13.328	0.32138	-0.28461	-0.64041	0.63678	24.3	13111	100
2025-5-11 11:12:8.978	WTBenchPress#5(CEA7A127C8E8)	0.078	-1.030	0.107	-19.775	-19.714	4.089	-93.31	-2.45	131.13	7.840	16.660	-13.328	0.32138	-0.28461	-0.64041	0.63678	24.3	13111	100
2025-5-11 11:12:9.11	WTBenchPress#5(CEA7A127C8E8)	0.071	-1.015	0.106	-15.442	-18.433	4.456	-93.60	-2.40	131.18	7.840	16.660	-13.328	0.32138	-0.28461	-0.64041	0.63678	24.3	13111	100
2025-5-11 11:12:9.11	WTBenchPress#5(CEA7A127C8E8)	0.063	-1.009	0.104	-11.108	-17.090	4.639	-93.80	-2.33	131.17	7.840	16.660	-13.328	0.32138	-0.28461	-0.64041	0.63678	24.3	13111	100
2025-5-11 11:12:9.69	WTBenchPress#5(CEA7A127C8E8)	0.051	-0.996	0.091	-5.066	-15.686	4.333	-93.89	-2.27	131.11	6.762	20.384	-3.038	0.32138	-0.28461	-0.64041	0.63678	24.3	13111	100
2025-5-11 11:12:9.69	WTBenchPress#5(CEA7A127C8E8)	0.044	-0.985	0.083	2.197	-14.221	3.601	-93.87	-2.23	131.01	6.762	20.384	-3.038	0.32138	-0.28461	-0.64041	0.63678	24.3	13111	100
2025-5-11 11:12:9.104	WTBenchPress#5(CEA7A127C8E8)	0.032	-0.975	0.079	11.292	-12.695	2.747	-93.69	-2.20	130.87	6.762	20.384	-3.038	0.32138	-0.28461	-0.64041	0.63678	24.3	13111	100
2025-5-11 11:12:9.104	WTBenchPress#5(CEA7A127C8E8)	0.026	-0.981	0.084	19.470	-11.230	1.648	-93.33	-2.18	130.71	6.762	20.384	-3.038	0.32138	-0.28461	-0.64041	0.63678	24.3	13111	100
2025-5-11 11:12:9.129	WTBenchPress#5(CEA7A127C8E8)	0.020	-0.978	0.091	27.649	-9.705	0.366	-92.82	-2.19	130.52	6.762	20.384	-3.038	0.32138	-0.28461	-0.64041	0.63678	24.3	13111	100
2025-5-11 11:12:9.129	WTBenchPress#5(CEA7A127C8E8)	0.015	-0.994	0.113	33.691	-8.118	-0.610	-92.16	-2.21	130.31	6.762	20.384	-3.038	0.32138	-0.28461	-0.64041	0.63678	24.3	13111	100
2025-5-11 11:12:9.188	WTBenchPress#5(CEA7A127C8E8)	0.009	-1.003	0.130	36.987	-6.592	-1.343	-91.40	-2.26	130.08	6.762	20.384	-3.038	0.32138	-0.28461	-0.64041	0.63678	24.3	13111	100
2025-5-11 11:12:9.188	WTBenchPress#5(CEA7A127C8E8)	0.004	-1.003	0.142	38.269	-5.066	-2.014	-90.57	-2.31	129.84	6.762	20.384	-3.038	0.32138	-0.28461	-0.64041	0.63678	24.3	13111	100
2025-5-11 11:12:9.221	WTBenchPress#5(CEA7A127C8E8)	0.000	-1.004	0.159	37.537	-3.540	-2.625	-89.74	-2.37	129.59	6.762	20.384	-3.038	0.32138	-0.28461	-0.64041	0.63678	24.3	13111	100
2025-5-11 11:12:9.221	WTBenchPress#5(CEA7A127C8E8)	-0.001	-1.013	0.159	35.217	-2.075	-3.235	-88.95	-2.43	129.31	6.762	20.384	-3.038	0.32138	-0.28461	-0.64041	0.63678	24.3	13111	100
2025-5-11 11:12:9.251	WTBenchPress#5(CEA7A127C8E8)	-0.000	-1.014	0.153	33.997	-0.488	-3.723	-88.19	-2.50	129.04	6.762	20.384	-3.038	0.32138	-0.28461	-0.64041	0.63678	24.3	13111	100
2025-5-11 11:12:9.251	WTBenchPress#5(CEA7A127C8E8)	-0.001	-1.014	0.144	33.997	1.099	-4.150	-87.44	-2.58	128.77	6.762	20.384	-3.038	0.32733	-0.28378	-0.62891	0.64551	24.3	13111	100
2025-5-11 11:12:9.308	WTBenchPress#5(CEA7A127C8E8)	0.000	-1.030	0.135	36.621	2.747	-4.333	-86.68	-2.65	128.49	6.762	20.384	-3.038	0.32733	-0.28378	-0.62891	0.64551	24.3	13111	100
2025-5-11 11:12:9.308	WTBenchPress#5(CEA7A127C8E8)	0.004	-1.031	0.130	40.527	4.395	-4.517	-85.85	-2.72	128.22	6.762	20.384	-3.038	0.32733	-0.28378	-0.62891	0.64551	24.3	13111	100
2025-5-11 11:12:9.338	WTBenchPress#5(CEA7A127C8E8)	0.006	-1.031	0.133	44.983	6.042	-4.456	-84.96	-2.77	127.97	6.762	20.384	-3.038	0.32733	-0.28378	-0.62891	0.64551	24.3	13111	100
2025-5-11 11:12:9.338	WTBenchPress#5(CEA7A127C8E8)	0.009	-1.045	0.144	48.340	7.629	-4.395	-83.99	-2.82	127.72	6.762	20.384	-3.038	0.32733	-0.28378	-0.62891	0.64551	24.3	13111	100
2025-5-11 11:12:9.368	WTBenchPress#5(CEA7A127C8E8)	0.013	-1.037	0.163	48.279	9.155	-4.333	-83.01	-2.87	127.49	6.762	20.384	-3.038	0.32733	-0.28378	-0.62891	0.64551	24.3	13111	100
2025-5-11 11:12:9.369	WTBenchPress#5(CEA7A127C8E8)	0.017	-1.034	0.167	46.082	10.559	-4.333	-82.05	-2.89	127.27	6.762	20.384	-3.038	0.32733	-0.28378	-0.62891	0.64551	24.3	13111	100
2025-5-11 11:12:9.429	WTBenchPress#5(CEA7A127C8E8)	0.023	-1.023	0.176	41.992	11.841	-4.517	-81.16	-2.92	127.05	6.762	20.384	-3.038	0.32733	-0.28378	-0.62891	0.64551	24.3	13111	100
2025-5-11 11:12:9.429	WTBenchPress#5(CEA7A127C8E8)	0.029	-1.034	0.176	36.438	12.939	-4.639	-80.38	-2.94	126.84	6.762	20.384	-3.038	0.32733	-0.28378	-0.62891	0.64551	24.3	13111	100
2025-5-11 11:12:9.488	WTBenchPress#5(CEA7A127C8E8)	0.037	-1.028	0.176	31.006	14.038	-4.761	-79.71	-2.97	126.63	6.272	17.444	-8.918	0.32733	-0.28378	-0.62891	0.64551	24.3	13111	100
2025-5-11 11:12:9.488	WTBenchPress#5(CEA7A127C8E8)	0.044	-1.034	0.168	25.024	15.015	-4.761	-79.15	-2.98	126.43	6.272	17.444	-8.918	0.32733	-0.28378	-0.62891	0.64551	24.3	13111	100
2025-5-11 11:12:9.490	WTBenchPress#5(CEA7A127C8E8)	0.048	-1.036	0.163	20.630	15.991	-4.456	-78.71	-2.99	126.23	6.272	17.444	-8.918	0.32733	-0.28378	-0.62891	0.64551	24.3	13111	100
2025-5-11 11:12:9.490	WTBenchPress#5(CEA7A127C8E8)	0.052	-1.034	0.168	16.785	16.907	-4.150	-78.35	-3.00	126.02	6.272	17.444	-8.918	0.32733	-0.28378	-0.62891	0.64551	24.3	13111	100
2025-5-11 11:12:9.550	WTBenchPress#5(CEA7A127C8E8)	0.057	-1.034	0.167	11.902	17.700	-3.845	-78.08	-2.99	125.82	6.272	17.444	-8.918	0.32733	-0.28378	-0.62891	0.64551	24.3	13111	100
2025-5-11 11:12:9.550	WTBenchPress#5(CEA7A127C8E8)	0.060	-1.034	0.163	7.141	18.372	-3.601	-77.91	-2.98	125.62	6.272	17.444	-8.918	0.32733	-0.28378	-0.62891	0.64551	24.3	13111	100
2025-5-11 11:12:9.580	WTBenchPress#5(CEA7A127C8E8)	0.063	-1.024	0.179	-0.244	18.860	-3.479	-77.86	-2.97	125.41	6.272	17.444	-8.918	0.32733	-0.28378	-0.62891	0.64551	24.3	13111	100
2025-5-11 11:12:9.581	WTBenchPress#5(CEA7A127C8E8)	0.064	-1.022	0.176	-9.827	19.165	-3.357	-77.98	-2.95	125.21	6.272	17.444	-8.918	0.32733	-0.28378	-0.62891	0.64551	24.3	13111	100
2025-5-11 11:12:9.611	WTBenchPress#5(CEA7A127C8E8)	0.064	-1.013	0.174	-20.203	19.287	-3.357	-78.29	-2.93	125.00	6.272	17.444	-8.918	0.32733	-0.28378	-0.62891	0.64551	24.3	13111	100
2025-5-11 11:12:9.611	WTBenchPress#5(CEA7A127C8E8)	0.064	-1.009	0.169	-31.006	19.226	-3.601	-78.85	-2.93	124.78	6.272	17.444	-8.918	0.32733	-0.28378	-0.62891	0.64551	24.3	13111	100
2025-5-11 11:12:9.702	WTBenchPress#5(CEA7A127C8E8)	0.064	-1.013	0.155	-41.626	19.104	-4.089	-79.63	-2.94	124.55	6.272	17.444	-8.918	0.37128	-0.28226	-0.57819	0.66937	24.3	13111	100
2025-5-11 11:12:9.702	WTBenchPress#5(CEA7A127C8E8)	0.062	-1.015	0.131	-49.744	18.860	-4.395	-80.57	-2.96	124.33	6.272	17.444	-8.918	0.37128	-0.28226	-0.57819	0.66937	24.3	13111	100
2025-5-11 11:12:9.702	WTBenchPress#5(CEA7A127C8E8)	0.058	-1.014	0.106	-54.321	18.738	-4.639	-81.62	-2.99	124.10	6.272	17.444	-8.918	0.37128	-0.28226	-0.57819	0.66937	24.3	13111	100
2025-5-11 11:12:9.703	WTBenchPress#5(CEA7A127C8E8)	0.057	-1.014	0.083	-55.908	18.433	-5.005	-82.71	-3.04	123.87	6.272	17.444	-8.918	0.37128	-0.28226	-0.57819	0.66937	24.3	13111	100
2025-5-11 11:12:9.758	WTBenchPress#5(CEA7A127C8E8)	0.057	-1.019	0.061	-53.894	18.250	-5.371	-83.76	-3.10	123.63	6.272	17.444	-8.918	0.37128	-0.28226	-0.57819	0.66937	24.3	13111	100
2025-5-11 11:12:9.758	WTBenchPress#5(CEA7A127C8E8)	0.054	-1.032	0.047	-49.377	18.005	-5.432	-84.74	-3.18	123.39	6.272	17.444	-8.918	0.37128	-0.28226	-0.57819	0.66937	24.3	13111	100
2025-5-11 11:12:9.788	WTBenchPress#5(CEA7A127C8E8)	0.051	-1.036	0.043	-44.006	17.761	-5.310	-85.61	-3.25	123.16	6.272	17.444	-8.918	0.37128	-0.28226	-0.57819	0.66937	24.3	13111	100
2025-5-11 11:12:9.788	WTBenchPress#5(CEA7A127C8E8)	0.048	-1.031	0.042	-38.635	17.456	-5.005	-86.37	-3.32	122.92	6.272	17.444	-8.918	0.37128	-0.28226	-0.57819	0.66937	24.3	13111	100
2025-5-11 11:12:9.819	WTBenchPress#5(CEA7A127C8E8)	0.045	-1.036	0.042	-33.813	17.090	-4.639	-87.04	-3.39	122.69	6.272	17.444	-8.918	0.37128	-0.28226	-0.57819	0.66937	24.3	13111	100
2025-5-11 11:12:9.820	WTBenchPress#5(CEA7A127C8E8)	0.040	-1.042	0.062	-30.334	16.663	-4.395	-87.62	-3.46	122.46	6.272	17.444	-8.918	0.37128	-0.28226	-0.57819	0.66937	24.3	13111	100
2025-5-11 11:12:9.849	WTBenchPress#5(CEA7A127C8E8)	0.036	-1.036	0.076	-31.006	15.930	-4.272	-88.19	-3.52	122.24	6.272	17.444	-8.918	0.37128	-0.28226	-0.57819	0.66937	24.3	13111	100
2025-5-11 11:12:9.849	WTBenchPress#5(CEA7A127C8E8)	0.033	-1.026	0.077	-32.837	15.076	-4.395	-88.79	-3.59	122.02	7.350	19.306	-8.232	0.37128	-0.28226	-0.57819	0.66937	24.3	13111	100
2025-5-11 11:12:9.908	WTBenchPress#5(CEA7A127C8E8)	0.030	-1.025	0.073	-34.058	14.221	-4.578	-89.41	-3.66	121.82	7.350	19.306	-8.232	0.37128	-0.28226	-0.57819	0.66937	24.3	13111	100
2025-5-11 11:12:9.908	WTBenchPress#5(CEA7A127C8E8)	0.029	-1.023	0.070	-34.912	13.306	-4.883	-90.04	-3.74	121.62	7.350	19.306	-8.232	0.37128	-0.28226	-0.57819	0.66937	24.3	13111	100
2025-5-11 11:12:9.939	WTBenchPress#5(CEA7A127C8E8)	0.029	-1.021	0.063	-34.668	12.390	-5.066	-90.66	-3.82	121.43	7.350	19.306	-8.232	0.37128	-0.28226	-0.57819	0.66937	24.3	13111	100
2025-5-11 11:12:9.939	WTBenchPress#5(CEA7A127C8E8)	0.030	-1.026	0.056	-32.959	11.414	-5.066	-91.25	-3.90	121.25	7.350	19.306	-8.232	0.37128	-0.28226	-0.57819	0.66937	24.3	13111	100
2025-5-11 11:12:9.968	WTBenchPress#5(CEA7A127C8E8)	0.030	-1.025	0.050	-29.785	10.437	-4.822	-91.79	-3.98	121.09	7.350	19.306	-8.232	0.37128	-0.28226	-0.57819	0.66937	24.3	13111	100
2025-5-11 11:12:9.968	WTBenchPress#5(CEA7A127C8E8)	0.032	-1.027	0.071	-26.917	9.460	-4.333	-92.26	-4.05	120.94	7.350	19.306	-8.232	0.37128	-0.28226	-0.57819	0.66937	24.3	13111	100
2025-5-11 11:12:10.31	WTBenchPress#5(CEA7A127C8E8)	0.032	-1.042	0.066	-29.480	8.545	-3.845	-92.75	-4.11	120.80	7.350	19.306	-8.232	0.37128	-0.28226	-0.57819	0.66937	24.3	13111	100
2025-5-11 11:12:10.31	WTBenchPress#5(CEA7A127C8E8)	0.030	-1.030	0.043	-29.053	7.446	-2.869	-93.24	-4.15	120.67	7.350	19.306	-8.232	0.37128	-0.28226	-0.57819	0.66937	24.3	13111	100
2025-5-11 11:12:10.60	WTBenchPress#5(CEA7A127C8E8)	0.033	-1.000	0.031	-26.794	6.348	-2.258	-93.68	-4.17	120.57	7.350	19.306	-8.232	0.37128	-0.28226	-0.57819	0.66937	24.3	13111	100
2025-5-11 11:12:10.60	WTBenchPress#5(CEA7A127C8E8)	0.038	-1.023	0.015	-21.790	5.310	-1.953	-94.03	-4.19	120.48	7.350	19.306	-8.232	0.36130	-0.34167	-0.64740	0.57748	24.3	13111	100
2025-5-11 11:12:10.119	WTBenchPress#5(CEA7A127C8E8)	0.042	-1.039	0.002	-14.404	4.272	-1.282	-94.23	-4.20	120.40	7.350	19.306	-8.232	0.36130	-0.34167	-0.64740	0.57748	24.3	13111	100
2025-5-11 11:12:10.120	WTBenchPress#5(CEA7A127C8E8)	0.045	-1.030	-0.007	-5.493	3.296	-0.488	-94.26	-4.18	120.36	7.350	19.306	-8.232	0.36130	-0.34167	-0.64740	0.57748	24.3	13111	100
2025-5-11 11:12:10.179	WTBenchPress#5(CEA7A127C8E8)	0.047	-1.033	-0.019	5.066	2.319	0.488	-94.09	-4.15	120.32	7.350	19.306	-8.232	0.36130	-0.34167	-0.64740	0.57748	24.3	13111	100
2025-5-11 11:12:10.179	WTBenchPress#5(CEA7A127C8E8)	0.048	-1.030	-0.010	15.686	1.282	1.526	-93.71	-4.10	120.32	7.350	19.306	-8.232	0.36130	-0.34167	-0.64740	0.57748	24.3	13111	100
2025-5-11 11:12:10.181	WTBenchPress#5(CEA7A127C8E8)	0.052	-1.028	0.003	23.438	0.244	2.197	-93.20	-4.03	120.34	7.350	19.306	-8.232	0.36130	-0.34167	-0.64740	0.57748	24.3	13111	100
2025-5-11 11:12:10.181	WTBenchPress#5(CEA7A127C8E8)	0.054	-1.027	0.012	29.724	-0.916	2.747	-92.56	-3.96	120.40	7.350	19.306	-8.232	0.36130	-0.34167	-0.64740	0.57748	24.3	13111	100
2025-5-11 11:12:10.239	WTBenchPress#5(CEA7A127C8E8)	0.055	-1.021	0.025	33.630	-2.014	3.235	-91.86	-3.87	120.49	7.350	19.306	-8.232	0.36130	-0.34167	-0.64740	0.57748	24.3	13111	100
2025-5-11 11:12:10.239	WTBenchPress#5(CEA7A127C8E8)	0.059	-1.026	0.046	34.424	-3.235	3.601	-91.14	-3.78	120.61	7.350	19.306	-8.232	0.36130	-0.34167	-0.64740	0.57748	24.3	13111	100
2025-5-11 11:12:10.270	WTBenchPress#5(CEA7A127C8E8)	0.063	-1.039	0.056	32.104	-4.578	3.967	-90.48	-3.69	120.77	7.350	19.306	-8.232	0.36130	-0.34167	-0.64740	0.57748	24.3	13111	100
2025-5-11 11:12:10.270	WTBenchPress#5(CEA7A127C8E8)	0.062	-1.042	0.048	30.029	-5.737	4.639	-89.87	-3.58	120.95	7.546	20.188	-7.154	0.36130	-0.34167	-0.64740	0.57748	24.3	13111	100
2025-5-11 11:12:10.302	WTBenchPress#5(CEA7A127C8E8)	0.061	-1.031	0.039	29.846	-6.836	5.066	-89.26	-3.47	121.16	7.546	20.188	-7.154	0.36130	-0.34167	-0.64740	0.57748	24.3	13111	100
2025-5-11 11:12:10.302	WTBenchPress#5(CEA7A127C8E8)	0.059	-1.029	0.033	31.189	-7.935	5.432	-88.64	-3.36	121.40	7.546	20.188	-7.154	0.36130	-0.34167	-0.64740	0.57748	24.3	13111	100
2025-5-11 11:12:10.358	WTBenchPress#5(CEA7A127C8E8)	0.057	-1.036	0.032	33.325	-8.972	5.554	-87.98	-3.25	121.67	7.546	20.188	-7.154	0.36130	-0.34167	-0.64740	0.57748	24.3	13111	100
2025-5-11 11:12:10.359	WTBenchPress#5(CEA7A127C8E8)	0.054	-1.031	0.032	35.767	-10.010	5.371	-87.29	-3.15	121.99	7.546	20.188	-7.154	0.36130	-0.34167	-0.64740	0.57748	24.3	13111	100
2025-5-11 11:12:10.389	WTBenchPress#5(CEA7A127C8E8)	0.054	-1.022	0.033	38.086	-11.047	5.066	-86.56	-3.07	122.33	7.546	20.188	-7.154	0.36130	-0.34167	-0.64740	0.57748	24.3	13111	100
2025-5-11 11:12:10.389	WTBenchPress#5(CEA7A127C8E8)	0.054	-1.025	0.039	39.917	-12.024	4.578	-85.79	-2.99	122.71	7.546	20.188	-7.154	0.36130	-0.34167	-0.64740	0.57748	24.3	13111	100
