time	DeviceName	AccX(g)	AccY(g)	AccZ(g)	AsX(°/s)	AsY(°/s)	AsZ(°/s)	AngleX(°)	AngleY(°)	AngleZ(°)	HX(uT)	HY(uT)	HZ(uT)	Q0()	Q1()	Q2()	Q3()	Temperature(°C)	Version()	Battery level(%)
2025-5-11 11:11:8.517	WTBenchPress#5(CEA7A127C8E8)	0.041	-1.022	0.108	1.709	-0.549	-0.122	-85.57	-2.63	132.13	6.664	18.326	-8.526	0.31146	-0.26056	-0.62863	0.66318	25.5	13111	100
2025-5-11 11:11:8.517	WTBenchPress#5(CEA7A127C8E8)	0.040	-1.021	0.109	1.892	-0.549	-0.122	-85.51	-2.63	132.13	6.664	18.326	-8.526	0.31146	-0.26056	-0.62863	0.66318	25.5	13111	100
2025-5-11 11:11:8.579	WTBenchPress#5(CEA7A127C8E8)	0.040	-1.022	0.110	1.953	-0.549	-0.122	-85.46	-2.63	132.14	6.664	18.326	-8.526	0.31146	-0.26056	-0.62863	0.66318	25.5	13111	100
2025-5-11 11:11:8.579	WTBenchPress#5(CEA7A127C8E8)	0.040	-1.023	0.112	1.831	-0.549	-0.122	-85.40	-2.63	132.14	6.664	18.326	-8.526	0.31146	-0.26056	-0.62863	0.66318	25.5	13111	100
2025-5-11 11:11:8.609	WTBenchPress#5(CEA7A127C8E8)	0.040	-1.021	0.111	1.648	-0.549	-0.122	-85.35	-2.63	132.14	6.664	18.326	-8.526	0.31146	-0.26056	-0.62863	0.66318	25.5	13111	100
2025-5-11 11:11:8.609	WTBenchPress#5(CEA7A127C8E8)	0.039	-1.021	0.111	1.404	-0.549	-0.183	-85.30	-2.63	132.15	6.664	18.032	-8.526	0.31146	-0.26056	-0.62863	0.66318	25.5	13111	100
2025-5-11 11:11:8.639	WTBenchPress#5(CEA7A127C8E8)	0.039	-1.022	0.111	1.221	-0.549	-0.183	-85.26	-2.63	132.15	6.664	18.032	-8.526	0.31146	-0.26056	-0.62863	0.66318	25.5	13111	100
2025-5-11 11:11:8.639	WTBenchPress#5(CEA7A127C8E8)	0.039	-1.022	0.112	1.038	-0.488	-0.183	-85.22	-2.63	132.15	6.664	18.032	-8.526	0.31146	-0.26056	-0.62863	0.66318	25.5	13111	100
2025-5-11 11:11:8.699	WTBenchPress#5(CEA7A127C8E8)	0.038	-1.022	0.112	0.732	-0.488	-0.183	-85.19	-2.63	132.15	6.664	18.032	-8.526	0.31146	-0.26056	-0.62863	0.66318	25.5	13111	100
2025-5-11 11:11:8.699	WTBenchPress#5(CEA7A127C8E8)	0.038	-1.021	0.112	0.549	-0.488	-0.183	-85.16	-2.63	132.16	6.664	18.032	-8.526	0.31146	-0.26056	-0.62863	0.66318	25.5	13111	100
2025-5-11 11:11:8.741	WTBenchPress#5(CEA7A127C8E8)	0.038	-1.021	0.111	0.244	-0.488	-0.183	-85.14	-2.63	132.17	6.664	18.032	-8.526	0.31146	-0.26056	-0.62863	0.66318	25.5	13111	100
2025-5-11 11:11:8.741	WTBenchPress#5(CEA7A127C8E8)	0.039	-1.022	0.113	-0.061	-0.427	0.000	-85.13	-2.62	132.17	6.664	18.032	-8.526	0.31146	-0.26056	-0.62863	0.66318	25.5	13111	100
2025-5-11 11:11:8.759	WTBenchPress#5(CEA7A127C8E8)	0.039	-1.022	0.112	-0.488	-0.427	0.000	-85.12	-2.62	132.18	6.664	18.032	-8.526	0.31146	-0.26056	-0.62863	0.66318	25.5	13111	100
2025-5-11 11:11:8.759	WTBenchPress#5(CEA7A127C8E8)	0.040	-1.022	0.113	-0.916	-0.427	0.000	-85.12	-2.61	132.18	6.664	18.032	-8.526	0.31146	-0.26056	-0.62863	0.66318	25.5	13111	100
2025-5-11 11:11:8.818	WTBenchPress#5(CEA7A127C8E8)	0.039	-1.022	0.112	-1.343	-0.366	0.000	-85.13	-2.61	132.19	6.664	18.032	-8.526	0.31146	-0.26056	-0.62863	0.66318	25.5	13111	100
2025-5-11 11:11:8.818	WTBenchPress#5(CEA7A127C8E8)	0.039	-1.022	0.112	-1.648	-0.366	0.000	-85.15	-2.60	132.20	6.664	18.032	-8.526	0.31146	-0.26056	-0.62863	0.66318	25.5	13111	100
2025-5-11 11:11:8.848	WTBenchPress#5(CEA7A127C8E8)	0.040	-1.023	0.112	-1.953	-0.366	-0.305	-85.17	-2.60	132.21	6.664	18.032	-8.526	0.31213	-0.25870	-0.62537	0.66669	25.5	13111	100
2025-5-11 11:11:8.848	WTBenchPress#5(CEA7A127C8E8)	0.040	-1.023	0.112	-2.258	-0.305	-0.244	-85.20	-2.60	132.22	6.664	18.032	-8.526	0.31213	-0.25870	-0.62537	0.66669	25.5	13111	100
2025-5-11 11:11:8.879	WTBenchPress#5(CEA7A127C8E8)	0.041	-1.021	0.111	-2.563	-0.366	-0.244	-85.23	-2.60	132.23	6.664	18.032	-8.526	0.31213	-0.25870	-0.62537	0.66669	25.5	13111	100
2025-5-11 11:11:8.880	WTBenchPress#5(CEA7A127C8E8)	0.041	-1.022	0.112	-2.747	-0.305	-0.305	-85.27	-2.61	132.23	6.664	18.032	-8.526	0.31213	-0.25870	-0.62537	0.66669	25.5	13111	100
2025-5-11 11:11:8.941	WTBenchPress#5(CEA7A127C8E8)	0.042	-1.022	0.110	-3.052	-0.366	-0.305	-85.31	-2.61	132.22	6.664	18.032	-8.526	0.31213	-0.25870	-0.62537	0.66669	25.5	13111	100
2025-5-11 11:11:8.941	WTBenchPress#5(CEA7A127C8E8)	0.041	-1.023	0.111	-3.296	-0.305	-0.305	-85.36	-2.61	132.22	6.664	18.032	-8.526	0.31213	-0.25870	-0.62537	0.66669	25.5	13111	100
2025-5-11 11:11:9.0	WTBenchPress#5(CEA7A127C8E8)	0.042	-1.022	0.111	-3.479	-0.305	-0.305	-85.41	-2.61	132.22	6.664	18.032	-8.526	0.31213	-0.25870	-0.62537	0.66669	25.5	13111	100
2025-5-11 11:11:9.0	WTBenchPress#5(CEA7A127C8E8)	0.041	-1.022	0.110	-3.601	-0.305	-0.305	-85.46	-2.61	132.22	6.664	18.032	-8.526	0.31213	-0.25870	-0.62537	0.66669	25.5	13111	100
2025-5-11 11:11:9.1	WTBenchPress#5(CEA7A127C8E8)	0.042	-1.023	0.109	-3.601	-0.305	-0.305	-85.52	-2.62	132.21	6.664	18.032	-8.526	0.31213	-0.25870	-0.62537	0.66669	25.5	13111	100
2025-5-11 11:11:9.1	WTBenchPress#5(CEA7A127C8E8)	0.042	-1.022	0.110	-3.540	-0.366	-0.366	-85.57	-2.62	132.21	6.664	18.032	-8.526	0.31213	-0.25870	-0.62537	0.66669	25.5	13111	100
2025-5-11 11:11:9.58	WTBenchPress#5(CEA7A127C8E8)	0.041	-1.023	0.109	-3.418	-0.305	-0.305	-85.61	-2.63	132.21	6.664	18.228	-8.526	0.31213	-0.25870	-0.62537	0.66669	25.5	13111	100
2025-5-11 11:11:9.58	WTBenchPress#5(CEA7A127C8E8)	0.040	-1.022	0.108	-3.296	-0.305	-0.305	-85.65	-2.63	132.20	6.664	18.228	-8.526	0.31213	-0.25870	-0.62537	0.66669	25.5	13111	100
2025-5-11 11:11:9.87	WTBenchPress#5(CEA7A127C8E8)	0.040	-1.022	0.109	-3.113	-0.366	-0.305	-85.70	-2.63	132.20	6.664	18.228	-8.526	0.31213	-0.25870	-0.62537	0.66669	25.5	13111	100
2025-5-11 11:11:9.87	WTBenchPress#5(CEA7A127C8E8)	0.040	-1.022	0.108	-2.930	-0.366	-0.305	-85.73	-2.63	132.20	6.664	18.228	-8.526	0.31213	-0.25870	-0.62537	0.66669	25.5	13111	100
2025-5-11 11:11:9.117	WTBenchPress#5(CEA7A127C8E8)	0.038	-1.022	0.109	-2.502	-0.366	-0.305	-85.76	-2.64	132.19	6.664	18.228	-8.526	0.31213	-0.25870	-0.62537	0.66669	25.5	13111	100
2025-5-11 11:11:9.118	WTBenchPress#5(CEA7A127C8E8)	0.038	-1.022	0.108	-2.258	-0.427	-0.305	-85.79	-2.64	132.19	6.664	18.228	-8.526	0.31213	-0.25870	-0.62537	0.66669	25.5	13111	100
2025-5-11 11:11:9.179	WTBenchPress#5(CEA7A127C8E8)	0.038	-1.022	0.108	-1.831	-0.427	-0.244	-85.81	-2.64	132.19	6.664	18.228	-8.526	0.31213	-0.25870	-0.62537	0.66669	25.5	13111	100
2025-5-11 11:11:9.179	WTBenchPress#5(CEA7A127C8E8)	0.038	-1.023	0.107	-1.526	-0.427	-0.244	-85.83	-2.64	132.19	6.664	18.228	-8.526	0.31213	-0.25870	-0.62537	0.66669	25.5	13111	100
2025-5-11 11:11:9.209	WTBenchPress#5(CEA7A127C8E8)	0.038	-1.023	0.107	-1.099	-0.427	-0.183	-85.83	-2.64	132.19	6.664	18.228	-8.526	0.31213	-0.25870	-0.62537	0.66669	25.5	13111	100
2025-5-11 11:11:9.210	WTBenchPress#5(CEA7A127C8E8)	0.038	-1.022	0.108	-0.793	-0.427	-0.183	-85.83	-2.64	132.19	6.664	18.228	-8.526	0.31104	-0.26041	-0.62912	0.66299	25.5	13111	100
2025-5-11 11:11:9.239	WTBenchPress#5(CEA7A127C8E8)	0.038	-1.022	0.108	-0.427	-0.427	-0.183	-85.82	-2.64	132.18	6.664	18.228	-8.526	0.31104	-0.26041	-0.62912	0.66299	25.5	13111	100
2025-5-11 11:11:9.239	WTBenchPress#5(CEA7A127C8E8)	0.039	-1.022	0.108	-0.183	-0.488	-0.183	-85.80	-2.64	132.18	6.664	18.228	-8.526	0.31104	-0.26041	-0.62912	0.66299	25.5	13111	100
2025-5-11 11:11:9.298	WTBenchPress#5(CEA7A127C8E8)	0.039	-1.023	0.108	0.061	-0.488	-0.183	-85.79	-2.64	132.18	6.664	18.228	-8.526	0.31104	-0.26041	-0.62912	0.66299	25.5	13111	100
2025-5-11 11:11:9.299	WTBenchPress#5(CEA7A127C8E8)	0.039	-1.022	0.108	0.305	-0.488	-0.122	-85.76	-2.63	132.17	6.664	18.228	-8.526	0.31104	-0.26041	-0.62912	0.66299	25.5	13111	100
2025-5-11 11:11:9.337	WTBenchPress#5(CEA7A127C8E8)	0.040	-1.022	0.108	0.610	-0.488	-0.183	-85.73	-2.63	132.17	6.664	18.228	-8.526	0.31104	-0.26041	-0.62912	0.66299	25.5	13111	100
2025-5-11 11:11:9.337	WTBenchPress#5(CEA7A127C8E8)	0.040	-1.022	0.108	0.854	-0.488	-0.183	-85.70	-2.63	132.16	6.664	18.228	-8.526	0.31104	-0.26041	-0.62912	0.66299	25.5	13111	100
2025-5-11 11:11:9.390	WTBenchPress#5(CEA7A127C8E8)	0.041	-1.022	0.108	1.099	-0.549	-0.122	-85.66	-2.63	132.15	6.664	18.228	-8.526	0.31104	-0.26041	-0.62912	0.66299	25.5	13111	100
2025-5-11 11:11:9.390	WTBenchPress#5(CEA7A127C8E8)	0.041	-1.022	0.109	1.343	-0.549	-0.122	-85.62	-2.63	132.15	6.664	18.228	-8.526	0.31104	-0.26041	-0.62912	0.66299	25.5	13111	100
2025-5-11 11:11:9.419	WTBenchPress#5(CEA7A127C8E8)	0.041	-1.022	0.109	1.465	-0.549	-0.122	-85.57	-2.63	132.14	6.664	18.228	-8.526	0.31104	-0.26041	-0.62912	0.66299	25.5	13111	100
2025-5-11 11:11:9.419	WTBenchPress#5(CEA7A127C8E8)	0.041	-1.022	0.110	1.587	-0.488	-0.122	-85.52	-2.63	132.15	6.664	18.228	-8.526	0.31104	-0.26041	-0.62912	0.66299	25.5	13111	100
2025-5-11 11:11:9.447	WTBenchPress#5(CEA7A127C8E8)	0.041	-1.022	0.109	1.587	-0.549	-0.122	-85.47	-2.62	132.15	6.664	18.130	-8.526	0.31104	-0.26041	-0.62912	0.66299	25.5	13111	100
2025-5-11 11:11:9.447	WTBenchPress#5(CEA7A127C8E8)	0.042	-1.023	0.110	1.526	-0.549	-0.122	-85.42	-2.62	132.15	6.664	18.130	-8.526	0.31104	-0.26041	-0.62912	0.66299	25.5	13111	100
2025-5-11 11:11:9.477	WTBenchPress#5(CEA7A127C8E8)	0.042	-1.022	0.110	1.404	-0.549	-0.122	-85.37	-2.62	132.15	6.664	18.130	-8.526	0.31104	-0.26041	-0.62912	0.66299	25.5	13111	100
2025-5-11 11:11:9.477	WTBenchPress#5(CEA7A127C8E8)	0.041	-1.022	0.111	1.282	-0.549	-0.122	-85.33	-2.62	132.16	6.664	18.130	-8.526	0.31104	-0.26041	-0.62912	0.66299	25.5	13111	100
2025-5-11 11:11:9.540	WTBenchPress#5(CEA7A127C8E8)	0.041	-1.022	0.111	1.099	-0.549	-0.122	-85.29	-2.62	132.17	6.664	18.130	-8.526	0.31104	-0.26041	-0.62912	0.66299	25.5	13111	100
2025-5-11 11:11:9.540	WTBenchPress#5(CEA7A127C8E8)	0.041	-1.022	0.111	0.854	-0.549	-0.122	-85.25	-2.61	132.18	6.664	18.130	-8.526	0.31104	-0.26041	-0.62912	0.66299	25.5	13111	100
2025-5-11 11:11:9.567	WTBenchPress#5(CEA7A127C8E8)	0.041	-1.022	0.111	0.671	-0.549	-0.183	-85.22	-2.61	132.19	6.664	18.130	-8.526	0.31104	-0.26041	-0.62912	0.66299	25.5	13111	100
2025-5-11 11:11:9.567	WTBenchPress#5(CEA7A127C8E8)	0.040	-1.022	0.112	0.427	-0.549	-0.183	-85.19	-2.61	132.20	6.664	18.130	-8.526	0.31104	-0.26041	-0.62912	0.66299	25.5	13111	100
2025-5-11 11:11:9.600	WTBenchPress#5(CEA7A127C8E8)	0.040	-1.022	0.112	0.122	-0.549	-0.183	-85.17	-2.62	132.21	6.664	18.130	-8.526	0.31104	-0.26041	-0.62912	0.66299	25.5	13111	100
2025-5-11 11:11:9.601	WTBenchPress#5(CEA7A127C8E8)	0.039	-1.022	0.111	-0.244	-0.549	-0.183	-85.16	-2.62	132.22	6.664	18.130	-8.526	0.31104	-0.26041	-0.62912	0.66299	25.5	13111	100
2025-5-11 11:11:9.658	WTBenchPress#5(CEA7A127C8E8)	0.039	-1.022	0.112	-0.549	-0.488	-0.183	-85.15	-2.62	132.23	6.664	18.130	-8.526	0.31216	-0.25839	-0.62527	0.66687	25.5	13111	100
2025-5-11 11:11:9.658	WTBenchPress#5(CEA7A127C8E8)	0.038	-1.023	0.113	-0.916	-0.488	0.000	-85.15	-2.61	132.24	6.664	18.130	-8.526	0.31216	-0.25839	-0.62527	0.66687	25.5	13111	100
2025-5-11 11:11:9.687	WTBenchPress#5(CEA7A127C8E8)	0.038	-1.022	0.113	-1.343	-0.488	0.000	-85.16	-2.61	132.25	6.664	18.130	-8.526	0.31216	-0.25839	-0.62527	0.66687	25.5	13111	100
2025-5-11 11:11:9.687	WTBenchPress#5(CEA7A127C8E8)	0.039	-1.023	0.112	-1.709	-0.427	0.000	-85.17	-2.61	132.25	6.664	18.130	-8.526	0.31216	-0.25839	-0.62527	0.66687	25.5	13111	100
2025-5-11 11:11:9.718	WTBenchPress#5(CEA7A127C8E8)	0.039	-1.021	0.112	-2.075	-0.488	0.000	-85.19	-2.60	132.26	6.664	18.130	-8.526	0.31216	-0.25839	-0.62527	0.66687	25.5	13111	100
2025-5-11 11:11:9.718	WTBenchPress#5(CEA7A127C8E8)	0.039	-1.022	0.112	-2.319	-0.427	0.000	-85.22	-2.60	132.27	6.664	18.130	-8.526	0.31216	-0.25839	-0.62527	0.66687	25.5	13111	100
2025-5-11 11:11:9.778	WTBenchPress#5(CEA7A127C8E8)	0.039	-1.023	0.112	-2.563	-0.427	-0.305	-85.25	-2.60	132.28	6.664	18.130	-8.526	0.31216	-0.25839	-0.62527	0.66687	25.5	13111	100
2025-5-11 11:11:9.778	WTBenchPress#5(CEA7A127C8E8)	0.039	-1.023	0.111	-2.747	-0.366	-0.305	-85.29	-2.60	132.29	6.664	18.130	-8.526	0.31216	-0.25839	-0.62527	0.66687	25.5	13111	100
2025-5-11 11:11:9.807	WTBenchPress#5(CEA7A127C8E8)	0.039	-1.022	0.112	-2.991	-0.427	-0.305	-85.33	-2.60	132.29	6.664	18.130	-8.526	0.31216	-0.25839	-0.62527	0.66687	25.5	13111	100
2025-5-11 11:11:9.807	WTBenchPress#5(CEA7A127C8E8)	0.040	-1.021	0.111	-3.235	-0.427	-0.305	-85.37	-2.60	132.30	6.664	18.032	-8.624	0.31216	-0.25839	-0.62527	0.66687	25.5	13111	100
2025-5-11 11:11:9.839	WTBenchPress#5(CEA7A127C8E8)	0.041	-1.022	0.111	-3.418	-0.366	-0.305	-85.41	-2.60	132.30	6.664	18.032	-8.624	0.31216	-0.25839	-0.62527	0.66687	25.5	13111	100
2025-5-11 11:11:9.839	WTBenchPress#5(CEA7A127C8E8)	0.040	-1.022	0.110	-3.601	-0.427	-0.366	-85.46	-2.61	132.30	6.664	18.032	-8.624	0.31216	-0.25839	-0.62527	0.66687	25.5	13111	100
2025-5-11 11:11:9.898	WTBenchPress#5(CEA7A127C8E8)	0.041	-1.022	0.110	-3.662	-0.366	-0.305	-85.52	-2.61	132.29	6.664	18.032	-8.624	0.31216	-0.25839	-0.62527	0.66687	25.5	13111	100
2025-5-11 11:11:9.898	WTBenchPress#5(CEA7A127C8E8)	0.041	-1.022	0.109	-3.662	-0.366	-0.305	-85.57	-2.61	132.29	6.664	18.032	-8.624	0.31216	-0.25839	-0.62527	0.66687	25.5	13111	100
2025-5-11 11:11:9.939	WTBenchPress#5(CEA7A127C8E8)	0.042	-1.022	0.108	-3.418	-0.427	-0.305	-85.62	-2.61	132.28	6.664	18.032	-8.624	0.31216	-0.25839	-0.62527	0.66687	25.5	13111	100
2025-5-11 11:11:9.940	WTBenchPress#5(CEA7A127C8E8)	0.041	-1.022	0.108	-3.174	-0.366	-0.305	-85.66	-2.61	132.28	6.664	18.032	-8.624	0.31216	-0.25839	-0.62527	0.66687	25.5	13111	100
2025-5-11 11:11:9.957	WTBenchPress#5(CEA7A127C8E8)	0.041	-1.022	0.109	-2.869	-0.427	-0.305	-85.70	-2.62	132.26	6.664	18.032	-8.624	0.31216	-0.25839	-0.62527	0.66687	25.5	13111	100
2025-5-11 11:11:9.957	WTBenchPress#5(CEA7A127C8E8)	0.041	-1.022	0.108	-2.625	-0.366	-0.305	-85.73	-2.62	132.26	6.664	18.032	-8.624	0.31216	-0.25839	-0.62527	0.66687	25.5	13111	100
2025-5-11 11:11:10.18	WTBenchPress#5(CEA7A127C8E8)	0.041	-1.022	0.108	-2.502	-0.427	-0.244	-85.76	-2.63	132.25	6.664	18.032	-8.624	0.31216	-0.25839	-0.62527	0.66687	25.5	13111	100
2025-5-11 11:11:10.18	WTBenchPress#5(CEA7A127C8E8)	0.041	-1.022	0.108	-2.319	-0.366	-0.305	-85.79	-2.63	132.23	6.664	18.032	-8.624	0.31216	-0.25839	-0.62527	0.66687	25.5	13111	100
2025-5-11 11:11:10.47	WTBenchPress#5(CEA7A127C8E8)	0.040	-1.022	0.108	-2.136	-0.427	-0.305	-85.81	-2.63	132.21	6.664	18.032	-8.624	0.31085	-0.26025	-0.62906	0.66318	25.5	13111	100
2025-5-11 11:11:10.47	WTBenchPress#5(CEA7A127C8E8)	0.040	-1.022	0.108	-1.770	-0.427	-0.244	-85.82	-2.63	132.20	6.664	18.032	-8.624	0.31085	-0.26025	-0.62906	0.66318	25.5	13111	100
2025-5-11 11:11:10.107	WTBenchPress#5(CEA7A127C8E8)	0.039	-1.022	0.107	-1.404	-0.427	-0.244	-85.83	-2.63	132.19	6.664	18.032	-8.624	0.31085	-0.26025	-0.62906	0.66318	25.5	13111	100
2025-5-11 11:11:10.107	WTBenchPress#5(CEA7A127C8E8)	0.039	-1.022	0.107	-0.916	-0.427	-0.244	-85.83	-2.63	132.18	6.664	18.032	-8.624	0.31085	-0.26025	-0.62906	0.66318	25.5	13111	100
2025-5-11 11:11:10.137	WTBenchPress#5(CEA7A127C8E8)	0.039	-1.022	0.107	-0.488	-0.427	-0.183	-85.81	-2.63	132.17	6.664	18.032	-8.624	0.31085	-0.26025	-0.62906	0.66318	25.5	13111	100
2025-5-11 11:11:10.138	WTBenchPress#5(CEA7A127C8E8)	0.039	-1.022	0.108	-0.061	-0.427	-0.183	-85.80	-2.63	132.16	6.664	18.032	-8.624	0.31085	-0.26025	-0.62906	0.66318	25.5	13111	100
2025-5-11 11:11:10.167	WTBenchPress#5(CEA7A127C8E8)	0.039	-1.023	0.109	0.183	-0.427	-0.183	-85.78	-2.63	132.15	6.664	18.032	-8.624	0.31085	-0.26025	-0.62906	0.66318	25.5	13111	100
2025-5-11 11:11:10.167	WTBenchPress#5(CEA7A127C8E8)	0.038	-1.022	0.109	0.366	-0.427	-0.183	-85.74	-2.63	132.15	6.664	18.032	-8.624	0.31085	-0.26025	-0.62906	0.66318	25.5	13111	100
2025-5-11 11:11:10.237	WTBenchPress#5(CEA7A127C8E8)	0.039	-1.022	0.109	0.488	-0.427	-0.183	-85.72	-2.63	132.14	6.664	18.032	-8.624	0.31085	-0.26025	-0.62906	0.66318	25.5	13111	100
2025-5-11 11:11:10.237	WTBenchPress#5(CEA7A127C8E8)	0.039	-1.023	0.109	0.732	-0.427	-0.122	-85.68	-2.63	132.13	6.664	18.032	-8.624	0.31085	-0.26025	-0.62906	0.66318	25.5	13111	100
2025-5-11 11:11:10.257	WTBenchPress#5(CEA7A127C8E8)	0.038	-1.022	0.109	0.854	-0.427	-0.183	-85.64	-2.63	132.13	6.664	18.424	-8.428	0.31085	-0.26025	-0.62906	0.66318	25.5	13111	100
2025-5-11 11:11:10.257	WTBenchPress#5(CEA7A127C8E8)	0.039	-1.023	0.108	1.099	-0.488	-0.122	-85.60	-2.63	132.12	6.664	18.424	-8.428	0.31085	-0.26025	-0.62906	0.66318	25.5	13111	100
2025-5-11 11:11:10.287	WTBenchPress#5(CEA7A127C8E8)	0.039	-1.022	0.109	1.221	-0.427	-0.122	-85.56	-2.63	132.12	6.664	18.424	-8.428	0.31085	-0.26025	-0.62906	0.66318	25.5	13111	100
2025-5-11 11:11:10.287	WTBenchPress#5(CEA7A127C8E8)	0.039	-1.022	0.109	1.404	-0.488	-0.122	-85.51	-2.62	132.12	6.664	18.424	-8.428	0.31085	-0.26025	-0.62906	0.66318	25.5	13111	100
2025-5-11 11:11:10.347	WTBenchPress#5(CEA7A127C8E8)	0.040	-1.023	0.109	1.465	-0.427	-0.122	-85.47	-2.62	132.11	6.664	18.424	-8.428	0.31085	-0.26025	-0.62906	0.66318	25.5	13111	100
2025-5-11 11:11:10.347	WTBenchPress#5(CEA7A127C8E8)	0.040	-1.021	0.110	1.404	-0.427	-0.122	-85.42	-2.62	132.11	6.664	18.424	-8.428	0.31085	-0.26025	-0.62906	0.66318	25.5	13111	100
2025-5-11 11:11:10.376	WTBenchPress#5(CEA7A127C8E8)	0.040	-1.023	0.110	1.343	-0.488	-0.122	-85.37	-2.61	132.11	6.664	18.424	-8.428	0.31085	-0.26025	-0.62906	0.66318	25.5	13111	100
2025-5-11 11:11:10.376	WTBenchPress#5(CEA7A127C8E8)	0.041	-1.022	0.110	1.038	-0.427	-0.122	-85.34	-2.61	132.11	6.664	18.424	-8.428	0.31085	-0.26025	-0.62906	0.66318	25.5	13111	100
2025-5-11 11:11:10.409	WTBenchPress#5(CEA7A127C8E8)	0.041	-1.021	0.112	0.977	-0.488	-0.122	-85.30	-2.61	132.12	6.664	18.424	-8.428	0.31085	-0.26025	-0.62906	0.66318	25.5	13111	100
2025-5-11 11:11:10.409	WTBenchPress#5(CEA7A127C8E8)	0.041	-1.024	0.110	0.732	-0.488	-0.122	-85.26	-2.61	132.13	6.664	18.424	-8.428	0.31085	-0.26025	-0.62906	0.66318	25.5	13111	100
2025-5-11 11:11:10.468	WTBenchPress#5(CEA7A127C8E8)	0.041	-1.021	0.110	0.427	-0.427	-0.183	-85.24	-2.61	132.13	6.664	18.424	-8.428	0.31250	-0.25916	-0.62546	0.66623	25.5	13111	100
2025-5-11 11:11:10.468	WTBenchPress#5(CEA7A127C8E8)	0.042	-1.021	0.111	0.366	-0.427	-0.183	-85.22	-2.61	132.14	6.664	18.424	-8.428	0.31250	-0.25916	-0.62546	0.66623	25.5	13111	100
2025-5-11 11:11:10.498	WTBenchPress#5(CEA7A127C8E8)	0.041	-1.024	0.111	0.183	-0.427	-0.183	-85.20	-2.61	132.15	6.664	18.424	-8.428	0.31250	-0.25916	-0.62546	0.66623	25.5	13111	100
2025-5-11 11:11:10.498	WTBenchPress#5(CEA7A127C8E8)	0.041	-1.021	0.112	-0.061	-0.427	-0.183	-85.18	-2.61	132.15	6.664	18.424	-8.428	0.31250	-0.25916	-0.62546	0.66623	25.5	13111	100
2025-5-11 11:11:10.536	WTBenchPress#5(CEA7A127C8E8)	0.041	-1.022	0.112	-0.305	-0.427	-0.244	-85.17	-2.61	132.16	6.664	18.424	-8.428	0.31250	-0.25916	-0.62546	0.66623	25.5	13111	100
2025-5-11 11:11:10.536	WTBenchPress#5(CEA7A127C8E8)	0.040	-1.025	0.112	-0.793	-0.427	-0.183	-85.17	-2.61	132.17	6.664	18.424	-8.428	0.31250	-0.25916	-0.62546	0.66623	25.5	13111	100
2025-5-11 11:11:10.587	WTBenchPress#5(CEA7A127C8E8)	0.040	-1.020	0.113	-1.160	-0.427	0.000	-85.18	-2.61	132.18	6.664	18.424	-8.428	0.31250	-0.25916	-0.62546	0.66623	25.5	13111	100
2025-5-11 11:11:10.587	WTBenchPress#5(CEA7A127C8E8)	0.040	-1.023	0.111	-1.465	-0.427	0.000	-85.19	-2.60	132.18	6.664	18.424	-8.428	0.31250	-0.25916	-0.62546	0.66623	25.5	13111	100
2025-5-11 11:11:10.617	WTBenchPress#5(CEA7A127C8E8)	0.040	-1.023	0.111	-1.892	-0.427	0.000	-85.21	-2.60	132.19	6.664	18.424	-8.428	0.31250	-0.25916	-0.62546	0.66623	25.5	13111	100
2025-5-11 11:11:10.617	WTBenchPress#5(CEA7A127C8E8)	0.040	-1.021	0.112	-2.075	-0.427	-0.305	-85.24	-2.60	132.19	6.566	18.130	-8.624	0.31250	-0.25916	-0.62546	0.66623	25.5	13111	100
2025-5-11 11:11:10.647	WTBenchPress#5(CEA7A127C8E8)	0.038	-1.024	0.111	-2.258	-0.427	-0.244	-85.26	-2.60	132.20	6.566	18.130	-8.624	0.31250	-0.25916	-0.62546	0.66623	25.5	13111	100
2025-5-11 11:11:10.647	WTBenchPress#5(CEA7A127C8E8)	0.039	-1.021	0.111	-2.441	-0.427	-0.305	-85.30	-2.61	132.20	6.566	18.130	-8.624	0.31250	-0.25916	-0.62546	0.66623	25.5	13111	100
2025-5-11 11:11:10.707	WTBenchPress#5(CEA7A127C8E8)	0.039	-1.022	0.112	-2.563	-0.427	-0.305	-85.33	-2.61	132.21	6.566	18.130	-8.624	0.31250	-0.25916	-0.62546	0.66623	25.5	13111	100
2025-5-11 11:11:10.707	WTBenchPress#5(CEA7A127C8E8)	0.039	-1.024	0.111	-2.930	-0.427	-0.305	-85.37	-2.61	132.21	6.566	18.130	-8.624	0.31250	-0.25916	-0.62546	0.66623	25.5	13111	100
2025-5-11 11:11:10.737	WTBenchPress#5(CEA7A127C8E8)	0.039	-1.021	0.111	-3.174	-0.427	-0.305	-85.41	-2.61	132.22	6.566	18.130	-8.624	0.31250	-0.25916	-0.62546	0.66623	25.5	13111	100
2025-5-11 11:11:10.737	WTBenchPress#5(CEA7A127C8E8)	0.039	-1.022	0.110	-3.296	-0.427	-0.366	-85.46	-2.61	132.23	6.566	18.130	-8.624	0.31250	-0.25916	-0.62546	0.66623	25.5	13111	100
2025-5-11 11:11:10.767	WTBenchPress#5(CEA7A127C8E8)	0.039	-1.024	0.111	-3.540	-0.427	-0.305	-85.51	-2.62	132.23	6.566	18.130	-8.624	0.31250	-0.25916	-0.62546	0.66623	25.5	13111	100
2025-5-11 11:11:10.767	WTBenchPress#5(CEA7A127C8E8)	0.040	-1.021	0.110	-3.540	-0.427	-0.305	-85.56	-2.62	132.23	6.566	18.130	-8.624	0.31250	-0.25916	-0.62546	0.66623	25.5	13111	100
2025-5-11 11:11:10.835	WTBenchPress#5(CEA7A127C8E8)	0.040	-1.022	0.109	-3.235	-0.427	-0.305	-85.61	-2.62	132.23	6.566	18.130	-8.624	0.31250	-0.25916	-0.62546	0.66623	25.5	13111	100
2025-5-11 11:11:10.835	WTBenchPress#5(CEA7A127C8E8)	0.040	-1.021	0.108	-2.991	-0.427	-0.305	-85.65	-2.63	132.23	6.566	18.130	-8.624	0.31250	-0.25916	-0.62546	0.66623	25.5	13111	100
2025-5-11 11:11:10.856	WTBenchPress#5(CEA7A127C8E8)	0.040	-1.024	0.108	-2.808	-0.427	-0.244	-85.68	-2.63	132.22	6.566	18.130	-8.624	0.31107	-0.25989	-0.62836	0.66388	25.5	13111	100
2025-5-11 11:11:10.857	WTBenchPress#5(CEA7A127C8E8)	0.040	-1.022	0.108	-2.625	-0.488	-0.244	-85.72	-2.63	132.22	6.566	18.130	-8.624	0.31107	-0.25989	-0.62836	0.66388	25.5	13111	100
2025-5-11 11:11:10.887	WTBenchPress#5(CEA7A127C8E8)	0.041	-1.022	0.109	-2.380	-0.488	-0.305	-85.75	-2.63	132.21	6.566	18.130	-8.624	0.31107	-0.25989	-0.62836	0.66388	25.5	13111	100
2025-5-11 11:11:10.887	WTBenchPress#5(CEA7A127C8E8)	0.040	-1.023	0.108	-2.136	-0.488	-0.244	-85.77	-2.63	132.21	6.566	18.130	-8.624	0.31107	-0.25989	-0.62836	0.66388	25.5	13111	100
2025-5-11 11:11:10.946	WTBenchPress#5(CEA7A127C8E8)	0.041	-1.022	0.108	-1.892	-0.488	-0.244	-85.79	-2.63	132.21	6.566	18.130	-8.624	0.31107	-0.25989	-0.62836	0.66388	25.5	13111	100
2025-5-11 11:11:10.946	WTBenchPress#5(CEA7A127C8E8)	0.041	-1.022	0.107	-1.587	-0.488	-0.244	-85.80	-2.63	132.21	6.566	18.130	-8.624	0.31107	-0.25989	-0.62836	0.66388	25.5	13111	100
2025-5-11 11:11:10.977	WTBenchPress#5(CEA7A127C8E8)	0.041	-1.023	0.107	-1.160	-0.488	-0.183	-85.81	-2.63	132.21	6.566	18.130	-8.624	0.31107	-0.25989	-0.62836	0.66388	25.5	13111	100
2025-5-11 11:11:10.977	WTBenchPress#5(CEA7A127C8E8)	0.041	-1.022	0.107	-0.793	-0.488	-0.244	-85.81	-2.63	132.21	6.566	18.130	-8.624	0.31107	-0.25989	-0.62836	0.66388	25.5	13111	100
2025-5-11 11:11:11.8	WTBenchPress#5(CEA7A127C8E8)	0.041	-1.022	0.107	-0.427	-0.549	-0.183	-85.80	-2.63	132.20	6.566	18.130	-8.624	0.31107	-0.25989	-0.62836	0.66388	25.5	13111	100
2025-5-11 11:11:11.8	WTBenchPress#5(CEA7A127C8E8)	0.040	-1.022	0.107	-0.061	-0.549	-0.183	-85.79	-2.63	132.20	6.566	18.130	-8.624	0.31107	-0.25989	-0.62836	0.66388	25.5	13111	100
2025-5-11 11:11:11.67	WTBenchPress#5(CEA7A127C8E8)	0.040	-1.023	0.108	0.183	-0.488	-0.183	-85.76	-2.63	132.20	6.566	18.326	-8.428	0.31107	-0.25989	-0.62836	0.66388	25.5	13111	100
2025-5-11 11:11:11.67	WTBenchPress#5(CEA7A127C8E8)	0.040	-1.022	0.108	0.488	-0.488	-0.183	-85.74	-2.63	132.20	6.566	18.326	-8.428	0.31107	-0.25989	-0.62836	0.66388	25.5	13111	100
2025-5-11 11:11:11.98	WTBenchPress#5(CEA7A127C8E8)	0.040	-1.022	0.109	0.671	-0.549	-0.122	-85.71	-2.63	132.20	6.566	18.326	-8.428	0.31107	-0.25989	-0.62836	0.66388	25.5	13111	100
2025-5-11 11:11:11.98	WTBenchPress#5(CEA7A127C8E8)	0.040	-1.022	0.109	0.854	-0.549	-0.122	-85.67	-2.63	132.21	6.566	18.326	-8.428	0.31107	-0.25989	-0.62836	0.66388	25.5	13111	100
2025-5-11 11:11:11.129	WTBenchPress#5(CEA7A127C8E8)	0.040	-1.023	0.109	1.038	-0.549	-0.122	-85.64	-2.63	132.21	6.566	18.326	-8.428	0.31107	-0.25989	-0.62836	0.66388	25.5	13111	100
2025-5-11 11:11:11.129	WTBenchPress#5(CEA7A127C8E8)	0.039	-1.022	0.109	1.221	-0.549	-0.122	-85.59	-2.63	132.21	6.566	18.326	-8.428	0.31107	-0.25989	-0.62836	0.66388	25.5	13111	100
2025-5-11 11:11:11.187	WTBenchPress#5(CEA7A127C8E8)	0.039	-1.022	0.109	1.343	-0.488	-0.122	-85.55	-2.63	132.21	6.566	18.326	-8.428	0.31107	-0.25989	-0.62836	0.66388	25.5	13111	100
2025-5-11 11:11:11.187	WTBenchPress#5(CEA7A127C8E8)	0.039	-1.022	0.110	1.404	-0.488	-0.122	-85.51	-2.63	132.22	6.566	18.326	-8.428	0.31107	-0.25989	-0.62836	0.66388	25.5	13111	100
2025-5-11 11:11:11.217	WTBenchPress#5(CEA7A127C8E8)	0.039	-1.022	0.111	1.404	-0.488	-0.122	-85.46	-2.62	132.22	6.566	18.326	-8.428	0.31107	-0.25989	-0.62836	0.66388	25.5	13111	100
2025-5-11 11:11:11.217	WTBenchPress#5(CEA7A127C8E8)	0.039	-1.022	0.111	1.221	-0.488	-0.122	-85.41	-2.62	132.22	6.566	18.326	-8.428	0.31107	-0.25989	-0.62836	0.66388	25.5	13111	100
2025-5-11 11:11:11.247	WTBenchPress#5(CEA7A127C8E8)	0.040	-1.022	0.111	1.099	-0.488	-0.122	-85.37	-2.62	132.21	6.566	18.326	-8.428	0.31107	-0.25989	-0.62836	0.66388	25.5	13111	100
2025-5-11 11:11:11.247	WTBenchPress#5(CEA7A127C8E8)	0.039	-1.022	0.111	0.916	-0.488	-0.122	-85.34	-2.61	132.21	6.566	18.326	-8.428	0.31186	-0.25903	-0.62628	0.66580	25.5	13111	100
2025-5-11 11:11:11.307	WTBenchPress#5(CEA7A127C8E8)	0.040	-1.022	0.111	0.671	-0.427	-0.183	-85.30	-2.61	132.21	6.566	18.326	-8.428	0.31186	-0.25903	-0.62628	0.66580	25.5	13111	100
2025-5-11 11:11:11.307	WTBenchPress#5(CEA7A127C8E8)	0.040	-1.022	0.111	0.488	-0.427	-0.183	-85.27	-2.61	132.21	6.566	18.326	-8.428	0.31186	-0.25903	-0.62628	0.66580	25.5	13111	100
2025-5-11 11:11:11.337	WTBenchPress#5(CEA7A127C8E8)	0.040	-1.022	0.111	0.366	-0.427	-0.183	-85.25	-2.61	132.22	6.566	18.326	-8.428	0.31186	-0.25903	-0.62628	0.66580	25.5	13111	100
2025-5-11 11:11:11.337	WTBenchPress#5(CEA7A127C8E8)	0.041	-1.022	0.111	0.183	-0.427	-0.183	-85.23	-2.61	132.23	6.566	18.326	-8.428	0.31186	-0.25903	-0.62628	0.66580	25.5	13111	100
2025-5-11 11:11:11.367	WTBenchPress#5(CEA7A127C8E8)	0.041	-1.022	0.111	-0.061	-0.366	-0.183	-85.20	-2.61	132.23	6.566	18.326	-8.428	0.31186	-0.25903	-0.62628	0.66580	25.5	13111	100
2025-5-11 11:11:11.367	WTBenchPress#5(CEA7A127C8E8)	0.041	-1.022	0.111	-0.305	-0.427	-0.183	-85.19	-2.61	132.24	6.566	18.326	-8.428	0.31186	-0.25903	-0.62628	0.66580	25.5	13111	100
2025-5-11 11:11:11.435	WTBenchPress#5(CEA7A127C8E8)	0.041	-1.023	0.112	-0.610	-0.427	0.000	-85.19	-2.61	132.25	6.566	18.326	-8.428	0.31186	-0.25903	-0.62628	0.66580	25.5	13111	100
2025-5-11 11:11:11.435	WTBenchPress#5(CEA7A127C8E8)	0.041	-1.022	0.112	-0.916	-0.427	0.000	-85.18	-2.60	132.25	6.566	18.326	-8.428	0.31186	-0.25903	-0.62628	0.66580	25.5	13111	100
2025-5-11 11:11:11.456	WTBenchPress#5(CEA7A127C8E8)	0.041	-1.022	0.112	-1.343	-0.366	0.000	-85.19	-2.60	132.26	6.566	18.228	-8.624	0.31186	-0.25903	-0.62628	0.66580	25.5	13111	100
2025-5-11 11:11:11.456	WTBenchPress#5(CEA7A127C8E8)	0.041	-1.022	0.111	-1.709	-0.366	0.000	-85.20	-2.60	132.26	6.566	18.228	-8.624	0.31186	-0.25903	-0.62628	0.66580	25.5	13111	100
2025-5-11 11:11:11.517	WTBenchPress#5(CEA7A127C8E8)	0.041	-1.021	0.111	-2.014	-0.366	0.000	-85.23	-2.59	132.27	6.566	18.228	-8.624	0.31186	-0.25903	-0.62628	0.66580	25.5	13111	100
2025-5-11 11:11:11.517	WTBenchPress#5(CEA7A127C8E8)	0.041	-1.022	0.111	-2.258	-0.366	-0.305	-85.25	-2.59	132.28	6.566	18.228	-8.624	0.31186	-0.25903	-0.62628	0.66580	25.5	13111	100
2025-5-11 11:11:11.546	WTBenchPress#5(CEA7A127C8E8)	0.040	-1.023	0.111	-2.380	-0.366	-0.305	-85.28	-2.60	132.28	6.566	18.228	-8.624	0.31186	-0.25903	-0.62628	0.66580	25.5	13111	100
2025-5-11 11:11:11.546	WTBenchPress#5(CEA7A127C8E8)	0.041	-1.022	0.110	-2.502	-0.427	-0.305	-85.31	-2.60	132.28	6.566	18.228	-8.624	0.31186	-0.25903	-0.62628	0.66580	25.5	13111	100
2025-5-11 11:11:11.578	WTBenchPress#5(CEA7A127C8E8)	0.040	-1.022	0.111	-2.686	-0.366	-0.305	-85.34	-2.60	132.28	6.566	18.228	-8.624	0.31186	-0.25903	-0.62628	0.66580	25.5	13111	100
2025-5-11 11:11:11.578	WTBenchPress#5(CEA7A127C8E8)	0.040	-1.022	0.111	-2.808	-0.366	-0.305	-85.38	-2.60	132.28	6.566	18.228	-8.624	0.31186	-0.25903	-0.62628	0.66580	25.5	13111	100
2025-5-11 11:11:11.637	WTBenchPress#5(CEA7A127C8E8)	0.039	-1.023	0.111	-2.991	-0.366	-0.305	-85.42	-2.61	132.28	6.566	18.228	-8.624	0.31186	-0.25903	-0.62628	0.66580	25.5	13111	100
2025-5-11 11:11:11.637	WTBenchPress#5(CEA7A127C8E8)	0.040	-1.022	0.111	-3.235	-0.366	-0.305	-85.46	-2.61	132.28	6.566	18.228	-8.624	0.31186	-0.25903	-0.62628	0.66580	25.5	13111	100
2025-5-11 11:11:11.667	WTBenchPress#5(CEA7A127C8E8)	0.039	-1.021	0.110	-3.296	-0.366	-0.305	-85.51	-2.61	132.28	6.566	18.228	-8.624	0.31104	-0.25919	-0.62750	0.66498	25.5	13111	100
2025-5-11 11:11:11.667	WTBenchPress#5(CEA7A127C8E8)	0.039	-1.022	0.109	-3.357	-0.427	-0.305	-85.55	-2.61	132.28	6.566	18.228	-8.624	0.31104	-0.25919	-0.62750	0.66498	25.5	13111	100
2025-5-11 11:11:11.698	WTBenchPress#5(CEA7A127C8E8)	0.039	-1.022	0.108	-3.174	-0.366	-0.305	-85.59	-2.61	132.28	6.566	18.228	-8.624	0.31104	-0.25919	-0.62750	0.66498	25.5	13111	100
2025-5-11 11:11:11.698	WTBenchPress#5(CEA7A127C8E8)	0.039	-1.023	0.108	-2.930	-0.366	-0.305	-85.63	-2.62	132.28	6.566	18.228	-8.624	0.31104	-0.25919	-0.62750	0.66498	25.5	13111	100
2025-5-11 11:11:11.757	WTBenchPress#5(CEA7A127C8E8)	0.039	-1.023	0.108	-2.747	-0.427	-0.305	-85.67	-2.62	132.27	6.566	18.228	-8.624	0.31104	-0.25919	-0.62750	0.66498	25.5	13111	100
2025-5-11 11:11:11.757	WTBenchPress#5(CEA7A127C8E8)	0.039	-1.022	0.108	-2.563	-0.427	-0.244	-85.70	-2.62	132.26	6.566	18.228	-8.624	0.31104	-0.25919	-0.62750	0.66498	25.5	13111	100
2025-5-11 11:11:11.788	WTBenchPress#5(CEA7A127C8E8)	0.039	-1.022	0.109	-2.380	-0.427	-0.305	-85.73	-2.62	132.26	6.566	18.228	-8.624	0.31104	-0.25919	-0.62750	0.66498	25.5	13111	100
2025-5-11 11:11:11.788	WTBenchPress#5(CEA7A127C8E8)	0.040	-1.022	0.109	-2.197	-0.427	-0.305	-85.75	-2.63	132.26	6.566	18.228	-8.624	0.31104	-0.25919	-0.62750	0.66498	25.5	13111	100
2025-5-11 11:11:11.819	WTBenchPress#5(CEA7A127C8E8)	0.039	-1.023	0.109	-2.075	-0.427	-0.244	-85.77	-2.63	132.25	6.566	18.228	-8.624	0.31104	-0.25919	-0.62750	0.66498	25.5	13111	100
2025-5-11 11:11:11.820	WTBenchPress#5(CEA7A127C8E8)	0.039	-1.022	0.108	-1.892	-0.427	-0.244	-85.79	-2.63	132.24	6.566	18.228	-8.624	0.31104	-0.25919	-0.62750	0.66498	25.5	13111	100
2025-5-11 11:11:11.878	WTBenchPress#5(CEA7A127C8E8)	0.040	-1.022	0.107	-1.526	-0.488	-0.244	-85.80	-2.63	132.24	6.664	18.326	-8.428	0.31104	-0.25919	-0.62750	0.66498	25.5	13111	100
2025-5-11 11:11:11.878	WTBenchPress#5(CEA7A127C8E8)	0.040	-1.023	0.107	-1.160	-0.488	-0.244	-85.80	-2.63	132.23	6.664	18.326	-8.428	0.31104	-0.25919	-0.62750	0.66498	25.5	13111	100
2025-5-11 11:11:11.907	WTBenchPress#5(CEA7A127C8E8)	0.041	-1.022	0.108	-0.732	-0.488	-0.183	-85.79	-2.63	132.23	6.664	18.326	-8.428	0.31104	-0.25919	-0.62750	0.66498	25.5	13111	100
2025-5-11 11:11:11.907	WTBenchPress#5(CEA7A127C8E8)	0.040	-1.023	0.107	-0.305	-0.488	-0.122	-85.78	-2.63	132.23	6.664	18.326	-8.428	0.31104	-0.25919	-0.62750	0.66498	25.5	13111	100
2025-5-11 11:11:11.940	WTBenchPress#5(CEA7A127C8E8)	0.040	-1.021	0.108	0.000	-0.488	-0.183	-85.76	-2.63	132.22	6.664	18.326	-8.428	0.31104	-0.25919	-0.62750	0.66498	25.5	13111	100
2025-5-11 11:11:11.940	WTBenchPress#5(CEA7A127C8E8)	0.041	-1.022	0.108	0.305	-0.549	-0.122	-85.74	-2.62	132.21	6.664	18.326	-8.428	0.31104	-0.25919	-0.62750	0.66498	25.5	13111	100
2025-5-11 11:11:12.0	WTBenchPress#5(CEA7A127C8E8)	0.041	-1.023	0.109	0.427	-0.488	-0.183	-85.70	-2.62	132.21	6.664	18.326	-8.428	0.31104	-0.25919	-0.62750	0.66498	25.5	13111	100
2025-5-11 11:11:12.0	WTBenchPress#5(CEA7A127C8E8)	0.040	-1.023	0.109	0.549	-0.549	-0.122	-85.68	-2.62	132.20	6.664	18.326	-8.428	0.31104	-0.25919	-0.62750	0.66498	25.5	13111	100
2025-5-11 11:11:12.35	WTBenchPress#5(CEA7A127C8E8)	0.041	-1.021	0.109	0.732	-0.549	-0.122	-85.64	-2.62	132.20	6.664	18.326	-8.428	0.31104	-0.25919	-0.62750	0.66498	25.5	13111	100
2025-5-11 11:11:12.35	WTBenchPress#5(CEA7A127C8E8)	0.041	-1.021	0.108	0.916	-0.549	-0.183	-85.61	-2.62	132.19	6.664	18.326	-8.428	0.31149	-0.25980	-0.62762	0.66443	25.5	13111	100
2025-5-11 11:11:12.59	WTBenchPress#5(CEA7A127C8E8)	0.041	-1.023	0.108	1.160	-0.549	-0.183	-85.56	-2.62	132.19	6.664	18.326	-8.428	0.31149	-0.25980	-0.62762	0.66443	25.5	13111	100
2025-5-11 11:11:12.59	WTBenchPress#5(CEA7A127C8E8)	0.041	-1.022	0.109	1.282	-0.549	-0.122	-85.52	-2.62	132.19	6.664	18.326	-8.428	0.31149	-0.25980	-0.62762	0.66443	25.5	13111	100
2025-5-11 11:11:12.140	WTBenchPress#5(CEA7A127C8E8)	0.040	-1.023	0.109	1.404	-0.549	-0.122	-85.47	-2.62	132.19	6.664	18.326	-8.428	0.31149	-0.25980	-0.62762	0.66443	25.5	13111	100
2025-5-11 11:11:12.140	WTBenchPress#5(CEA7A127C8E8)	0.040	-1.022	0.109	1.343	-0.549	-0.122	-85.42	-2.61	132.19	6.664	18.326	-8.428	0.31149	-0.25980	-0.62762	0.66443	25.5	13111	100
2025-5-11 11:11:12.182	WTBenchPress#5(CEA7A127C8E8)	0.040	-1.021	0.111	1.343	-0.549	-0.122	-85.38	-2.61	132.19	6.664	18.326	-8.428	0.31149	-0.25980	-0.62762	0.66443	25.5	13111	100
2025-5-11 11:11:12.182	WTBenchPress#5(CEA7A127C8E8)	0.040	-1.024	0.111	1.099	-0.549	-0.183	-85.34	-2.61	132.19	6.664	18.326	-8.428	0.31149	-0.25980	-0.62762	0.66443	25.5	13111	100
2025-5-11 11:11:12.183	WTBenchPress#5(CEA7A127C8E8)	0.039	-1.023	0.112	0.854	-0.488	-0.122	-85.31	-2.61	132.19	6.664	18.326	-8.428	0.31149	-0.25980	-0.62762	0.66443	25.5	13111	100
2025-5-11 11:11:12.183	WTBenchPress#5(CEA7A127C8E8)	0.039	-1.021	0.112	0.610	-0.488	-0.122	-85.28	-2.61	132.19	6.664	18.326	-8.428	0.31149	-0.25980	-0.62762	0.66443	25.5	13111	100
2025-5-11 11:11:12.240	WTBenchPress#5(CEA7A127C8E8)	0.039	-1.022	0.111	0.366	-0.488	-0.183	-85.25	-2.61	132.19	6.664	18.326	-8.428	0.31149	-0.25980	-0.62762	0.66443	25.5	13111	100
2025-5-11 11:11:12.240	WTBenchPress#5(CEA7A127C8E8)	0.039	-1.022	0.111	0.122	-0.549	-0.183	-85.24	-2.61	132.20	6.664	18.326	-8.428	0.31149	-0.25980	-0.62762	0.66443	25.5	13111	100
2025-5-11 11:11:12.269	WTBenchPress#5(CEA7A127C8E8)	0.038	-1.022	0.112	0.061	-0.488	-0.183	-85.22	-2.61	132.20	6.664	18.326	-8.624	0.31149	-0.25980	-0.62762	0.66443	25.5	13111	100
2025-5-11 11:11:12.269	WTBenchPress#5(CEA7A127C8E8)	0.039	-1.023	0.112	-0.244	-0.427	-0.183	-85.20	-2.61	132.20	6.664	18.326	-8.624	0.31149	-0.25980	-0.62762	0.66443	25.5	13111	100
2025-5-11 11:11:12.300	WTBenchPress#5(CEA7A127C8E8)	0.039	-1.021	0.112	-0.488	-0.427	-0.183	-85.20	-2.61	132.21	6.664	18.326	-8.624	0.31149	-0.25980	-0.62762	0.66443	25.5	13111	100
2025-5-11 11:11:12.300	WTBenchPress#5(CEA7A127C8E8)	0.040	-1.021	0.112	-0.793	-0.427	0.000	-85.20	-2.61	132.21	6.664	18.326	-8.624	0.31149	-0.25980	-0.62762	0.66443	25.5	13111	100
2025-5-11 11:11:12.357	WTBenchPress#5(CEA7A127C8E8)	0.041	-1.022	0.112	-1.160	-0.427	0.000	-85.20	-2.60	132.21	6.664	18.326	-8.624	0.31149	-0.25980	-0.62762	0.66443	25.5	13111	100
2025-5-11 11:11:12.357	WTBenchPress#5(CEA7A127C8E8)	0.040	-1.023	0.113	-1.526	-0.427	0.000	-85.22	-2.60	132.21	6.664	18.326	-8.624	0.31149	-0.25980	-0.62762	0.66443	25.5	13111	100
2025-5-11 11:11:12.388	WTBenchPress#5(CEA7A127C8E8)	0.040	-1.022	0.111	-1.831	-0.427	0.000	-85.24	-2.59	132.21	6.664	18.326	-8.624	0.31149	-0.25980	-0.62762	0.66443	25.5	13111	100
2025-5-11 11:11:12.388	WTBenchPress#5(CEA7A127C8E8)	0.041	-1.022	0.112	-2.136	-0.366	0.000	-85.26	-2.59	132.21	6.664	18.326	-8.624	0.31149	-0.25980	-0.62762	0.66443	25.5	13111	100
2025-5-11 11:11:12.435	WTBenchPress#5(CEA7A127C8E8)	0.041	-1.021	0.111	-2.319	-0.366	0.000	-85.29	-2.59	132.21	6.664	18.326	-8.624	0.31149	-0.25980	-0.62762	0.66443	25.5	13111	100
2025-5-11 11:11:12.435	WTBenchPress#5(CEA7A127C8E8)	0.041	-1.023	0.112	-2.441	-0.366	-0.305	-85.32	-2.59	132.21	6.664	18.326	-8.624	0.31149	-0.25980	-0.62762	0.66443	25.5	13111	100
2025-5-11 11:11:12.477	WTBenchPress#5(CEA7A127C8E8)	0.040	-1.023	0.111	-2.625	-0.366	-0.305	-85.35	-2.59	132.21	6.664	18.326	-8.624	0.31171	-0.25934	-0.62643	0.66562	25.5	13111	100
2025-5-11 11:11:12.477	WTBenchPress#5(CEA7A127C8E8)	0.040	-1.022	0.111	-2.747	-0.366	-0.305	-85.39	-2.59	132.20	6.664	18.326	-8.624	0.31171	-0.25934	-0.62643	0.66562	25.5	13111	100
2025-5-11 11:11:12.507	WTBenchPress#5(CEA7A127C8E8)	0.041	-1.022	0.111	-2.991	-0.366	-0.305	-85.43	-2.60	132.20	6.664	18.326	-8.624	0.31171	-0.25934	-0.62643	0.66562	25.5	13111	100
2025-5-11 11:11:12.507	WTBenchPress#5(CEA7A127C8E8)	0.041	-1.023	0.110	-3.174	-0.366	-0.305	-85.47	-2.60	132.19	6.664	18.326	-8.624	0.31171	-0.25934	-0.62643	0.66562	25.5	13111	100
2025-5-11 11:11:12.541	WTBenchPress#5(CEA7A127C8E8)	0.040	-1.022	0.110	-3.174	-0.366	-0.305	-85.51	-2.60	132.19	6.664	18.326	-8.624	0.31171	-0.25934	-0.62643	0.66562	25.5	13111	100
2025-5-11 11:11:12.541	WTBenchPress#5(CEA7A127C8E8)	0.040	-1.022	0.109	-3.174	-0.366	-0.305	-85.56	-2.60	132.18	6.664	18.326	-8.624	0.31171	-0.25934	-0.62643	0.66562	25.5	13111	100
2025-5-11 11:11:12.598	WTBenchPress#5(CEA7A127C8E8)	0.040	-1.023	0.109	-2.991	-0.366	-0.305	-85.59	-2.61	132.18	6.664	18.326	-8.624	0.31171	-0.25934	-0.62643	0.66562	25.5	13111	100
2025-5-11 11:11:12.598	WTBenchPress#5(CEA7A127C8E8)	0.040	-1.023	0.109	-2.747	-0.366	-0.305	-85.63	-2.61	132.18	6.664	18.326	-8.624	0.31171	-0.25934	-0.62643	0.66562	25.5	13111	100
2025-5-11 11:11:12.634	WTBenchPress#5(CEA7A127C8E8)	0.039	-1.023	0.109	-2.563	-0.366	-0.244	-85.67	-2.61	132.17	6.664	18.326	-8.624	0.31171	-0.25934	-0.62643	0.66562	25.5	13111	100
2025-5-11 11:11:12.634	WTBenchPress#5(CEA7A127C8E8)	0.039	-1.022	0.109	-2.380	-0.427	-0.244	-85.69	-2.61	132.17	6.664	18.326	-8.624	0.31171	-0.25934	-0.62643	0.66562	25.5	13111	100
2025-5-11 11:11:12.657	WTBenchPress#5(CEA7A127C8E8)	0.040	-1.022	0.109	-2.136	-0.366	-0.244	-85.72	-2.61	132.17	6.664	18.326	-8.624	0.31171	-0.25934	-0.62643	0.66562	25.5	13111	100
2025-5-11 11:11:12.657	WTBenchPress#5(CEA7A127C8E8)	0.039	-1.022	0.108	-2.014	-0.427	-0.244	-85.74	-2.61	132.15	6.762	18.326	-8.526	0.31171	-0.25934	-0.62643	0.66562	25.5	13111	100
2025-5-11 11:11:12.718	WTBenchPress#5(CEA7A127C8E8)	0.039	-1.023	0.109	-1.831	-0.427	-0.244	-85.76	-2.61	132.15	6.762	18.326	-8.526	0.31171	-0.25934	-0.62643	0.66562	25.5	13111	100
2025-5-11 11:11:12.718	WTBenchPress#5(CEA7A127C8E8)	0.039	-1.023	0.108	-1.587	-0.427	-0.244	-85.77	-2.61	132.14	6.762	18.326	-8.526	0.31171	-0.25934	-0.62643	0.66562	25.5	13111	100
2025-5-11 11:11:12.746	WTBenchPress#5(CEA7A127C8E8)	0.039	-1.021	0.107	-1.282	-0.427	-0.183	-85.78	-2.61	132.13	6.762	18.326	-8.526	0.31171	-0.25934	-0.62643	0.66562	25.5	13111	100
2025-5-11 11:11:12.746	WTBenchPress#5(CEA7A127C8E8)	0.040	-1.022	0.107	-0.916	-0.427	-0.183	-85.78	-2.61	132.12	6.762	18.326	-8.526	0.31171	-0.25934	-0.62643	0.66562	25.5	13111	100
2025-5-11 11:11:12.777	WTBenchPress#5(CEA7A127C8E8)	0.039	-1.022	0.107	-0.549	-0.488	-0.244	-85.78	-2.61	132.12	6.762	18.326	-8.526	0.31171	-0.25934	-0.62643	0.66562	25.5	13111	100
2025-5-11 11:11:12.778	WTBenchPress#5(CEA7A127C8E8)	0.040	-1.022	0.108	-0.183	-0.488	-0.183	-85.76	-2.61	132.11	6.762	18.326	-8.526	0.31171	-0.25934	-0.62643	0.66562	25.5	13111	100
2025-5-11 11:11:12.838	WTBenchPress#5(CEA7A127C8E8)	0.039	-1.022	0.108	0.061	-0.488	-0.183	-85.74	-2.61	132.10	6.762	18.326	-8.526	0.31171	-0.25934	-0.62643	0.66562	25.5	13111	100
2025-5-11 11:11:12.838	WTBenchPress#5(CEA7A127C8E8)	0.040	-1.022	0.108	0.305	-0.488	-0.183	-85.72	-2.61	132.09	6.762	18.326	-8.526	0.31171	-0.25934	-0.62643	0.66562	25.5	13111	100
2025-5-11 11:11:12.867	WTBenchPress#5(CEA7A127C8E8)	0.041	-1.022	0.109	0.427	-0.488	-0.183	-85.69	-2.61	132.09	6.762	18.326	-8.526	0.31174	-0.26068	-0.62808	0.66351	25.5	13111	100
2025-5-11 11:11:12.867	WTBenchPress#5(CEA7A127C8E8)	0.041	-1.022	0.108	0.610	-0.488	-0.183	-85.66	-2.61	132.09	6.762	18.326	-8.526	0.31174	-0.26068	-0.62808	0.66351	25.5	13111	100
2025-5-11 11:11:12.933	WTBenchPress#5(CEA7A127C8E8)	0.041	-1.022	0.109	0.793	-0.488	-0.122	-85.63	-2.61	132.08	6.762	18.326	-8.526	0.31174	-0.26068	-0.62808	0.66351	25.5	13111	100
2025-5-11 11:11:12.933	WTBenchPress#5(CEA7A127C8E8)	0.041	-1.022	0.108	0.977	-0.488	-0.122	-85.59	-2.61	132.08	6.762	18.326	-8.526	0.31174	-0.26068	-0.62808	0.66351	25.5	13111	100
2025-5-11 11:11:12.956	WTBenchPress#5(CEA7A127C8E8)	0.040	-1.022	0.109	1.099	-0.488	-0.122	-85.55	-2.61	132.08	6.762	18.326	-8.526	0.31174	-0.26068	-0.62808	0.66351	25.5	13111	100
2025-5-11 11:11:12.956	WTBenchPress#5(CEA7A127C8E8)	0.040	-1.022	0.110	1.221	-0.549	-0.122	-85.51	-2.61	132.08	6.762	18.326	-8.526	0.31174	-0.26068	-0.62808	0.66351	25.5	13111	100
2025-5-11 11:11:12.988	WTBenchPress#5(CEA7A127C8E8)	0.041	-1.023	0.110	1.221	-0.488	-0.122	-85.47	-2.61	132.08	6.762	18.326	-8.526	0.31174	-0.26068	-0.62808	0.66351	25.5	13111	100
2025-5-11 11:11:12.988	WTBenchPress#5(CEA7A127C8E8)	0.040	-1.022	0.110	1.160	-0.488	-0.122	-85.42	-2.61	132.08	6.762	18.326	-8.526	0.31174	-0.26068	-0.62808	0.66351	25.5	13111	100
2025-5-11 11:11:13.47	WTBenchPress#5(CEA7A127C8E8)	0.040	-1.022	0.110	1.038	-0.488	-0.122	-85.39	-2.60	132.08	6.762	18.326	-8.526	0.31174	-0.26068	-0.62808	0.66351	25.5	13111	100
2025-5-11 11:11:13.47	WTBenchPress#5(CEA7A127C8E8)	0.040	-1.022	0.111	0.916	-0.549	-0.122	-85.35	-2.60	132.07	6.762	18.326	-8.526	0.31174	-0.26068	-0.62808	0.66351	25.5	13111	100
2025-5-11 11:11:13.77	WTBenchPress#5(CEA7A127C8E8)	0.040	-1.023	0.111	0.732	-0.549	-0.183	-85.31	-2.60	132.08	6.664	18.424	-8.624	0.31174	-0.26068	-0.62808	0.66351	25.5	13111	100
2025-5-11 11:11:13.77	WTBenchPress#5(CEA7A127C8E8)	0.040	-1.022	0.111	0.549	-0.488	-0.122	-85.29	-2.60	132.08	6.664	18.424	-8.624	0.31174	-0.26068	-0.62808	0.66351	25.5	13111	100
2025-5-11 11:11:13.107	WTBenchPress#5(CEA7A127C8E8)	0.040	-1.022	0.111	0.305	-0.488	-0.183	-85.26	-2.60	132.09	6.664	18.424	-8.624	0.31174	-0.26068	-0.62808	0.66351	25.5	13111	100
2025-5-11 11:11:13.108	WTBenchPress#5(CEA7A127C8E8)	0.039	-1.022	0.112	0.122	-0.488	0.000	-85.24	-2.60	132.09	6.664	18.424	-8.624	0.31174	-0.26068	-0.62808	0.66351	25.5	13111	100
2025-5-11 11:11:13.167	WTBenchPress#5(CEA7A127C8E8)	0.040	-1.022	0.112	-0.183	-0.488	0.000	-85.22	-2.60	132.09	6.664	18.424	-8.624	0.31174	-0.26068	-0.62808	0.66351	25.5	13111	100
2025-5-11 11:11:13.167	WTBenchPress#5(CEA7A127C8E8)	0.040	-1.021	0.111	-0.427	-0.488	0.000	-85.21	-2.59	132.10	6.664	18.424	-8.624	0.31174	-0.26068	-0.62808	0.66351	25.5	13111	100
2025-5-11 11:11:13.201	WTBenchPress#5(CEA7A127C8E8)	0.039	-1.022	0.112	-0.732	-0.488	0.000	-85.20	-2.59	132.11	6.664	18.424	-8.624	0.31174	-0.26068	-0.62808	0.66351	25.5	13111	100
2025-5-11 11:11:13.201	WTBenchPress#5(CEA7A127C8E8)	0.040	-1.022	0.112	-0.977	-0.427	0.000	-85.20	-2.59	132.11	6.664	18.424	-8.624	0.31174	-0.26068	-0.62808	0.66351	25.5	13111	100
2025-5-11 11:11:13.232	WTBenchPress#5(CEA7A127C8E8)	0.040	-1.021	0.111	-1.282	-0.488	0.000	-85.21	-2.58	132.11	6.664	18.424	-8.624	0.31174	-0.26068	-0.62808	0.66351	25.5	13111	100
2025-5-11 11:11:13.232	WTBenchPress#5(CEA7A127C8E8)	0.039	-1.022	0.112	-1.526	-0.427	0.000	-85.22	-2.58	132.12	6.664	18.424	-8.624	0.31174	-0.26068	-0.62808	0.66351	25.5	13111	100
2025-5-11 11:11:13.317	WTBenchPress#5(CEA7A127C8E8)	0.039	-1.023	0.112	-1.831	-0.427	0.000	-85.24	-2.58	132.13	6.664	18.424	-8.624	0.31226	-0.25952	-0.62555	0.66611	25.5	13111	100
2025-5-11 11:11:13.318	WTBenchPress#5(CEA7A127C8E8)	0.040	-1.022	0.112	-2.136	-0.427	0.000	-85.26	-2.57	132.14	6.664	18.424	-8.624	0.31226	-0.25952	-0.62555	0.66611	25.5	13111	100
2025-5-11 11:11:13.332	WTBenchPress#5(CEA7A127C8E8)	0.040	-1.022	0.112	-2.380	-0.366	0.000	-85.29	-2.57	132.14	6.664	18.424	-8.624	0.31226	-0.25952	-0.62555	0.66611	25.5	13111	100
2025-5-11 11:11:13.332	WTBenchPress#5(CEA7A127C8E8)	0.040	-1.022	0.111	-2.686	-0.427	-0.305	-85.32	-2.57	132.14	6.664	18.424	-8.624	0.31226	-0.25952	-0.62555	0.66611	25.5	13111	100
2025-5-11 11:11:13.347	WTBenchPress#5(CEA7A127C8E8)	0.040	-1.022	0.111	-2.930	-0.427	-0.305	-85.36	-2.57	132.14	6.664	18.424	-8.624	0.31226	-0.25952	-0.62555	0.66611	25.5	13111	100
2025-5-11 11:11:13.347	WTBenchPress#5(CEA7A127C8E8)	0.040	-1.021	0.110	-3.052	-0.427	-0.305	-85.40	-2.57	132.13	6.664	18.424	-8.624	0.31226	-0.25952	-0.62555	0.66611	25.5	13111	100
2025-5-11 11:11:13.437	WTBenchPress#5(CEA7A127C8E8)	0.041	-1.022	0.110	-3.113	-0.427	-0.305	-85.45	-2.58	132.13	6.664	18.424	-8.624	0.31226	-0.25952	-0.62555	0.66611	25.5	13111	100
2025-5-11 11:11:13.437	WTBenchPress#5(CEA7A127C8E8)	0.041	-1.023	0.109	-3.052	-0.427	-0.366	-85.48	-2.58	132.13	6.664	18.424	-8.624	0.31226	-0.25952	-0.62555	0.66611	25.5	13111	100
2025-5-11 11:11:13.438	WTBenchPress#5(CEA7A127C8E8)	0.040	-1.023	0.109	-2.930	-0.427	-0.305	-85.52	-2.58	132.13	6.664	18.424	-8.624	0.31226	-0.25952	-0.62555	0.66611	25.5	13111	100
2025-5-11 11:11:13.438	WTBenchPress#5(CEA7A127C8E8)	0.040	-1.022	0.109	-2.869	-0.366	-0.305	-85.56	-2.58	132.13	6.664	18.424	-8.624	0.31226	-0.25952	-0.62555	0.66611	25.5	13111	100
2025-5-11 11:11:13.499	WTBenchPress#5(CEA7A127C8E8)	0.040	-1.022	0.109	-2.808	-0.427	-0.305	-85.60	-2.59	132.12	6.664	18.424	-8.624	0.31226	-0.25952	-0.62555	0.66611	25.5	13111	100
2025-5-11 11:11:13.499	WTBenchPress#5(CEA7A127C8E8)	0.040	-1.022	0.109	-2.747	-0.427	-0.305	-85.63	-2.59	132.12	6.664	18.326	-8.526	0.31226	-0.25952	-0.62555	0.66611	25.5	13111	100
2025-5-11 11:11:13.534	WTBenchPress#5(CEA7A127C8E8)	0.039	-1.023	0.109	-2.686	-0.427	-0.305	-85.67	-2.59	132.12	6.664	18.326	-8.526	0.31226	-0.25952	-0.62555	0.66611	25.5	13111	100
2025-5-11 11:11:13.534	WTBenchPress#5(CEA7A127C8E8)	0.040	-1.022	0.109	-2.625	-0.427	-0.244	-85.70	-2.59	132.11	6.664	18.326	-8.526	0.31226	-0.25952	-0.62555	0.66611	25.5	13111	100
2025-5-11 11:11:13.557	WTBenchPress#5(CEA7A127C8E8)	0.040	-1.022	0.108	-2.258	-0.427	-0.305	-85.72	-2.60	132.11	6.664	18.326	-8.526	0.31226	-0.25952	-0.62555	0.66611	25.5	13111	100
2025-5-11 11:11:13.557	WTBenchPress#5(CEA7A127C8E8)	0.039	-1.022	0.107	-1.892	-0.427	-0.244	-85.74	-2.60	132.09	6.664	18.326	-8.526	0.31226	-0.25952	-0.62555	0.66611	25.5	13111	100
2025-5-11 11:11:13.588	WTBenchPress#5(CEA7A127C8E8)	0.040	-1.022	0.108	-1.465	-0.427	-0.183	-85.75	-2.60	132.09	6.664	18.326	-8.526	0.31226	-0.25952	-0.62555	0.66611	25.5	13111	100
2025-5-11 11:11:13.588	WTBenchPress#5(CEA7A127C8E8)	0.039	-1.023	0.109	-1.282	-0.427	-0.244	-85.75	-2.60	132.08	6.664	18.326	-8.526	0.31226	-0.25952	-0.62555	0.66611	25.5	13111	100
2025-5-11 11:11:13.647	WTBenchPress#5(CEA7A127C8E8)	0.039	-1.023	0.108	-1.099	-0.427	-0.183	-85.75	-2.60	132.07	6.664	18.326	-8.526	0.31226	-0.25952	-0.62555	0.66611	25.5	13111	100
2025-5-11 11:11:13.647	WTBenchPress#5(CEA7A127C8E8)	0.039	-1.021	0.109	-0.977	-0.427	-0.244	-85.75	-2.60	132.06	6.664	18.326	-8.526	0.31226	-0.25952	-0.62555	0.66611	25.5	13111	100
2025-5-11 11:11:13.677	WTBenchPress#5(CEA7A127C8E8)	0.039	-1.022	0.109	-0.793	-0.488	-0.244	-85.75	-2.60	132.05	6.664	18.326	-8.526	0.31180	-0.26117	-0.62827	0.66312	25.5	13111	100
2025-5-11 11:11:13.677	WTBenchPress#5(CEA7A127C8E8)	0.039	-1.023	0.108	-0.549	-0.488	-0.183	-85.74	-2.60	132.04	6.664	18.326	-8.526	0.31180	-0.26117	-0.62827	0.66312	25.5	13111	100
2025-5-11 11:11:13.707	WTBenchPress#5(CEA7A127C8E8)	0.039	-1.022	0.108	-0.244	-0.488	-0.183	-85.73	-2.60	132.03	6.664	18.326	-8.526	0.31180	-0.26117	-0.62827	0.66312	25.5	13111	100
2025-5-11 11:11:13.708	WTBenchPress#5(CEA7A127C8E8)	0.039	-1.022	0.107	0.122	-0.427	-0.183	-85.70	-2.60	132.02	6.664	18.326	-8.526	0.31180	-0.26117	-0.62827	0.66312	25.5	13111	100
2025-5-11 11:11:13.767	WTBenchPress#5(CEA7A127C8E8)	0.040	-1.022	0.108	0.488	-0.488	-0.183	-85.67	-2.60	132.02	6.664	18.326	-8.526	0.31180	-0.26117	-0.62827	0.66312	25.5	13111	100
2025-5-11 11:11:13.767	WTBenchPress#5(CEA7A127C8E8)	0.041	-1.022	0.109	0.732	-0.427	-0.183	-85.64	-2.60	132.02	6.664	18.326	-8.526	0.31180	-0.26117	-0.62827	0.66312	25.5	13111	100
2025-5-11 11:11:13.798	WTBenchPress#5(CEA7A127C8E8)	0.040	-1.022	0.109	0.793	-0.427	-0.183	-85.60	-2.60	132.01	6.664	18.326	-8.526	0.31180	-0.26117	-0.62827	0.66312	25.5	13111	100
2025-5-11 11:11:13.798	WTBenchPress#5(CEA7A127C8E8)	0.040	-1.022	0.109	0.793	-0.488	-0.122	-85.57	-2.60	132.01	6.664	18.326	-8.526	0.31180	-0.26117	-0.62827	0.66312	25.5	13111	100
2025-5-11 11:11:13.832	WTBenchPress#5(CEA7A127C8E8)	0.041	-1.022	0.109	0.793	-0.488	-0.122	-85.53	-2.60	132.01	6.664	18.326	-8.526	0.31180	-0.26117	-0.62827	0.66312	25.5	13111	100
2025-5-11 11:11:13.832	WTBenchPress#5(CEA7A127C8E8)	0.041	-1.022	0.109	0.854	-0.427	-0.183	-85.50	-2.60	132.00	6.664	18.326	-8.526	0.31180	-0.26117	-0.62827	0.66312	25.5	13111	100
2025-5-11 11:11:13.888	WTBenchPress#5(CEA7A127C8E8)	0.041	-1.022	0.110	0.916	-0.488	-0.122	-85.46	-2.59	132.00	6.762	18.522	-8.526	0.31180	-0.26117	-0.62827	0.66312	25.5	13111	100
2025-5-11 11:11:13.888	WTBenchPress#5(CEA7A127C8E8)	0.041	-1.022	0.110	0.977	-0.488	-0.122	-85.42	-2.59	132.00	6.762	18.522	-8.526	0.31180	-0.26117	-0.62827	0.66312	25.5	13111	100
2025-5-11 11:11:13.917	WTBenchPress#5(CEA7A127C8E8)	0.041	-1.022	0.110	1.038	-0.488	-0.122	-85.38	-2.59	132.00	6.762	18.522	-8.526	0.31180	-0.26117	-0.62827	0.66312	25.5	13111	100
2025-5-11 11:11:13.917	WTBenchPress#5(CEA7A127C8E8)	0.041	-1.022	0.110	1.038	-0.488	-0.122	-85.34	-2.59	132.00	6.762	18.522	-8.526	0.31180	-0.26117	-0.62827	0.66312	25.5	13111	100
2025-5-11 11:11:13.978	WTBenchPress#5(CEA7A127C8E8)	0.041	-1.022	0.111	0.916	-0.488	-0.122	-85.31	-2.59	132.00	6.762	18.522	-8.526	0.31180	-0.26117	-0.62827	0.66312	25.5	13111	100
2025-5-11 11:11:13.978	WTBenchPress#5(CEA7A127C8E8)	0.040	-1.023	0.112	0.610	-0.488	-0.122	-85.28	-2.59	132.00	6.762	18.522	-8.526	0.31180	-0.26117	-0.62827	0.66312	25.5	13111	100
2025-5-11 11:11:14.8	WTBenchPress#5(CEA7A127C8E8)	0.040	-1.022	0.112	0.305	-0.488	-0.122	-85.25	-2.59	132.00	6.762	18.522	-8.526	0.31180	-0.26117	-0.62827	0.66312	25.5	13111	100
2025-5-11 11:11:14.8	WTBenchPress#5(CEA7A127C8E8)	0.040	-1.021	0.111	0.000	-0.427	-0.183	-85.24	-2.59	132.00	6.762	18.522	-8.526	0.31180	-0.26117	-0.62827	0.66312	25.5	13111	100
2025-5-11 11:11:14.39	WTBenchPress#5(CEA7A127C8E8)	0.040	-1.022	0.111	-0.244	-0.488	-0.244	-85.23	-2.59	132.00	6.762	18.522	-8.526	0.31180	-0.26117	-0.62827	0.66312	25.5	13111	100
2025-5-11 11:11:14.39	WTBenchPress#5(CEA7A127C8E8)	0.041	-1.023	0.111	-0.427	-0.427	-0.244	-85.22	-2.59	132.00	6.762	18.522	-8.526	0.31180	-0.26117	-0.62827	0.66312	25.5	13111	100
2025-5-11 11:11:14.70	WTBenchPress#5(CEA7A127C8E8)	0.040	-1.023	0.112	-0.671	-0.427	0.000	-85.22	-2.59	132.01	6.762	18.522	-8.526	0.31180	-0.26117	-0.62827	0.66312	25.5	13111	100
2025-5-11 11:11:14.70	WTBenchPress#5(CEA7A127C8E8)	0.039	-1.022	0.111	-0.854	-0.427	0.000	-85.22	-2.59	132.01	6.762	18.522	-8.526	0.31317	-0.26001	-0.62506	0.66595	25.5	13111	100
2025-5-11 11:11:14.128	WTBenchPress#5(CEA7A127C8E8)	0.039	-1.021	0.111	-1.038	-0.427	0.000	-85.22	-2.58	132.01	6.762	18.522	-8.526	0.31317	-0.26001	-0.62506	0.66595	25.5	13111	100
2025-5-11 11:11:14.128	WTBenchPress#5(CEA7A127C8E8)	0.040	-1.021	0.111	-1.343	-0.427	-0.305	-85.23	-2.59	132.01	6.762	18.522	-8.526	0.31317	-0.26001	-0.62506	0.66595	25.5	13111	100
2025-5-11 11:11:14.156	WTBenchPress#5(CEA7A127C8E8)	0.039	-1.023	0.112	-1.709	-0.427	-0.305	-85.25	-2.59	132.01	6.762	18.522	-8.526	0.31317	-0.26001	-0.62506	0.66595	25.5	13111	100
2025-5-11 11:11:14.156	WTBenchPress#5(CEA7A127C8E8)	0.039	-1.023	0.112	-2.075	-0.427	-0.244	-85.27	-2.59	132.01	6.762	18.522	-8.526	0.31317	-0.26001	-0.62506	0.66595	25.5	13111	100
2025-5-11 11:11:14.187	WTBenchPress#5(CEA7A127C8E8)	0.040	-1.021	0.111	-2.686	-0.427	-0.305	-85.30	-2.59	132.01	6.762	18.522	-8.526	0.31317	-0.26001	-0.62506	0.66595	25.5	13111	100
2025-5-11 11:11:14.188	WTBenchPress#5(CEA7A127C8E8)	0.039	-1.021	0.109	-2.747	-0.427	-0.305	-85.34	-2.59	132.02	6.762	18.522	-8.526	0.31317	-0.26001	-0.62506	0.66595	25.5	13111	100
2025-5-11 11:11:14.248	WTBenchPress#5(CEA7A127C8E8)	0.040	-1.023	0.110	-2.747	-0.427	-0.305	-85.37	-2.59	132.01	6.762	18.522	-8.526	0.31317	-0.26001	-0.62506	0.66595	25.5	13111	100
2025-5-11 11:11:14.248	WTBenchPress#5(CEA7A127C8E8)	0.040	-1.024	0.110	-2.747	-0.427	-0.244	-85.41	-2.60	132.01	6.762	18.522	-8.526	0.31317	-0.26001	-0.62506	0.66595	25.5	13111	100
2025-5-11 11:11:14.277	WTBenchPress#5(CEA7A127C8E8)	0.040	-1.023	0.110	-2.808	-0.427	-0.244	-85.45	-2.60	132.00	6.762	18.522	-8.526	0.31317	-0.26001	-0.62506	0.66595	25.5	13111	100
2025-5-11 11:11:14.277	WTBenchPress#5(CEA7A127C8E8)	0.039	-1.021	0.109	-2.869	-0.427	-0.305	-85.48	-2.60	132.00	6.762	18.424	-8.526	0.31317	-0.26001	-0.62506	0.66595	25.5	13111	100
2025-5-11 11:11:14.348	WTBenchPress#5(CEA7A127C8E8)	0.041	-1.021	0.110	-2.930	-0.427	-0.305	-85.52	-2.60	131.99	6.762	18.424	-8.526	0.31317	-0.26001	-0.62506	0.66595	25.5	13111	100
2025-5-11 11:11:14.348	WTBenchPress#5(CEA7A127C8E8)	0.040	-1.023	0.111	-2.930	-0.427	-0.366	-85.56	-2.60	131.99	6.762	18.424	-8.526	0.31317	-0.26001	-0.62506	0.66595	25.5	13111	100
2025-5-11 11:11:14.367	WTBenchPress#5(CEA7A127C8E8)	0.040	-1.023	0.109	-2.930	-0.488	-0.305	-85.59	-2.61	131.98	6.762	18.424	-8.526	0.31317	-0.26001	-0.62506	0.66595	25.5	13111	100
2025-5-11 11:11:14.367	WTBenchPress#5(CEA7A127C8E8)	0.041	-1.022	0.109	-2.747	-0.427	-0.244	-85.63	-2.61	131.98	6.762	18.424	-8.526	0.31317	-0.26001	-0.62506	0.66595	25.5	13111	100
2025-5-11 11:11:14.398	WTBenchPress#5(CEA7A127C8E8)	0.041	-1.022	0.107	-2.563	-0.427	-0.305	-85.67	-2.61	131.97	6.762	18.424	-8.526	0.31317	-0.26001	-0.62506	0.66595	25.5	13111	100
2025-5-11 11:11:14.398	WTBenchPress#5(CEA7A127C8E8)	0.040	-1.021	0.108	-2.319	-0.427	-0.305	-85.69	-2.61	131.97	6.762	18.424	-8.526	0.31317	-0.26001	-0.62506	0.66595	25.5	13111	100
2025-5-11 11:11:14.456	WTBenchPress#5(CEA7A127C8E8)	0.040	-1.024	0.108	-1.892	-0.427	-0.244	-85.72	-2.61	131.96	6.762	18.424	-8.526	0.31317	-0.26001	-0.62506	0.66595	25.5	13111	100
2025-5-11 11:11:14.456	WTBenchPress#5(CEA7A127C8E8)	0.040	-1.023	0.108	-1.709	-0.488	-0.244	-85.73	-2.61	131.96	6.762	18.424	-8.526	0.31317	-0.26001	-0.62506	0.66595	25.5	13111	100
2025-5-11 11:11:14.487	WTBenchPress#5(CEA7A127C8E8)	0.040	-1.021	0.109	-1.465	-0.427	-0.183	-85.74	-2.61	131.96	6.762	18.424	-8.526	0.31244	-0.26157	-0.62808	0.66284	25.5	13111	100
2025-5-11 11:11:14.487	WTBenchPress#5(CEA7A127C8E8)	0.040	-1.021	0.109	-1.221	-0.488	-0.183	-85.75	-2.61	131.95	6.762	18.424	-8.526	0.31244	-0.26157	-0.62808	0.66284	25.5	13111	100
2025-5-11 11:11:14.517	WTBenchPress#5(CEA7A127C8E8)	0.041	-1.023	0.108	-1.038	-0.488	-0.183	-85.75	-2.61	131.94	6.762	18.424	-8.526	0.31244	-0.26157	-0.62808	0.66284	25.5	13111	100
2025-5-11 11:11:14.517	WTBenchPress#5(CEA7A127C8E8)	0.040	-1.021	0.108	-0.977	-0.488	-0.244	-85.75	-2.61	131.93	6.762	18.424	-8.526	0.31244	-0.26157	-0.62808	0.66284	25.5	13111	100
2025-5-11 11:11:14.577	WTBenchPress#5(CEA7A127C8E8)	0.040	-1.021	0.109	-0.610	-0.549	-0.183	-85.75	-2.62	131.93	6.762	18.424	-8.526	0.31244	-0.26157	-0.62808	0.66284	25.5	13111	100
2025-5-11 11:11:14.577	WTBenchPress#5(CEA7A127C8E8)	0.040	-1.025	0.108	-0.305	-0.549	-0.183	-85.74	-2.62	131.93	6.762	18.424	-8.526	0.31244	-0.26157	-0.62808	0.66284	25.5	13111	100
2025-5-11 11:11:14.608	WTBenchPress#5(CEA7A127C8E8)	0.040	-1.021	0.108	0.061	-0.488	-0.183	-85.72	-2.62	131.93	6.762	18.424	-8.526	0.31244	-0.26157	-0.62808	0.66284	25.5	13111	100
2025-5-11 11:11:14.608	WTBenchPress#5(CEA7A127C8E8)	0.040	-1.023	0.109	0.549	-0.488	-0.122	-85.69	-2.61	131.94	6.762	18.424	-8.526	0.31244	-0.26157	-0.62808	0.66284	25.5	13111	100
2025-5-11 11:11:14.650	WTBenchPress#5(CEA7A127C8E8)	0.040	-1.025	0.108	0.732	-0.488	-0.122	-85.66	-2.61	131.93	6.762	18.424	-8.526	0.31244	-0.26157	-0.62808	0.66284	25.5	13111	100
2025-5-11 11:11:14.650	WTBenchPress#5(CEA7A127C8E8)	0.040	-1.020	0.111	0.854	-0.488	-0.122	-85.62	-2.61	131.93	6.762	18.424	-8.526	0.31244	-0.26157	-0.62808	0.66284	25.5	13111	100
2025-5-11 11:11:14.698	WTBenchPress#5(CEA7A127C8E8)	0.039	-1.020	0.109	0.916	-0.488	-0.183	-85.58	-2.61	131.93	6.664	18.424	-8.428	0.31244	-0.26157	-0.62808	0.66284	25.5	13111	100
2025-5-11 11:11:14.698	WTBenchPress#5(CEA7A127C8E8)	0.040	-1.024	0.110	0.916	-0.488	-0.122	-85.55	-2.61	131.93	6.664	18.424	-8.428	0.31244	-0.26157	-0.62808	0.66284	25.5	13111	100
2025-5-11 11:11:14.757	WTBenchPress#5(CEA7A127C8E8)	0.039	-1.022	0.109	0.732	-0.488	-0.122	-85.51	-2.61	131.93	6.664	18.424	-8.428	0.31244	-0.26157	-0.62808	0.66284	25.5	13111	100
2025-5-11 11:11:14.757	WTBenchPress#5(CEA7A127C8E8)	0.039	-1.021	0.110	0.916	-0.488	-0.183	-85.47	-2.61	131.92	6.664	18.424	-8.428	0.31244	-0.26157	-0.62808	0.66284	25.5	13111	100
2025-5-11 11:11:14.757	WTBenchPress#5(CEA7A127C8E8)	0.040	-1.023	0.110	0.916	-0.488	-0.122	-85.44	-2.61	131.92	6.664	18.424	-8.428	0.31244	-0.26157	-0.62808	0.66284	25.5	13111	100
2025-5-11 11:11:14.757	WTBenchPress#5(CEA7A127C8E8)	0.040	-1.021	0.111	1.038	-0.427	-0.122	-85.40	-2.61	131.93	6.664	18.424	-8.428	0.31244	-0.26157	-0.62808	0.66284	25.5	13111	100
2025-5-11 11:11:14.817	WTBenchPress#5(CEA7A127C8E8)	0.040	-1.023	0.111	0.854	-0.488	-0.122	-85.36	-2.60	131.93	6.664	18.424	-8.428	0.31244	-0.26157	-0.62808	0.66284	25.5	13111	100
2025-5-11 11:11:14.817	WTBenchPress#5(CEA7A127C8E8)	0.040	-1.022	0.111	0.732	-0.488	-0.183	-85.33	-2.60	131.95	6.664	18.424	-8.428	0.31244	-0.26157	-0.62808	0.66284	25.5	13111	100
2025-5-11 11:11:14.852	WTBenchPress#5(CEA7A127C8E8)	0.040	-1.022	0.112	0.549	-0.488	-0.122	-85.30	-2.60	131.95	6.664	18.424	-8.428	0.31244	-0.26157	-0.62808	0.66284	25.5	13111	100
2025-5-11 11:11:14.852	WTBenchPress#5(CEA7A127C8E8)	0.040	-1.022	0.111	0.366	-0.488	-0.183	-85.28	-2.60	131.96	6.664	18.424	-8.428	0.31244	-0.26157	-0.62808	0.66284	25.5	13111	100
2025-5-11 11:11:14.880	WTBenchPress#5(CEA7A127C8E8)	0.041	-1.023	0.112	0.061	-0.427	-0.183	-85.25	-2.60	131.97	6.664	18.424	-8.428	0.31244	-0.26157	-0.62808	0.66284	25.5	13111	100
2025-5-11 11:11:14.880	WTBenchPress#5(CEA7A127C8E8)	0.040	-1.022	0.111	-0.183	-0.427	-0.183	-85.24	-2.60	131.97	6.664	18.424	-8.428	0.31342	-0.26016	-0.62512	0.66571	25.5	13111	100
2025-5-11 11:11:14.948	WTBenchPress#5(CEA7A127C8E8)	0.041	-1.022	0.112	-0.427	-0.427	-0.183	-85.23	-2.60	131.98	6.664	18.424	-8.428	0.31342	-0.26016	-0.62512	0.66571	25.5	13111	100
2025-5-11 11:11:14.948	WTBenchPress#5(CEA7A127C8E8)	0.040	-1.022	0.111	-0.732	-0.427	0.000	-85.22	-2.60	131.98	6.664	18.424	-8.428	0.31342	-0.26016	-0.62512	0.66571	25.5	13111	100
2025-5-11 11:11:14.967	WTBenchPress#5(CEA7A127C8E8)	0.041	-1.022	0.111	-0.916	-0.427	0.000	-85.22	-2.60	131.99	6.664	18.424	-8.428	0.31342	-0.26016	-0.62512	0.66571	25.5	13111	100
2025-5-11 11:11:14.967	WTBenchPress#5(CEA7A127C8E8)	0.040	-1.023	0.111	-1.221	-0.427	0.000	-85.23	-2.59	131.99	6.664	18.424	-8.428	0.31342	-0.26016	-0.62512	0.66571	25.5	13111	100
2025-5-11 11:11:15.1	WTBenchPress#5(CEA7A127C8E8)	0.040	-1.022	0.110	-1.343	-0.427	0.000	-85.23	-2.59	131.99	6.664	18.424	-8.428	0.31342	-0.26016	-0.62512	0.66571	25.5	13111	100
2025-5-11 11:11:15.1	WTBenchPress#5(CEA7A127C8E8)	0.040	-1.021	0.112	-1.587	-0.427	0.000	-85.25	-2.59	131.99	6.664	18.424	-8.428	0.31342	-0.26016	-0.62512	0.66571	25.5	13111	100
2025-5-11 11:11:15.58	WTBenchPress#5(CEA7A127C8E8)	0.041	-1.022	0.112	-1.770	-0.366	0.000	-85.26	-2.58	132.00	6.664	18.424	-8.428	0.31342	-0.26016	-0.62512	0.66571	25.5	13111	100
2025-5-11 11:11:15.58	WTBenchPress#5(CEA7A127C8E8)	0.040	-1.024	0.112	-2.258	-0.366	0.000	-85.29	-2.58	132.00	6.664	18.424	-8.428	0.31342	-0.26016	-0.62512	0.66571	25.5	13111	100
2025-5-11 11:11:15.87	WTBenchPress#5(CEA7A127C8E8)	0.040	-1.021	0.112	-2.441	-0.427	0.000	-85.32	-2.58	132.00	6.664	18.424	-8.428	0.31342	-0.26016	-0.62512	0.66571	25.5	13111	100
2025-5-11 11:11:15.87	WTBenchPress#5(CEA7A127C8E8)	0.040	-1.021	0.110	-2.625	-0.366	-0.305	-85.35	-2.58	132.00	6.762	18.424	-8.722	0.31342	-0.26016	-0.62512	0.66571	25.5	13111	100
2025-5-11 11:11:15.118	WTBenchPress#5(CEA7A127C8E8)	0.040	-1.022	0.110	-2.747	-0.366	-0.366	-85.39	-2.58	132.01	6.762	18.424	-8.722	0.31342	-0.26016	-0.62512	0.66571	25.5	13111	100
2025-5-11 11:11:15.118	WTBenchPress#5(CEA7A127C8E8)	0.040	-1.024	0.110	-2.808	-0.366	-0.305	-85.42	-2.58	132.01	6.762	18.424	-8.722	0.31342	-0.26016	-0.62512	0.66571	25.5	13111	100
2025-5-11 11:11:15.177	WTBenchPress#5(CEA7A127C8E8)	0.039	-1.023	0.110	-2.808	-0.427	-0.244	-85.46	-2.59	132.01	6.762	18.424	-8.722	0.31342	-0.26016	-0.62512	0.66571	25.5	13111	100
2025-5-11 11:11:15.177	WTBenchPress#5(CEA7A127C8E8)	0.040	-1.021	0.109	-2.808	-0.427	-0.244	-85.50	-2.59	132.01	6.762	18.424	-8.722	0.31342	-0.26016	-0.62512	0.66571	25.5	13111	100
2025-5-11 11:11:15.208	WTBenchPress#5(CEA7A127C8E8)	0.039	-1.021	0.110	-2.747	-0.427	-0.305	-85.53	-2.59	132.01	6.762	18.424	-8.722	0.31342	-0.26016	-0.62512	0.66571	25.5	13111	100
2025-5-11 11:11:15.208	WTBenchPress#5(CEA7A127C8E8)	0.040	-1.024	0.111	-2.747	-0.366	-0.305	-85.57	-2.59	132.01	6.762	18.424	-8.722	0.31342	-0.26016	-0.62512	0.66571	25.5	13111	100
2025-5-11 11:11:15.246	WTBenchPress#5(CEA7A127C8E8)	0.039	-1.023	0.110	-2.808	-0.427	-0.305	-85.60	-2.59	132.02	6.762	18.424	-8.722	0.31342	-0.26016	-0.62512	0.66571	25.5	13111	100
2025-5-11 11:11:15.246	WTBenchPress#5(CEA7A127C8E8)	0.038	-1.022	0.109	-2.747	-0.427	-0.244	-85.63	-2.59	132.02	6.762	18.424	-8.722	0.31342	-0.26016	-0.62512	0.66571	25.5	13111	100
2025-5-11 11:11:15.328	WTBenchPress#5(CEA7A127C8E8)	0.039	-1.021	0.108	-2.625	-0.427	-0.305	-85.67	-2.60	132.01	6.762	18.424	-8.722	0.31216	-0.26123	-0.62778	0.66339	25.5	13111	100
2025-5-11 11:11:15.328	WTBenchPress#5(CEA7A127C8E8)	0.040	-1.022	0.108	-2.380	-0.427	-0.305	-85.69	-2.60	132.01	6.762	18.424	-8.722	0.31216	-0.26123	-0.62778	0.66339	25.5	13111	100
2025-5-11 11:11:15.329	WTBenchPress#5(CEA7A127C8E8)	0.039	-1.022	0.108	-2.136	-0.427	-0.305	-85.72	-2.60	132.00	6.762	18.424	-8.722	0.31216	-0.26123	-0.62778	0.66339	25.5	13111	100
2025-5-11 11:11:15.330	WTBenchPress#5(CEA7A127C8E8)	0.040	-1.024	0.109	-1.892	-0.427	-0.183	-85.73	-2.60	132.00	6.762	18.424	-8.722	0.31216	-0.26123	-0.62778	0.66339	25.5	13111	100
2025-5-11 11:11:15.359	WTBenchPress#5(CEA7A127C8E8)	0.040	-1.021	0.108	-1.648	-0.427	-0.183	-85.75	-2.60	131.99	6.762	18.424	-8.722	0.31216	-0.26123	-0.62778	0.66339	25.5	13111	100
2025-5-11 11:11:15.359	WTBenchPress#5(CEA7A127C8E8)	0.040	-1.021	0.108	-1.282	-0.427	-0.244	-85.75	-2.60	131.99	6.762	18.424	-8.722	0.31216	-0.26123	-0.62778	0.66339	25.5	13111	100
2025-5-11 11:11:15.443	WTBenchPress#5(CEA7A127C8E8)	0.040	-1.024	0.108	-0.977	-0.427	-0.244	-85.75	-2.60	131.98	6.762	18.424	-8.722	0.31216	-0.26123	-0.62778	0.66339	25.5	13111	100
2025-5-11 11:11:15.444	WTBenchPress#5(CEA7A127C8E8)	0.040	-1.023	0.108	-0.793	-0.488	-0.183	-85.75	-2.60	131.98	6.762	18.424	-8.722	0.31216	-0.26123	-0.62778	0.66339	25.5	13111	100
2025-5-11 11:11:15.451	WTBenchPress#5(CEA7A127C8E8)	0.040	-1.022	0.109	-0.610	-0.488	-0.183	-85.74	-2.60	131.98	6.762	18.424	-8.722	0.31216	-0.26123	-0.62778	0.66339	25.5	13111	100
2025-5-11 11:11:15.451	WTBenchPress#5(CEA7A127C8E8)	0.041	-1.021	0.108	-0.488	-0.488	-0.183	-85.73	-2.60	131.97	6.762	18.424	-8.722	0.31216	-0.26123	-0.62778	0.66339	25.5	13111	100
2025-5-11 11:11:15.476	WTBenchPress#5(CEA7A127C8E8)	0.041	-1.023	0.108	-0.244	-0.549	-0.183	-85.71	-2.60	131.97	6.762	18.424	-8.722	0.31216	-0.26123	-0.62778	0.66339	25.5	13111	100
2025-5-11 11:11:15.476	WTBenchPress#5(CEA7A127C8E8)	0.041	-1.023	0.107	-0.061	-0.549	-0.183	-85.69	-2.60	131.96	6.762	18.424	-8.722	0.31216	-0.26123	-0.62778	0.66339	25.5	13111	100
2025-5-11 11:11:15.540	WTBenchPress#5(CEA7A127C8E8)	0.040	-1.023	0.109	0.244	-0.549	-0.122	-85.67	-2.60	131.96	6.664	18.522	-8.428	0.31216	-0.26123	-0.62778	0.66339	25.5	13111	100
2025-5-11 11:11:15.540	WTBenchPress#5(CEA7A127C8E8)	0.040	-1.021	0.108	0.488	-0.488	-0.122	-85.63	-2.60	131.96	6.664	18.522	-8.428	0.31216	-0.26123	-0.62778	0.66339	25.5	13111	100
2025-5-11 11:11:15.567	WTBenchPress#5(CEA7A127C8E8)	0.041	-1.021	0.109	0.854	-0.488	-0.183	-85.60	-2.60	131.95	6.664	18.522	-8.428	0.31216	-0.26123	-0.62778	0.66339	25.5	13111	100
2025-5-11 11:11:15.567	WTBenchPress#5(CEA7A127C8E8)	0.040	-1.023	0.109	1.038	-0.488	-0.183	-85.56	-2.60	131.95	6.664	18.522	-8.428	0.31216	-0.26123	-0.62778	0.66339	25.5	13111	100
2025-5-11 11:11:15.598	WTBenchPress#5(CEA7A127C8E8)	0.040	-1.022	0.110	1.160	-0.488	-0.122	-85.52	-2.60	131.95	6.664	18.522	-8.428	0.31216	-0.26123	-0.62778	0.66339	25.5	13111	100
2025-5-11 11:11:15.598	WTBenchPress#5(CEA7A127C8E8)	0.040	-1.025	0.110	1.160	-0.549	-0.122	-85.47	-2.60	131.96	6.664	18.522	-8.428	0.31216	-0.26123	-0.62778	0.66339	25.5	13111	100
2025-5-11 11:11:15.659	WTBenchPress#5(CEA7A127C8E8)	0.039	-1.021	0.109	1.099	-0.488	-0.122	-85.44	-2.60	131.95	6.664	18.522	-8.428	0.31216	-0.26123	-0.62778	0.66339	25.5	13111	100
2025-5-11 11:11:15.659	WTBenchPress#5(CEA7A127C8E8)	0.039	-1.020	0.112	1.221	-0.488	-0.183	-85.39	-2.60	131.95	6.664	18.522	-8.428	0.31216	-0.26123	-0.62778	0.66339	25.5	13111	100
2025-5-11 11:11:15.689	WTBenchPress#5(CEA7A127C8E8)	0.039	-1.024	0.110	1.160	-0.488	-0.183	-85.35	-2.60	131.95	6.664	18.522	-8.428	0.31216	-0.26123	-0.62778	0.66339	25.5	13111	100
2025-5-11 11:11:15.690	WTBenchPress#5(CEA7A127C8E8)	0.039	-1.025	0.111	1.038	-0.488	-0.122	-85.31	-2.60	131.95	6.664	18.522	-8.428	0.31339	-0.26053	-0.62540	0.66534	25.5	13111	100
2025-5-11 11:11:15.719	WTBenchPress#5(CEA7A127C8E8)	0.038	-1.021	0.111	0.732	-0.488	-0.122	-85.28	-2.59	131.95	6.664	18.522	-8.428	0.31339	-0.26053	-0.62540	0.66534	25.5	13111	100
2025-5-11 11:11:15.720	WTBenchPress#5(CEA7A127C8E8)	0.039	-1.021	0.112	0.610	-0.488	-0.183	-85.25	-2.59	131.95	6.664	18.522	-8.428	0.31339	-0.26053	-0.62540	0.66534	25.5	13111	100
2025-5-11 11:11:15.777	WTBenchPress#5(CEA7A127C8E8)	0.040	-1.022	0.111	0.305	-0.427	-0.183	-85.23	-2.59	131.96	6.664	18.522	-8.428	0.31339	-0.26053	-0.62540	0.66534	25.5	13111	100
2025-5-11 11:11:15.777	WTBenchPress#5(CEA7A127C8E8)	0.040	-1.022	0.112	-0.061	-0.427	-0.244	-85.22	-2.59	131.97	6.664	18.522	-8.428	0.31339	-0.26053	-0.62540	0.66534	25.5	13111	100
2025-5-11 11:11:15.808	WTBenchPress#5(CEA7A127C8E8)	0.040	-1.023	0.113	-0.549	-0.427	-0.183	-85.21	-2.59	131.97	6.664	18.522	-8.428	0.31339	-0.26053	-0.62540	0.66534	25.5	13111	100
2025-5-11 11:11:15.808	WTBenchPress#5(CEA7A127C8E8)	0.040	-1.021	0.111	-0.793	-0.427	-0.183	-85.20	-2.59	131.98	6.664	18.522	-8.428	0.31339	-0.26053	-0.62540	0.66534	25.5	13111	100
2025-5-11 11:11:15.869	WTBenchPress#5(CEA7A127C8E8)	0.041	-1.022	0.111	-1.038	-0.366	0.000	-85.21	-2.59	131.98	6.664	18.522	-8.428	0.31339	-0.26053	-0.62540	0.66534	25.5	13111	100
2025-5-11 11:11:15.870	WTBenchPress#5(CEA7A127C8E8)	0.041	-1.022	0.110	-1.221	-0.427	0.000	-85.22	-2.59	132.00	6.664	18.522	-8.428	0.31339	-0.26053	-0.62540	0.66534	25.5	13111	100
2025-5-11 11:11:15.901	WTBenchPress#5(CEA7A127C8E8)	0.041	-1.023	0.111	-1.526	-0.366	0.000	-85.23	-2.58	132.00	6.664	18.522	-8.428	0.31339	-0.26053	-0.62540	0.66534	25.5	13111	100
2025-5-11 11:11:15.901	WTBenchPress#5(CEA7A127C8E8)	0.041	-1.021	0.112	-1.648	-0.366	0.000	-85.24	-2.58	132.01	6.566	18.326	-8.722	0.31339	-0.26053	-0.62540	0.66534	25.5	13111	100
2025-5-11 11:11:15.929	WTBenchPress#5(CEA7A127C8E8)	0.041	-1.022	0.111	-1.953	-0.427	0.000	-85.26	-2.58	132.02	6.566	18.326	-8.722	0.31339	-0.26053	-0.62540	0.66534	25.5	13111	100
2025-5-11 11:11:15.930	WTBenchPress#5(CEA7A127C8E8)	0.041	-1.022	0.112	-2.258	-0.366	-0.305	-85.28	-2.57	132.03	6.566	18.326	-8.722	0.31339	-0.26053	-0.62540	0.66534	25.5	13111	100
2025-5-11 11:11:15.987	WTBenchPress#5(CEA7A127C8E8)	0.041	-1.023	0.112	-2.686	-0.427	-0.305	-85.31	-2.58	132.03	6.566	18.326	-8.722	0.31339	-0.26053	-0.62540	0.66534	25.5	13111	100
2025-5-11 11:11:15.987	WTBenchPress#5(CEA7A127C8E8)	0.040	-1.021	0.110	-2.869	-0.427	-0.305	-85.35	-2.58	132.03	6.566	18.326	-8.722	0.31339	-0.26053	-0.62540	0.66534	25.5	13111	100
2025-5-11 11:11:16.18	WTBenchPress#5(CEA7A127C8E8)	0.040	-1.022	0.110	-2.869	-0.427	-0.305	-85.39	-2.58	132.04	6.566	18.326	-8.722	0.31339	-0.26053	-0.62540	0.66534	25.5	13111	100
2025-5-11 11:11:16.18	WTBenchPress#5(CEA7A127C8E8)	0.040	-1.023	0.109	-2.869	-0.427	-0.305	-85.42	-2.58	132.03	6.566	18.326	-8.722	0.31339	-0.26053	-0.62540	0.66534	25.5	13111	100
2025-5-11 11:11:16.46	WTBenchPress#5(CEA7A127C8E8)	0.040	-1.022	0.109	-2.808	-0.366	-0.305	-85.46	-2.59	132.03	6.566	18.326	-8.722	0.31339	-0.26053	-0.62540	0.66534	25.5	13111	100
2025-5-11 11:11:16.47	WTBenchPress#5(CEA7A127C8E8)	0.039	-1.021	0.109	-2.686	-0.366	-0.305	-85.50	-2.59	132.03	6.566	18.326	-8.722	0.31339	-0.26053	-0.62540	0.66534	25.5	13111	100
2025-5-11 11:11:16.108	WTBenchPress#5(CEA7A127C8E8)	0.039	-1.022	0.110	-2.625	-0.366	-0.305	-85.53	-2.59	132.02	6.566	18.326	-8.722	0.31339	-0.26053	-0.62540	0.66534	25.5	13111	100
2025-5-11 11:11:16.109	WTBenchPress#5(CEA7A127C8E8)	0.039	-1.022	0.110	-2.686	-0.427	-0.305	-85.56	-2.59	132.02	6.566	18.326	-8.722	0.31339	-0.26053	-0.62540	0.66534	25.5	13111	100
2025-5-11 11:11:16.146	WTBenchPress#5(CEA7A127C8E8)	0.039	-1.022	0.110	-2.686	-0.427	-0.305	-85.59	-2.60	132.01	6.566	18.326	-8.722	0.31232	-0.26099	-0.62735	0.66382	25.5	13111	100
2025-5-11 11:11:16.146	WTBenchPress#5(CEA7A127C8E8)	0.038	-1.023	0.109	-2.686	-0.427	-0.305	-85.63	-2.60	132.01	6.566	18.326	-8.722	0.31232	-0.26099	-0.62735	0.66382	25.5	13111	100
2025-5-11 11:11:16.167	WTBenchPress#5(CEA7A127C8E8)	0.039	-1.022	0.109	-2.563	-0.427	-0.305	-85.66	-2.60	132.01	6.566	18.326	-8.722	0.31232	-0.26099	-0.62735	0.66382	25.5	13111	100
2025-5-11 11:11:16.167	WTBenchPress#5(CEA7A127C8E8)	0.039	-1.023	0.108	-2.319	-0.427	-0.244	-85.69	-2.60	132.00	6.566	18.326	-8.722	0.31232	-0.26099	-0.62735	0.66382	25.5	13111	100
2025-5-11 11:11:16.228	WTBenchPress#5(CEA7A127C8E8)	0.038	-1.022	0.108	-2.014	-0.427	-0.244	-85.72	-2.60	132.00	6.566	18.326	-8.722	0.31232	-0.26099	-0.62735	0.66382	25.5	13111	100
2025-5-11 11:11:16.228	WTBenchPress#5(CEA7A127C8E8)	0.039	-1.023	0.108	-1.709	-0.427	-0.244	-85.73	-2.60	131.99	6.566	18.326	-8.722	0.31232	-0.26099	-0.62735	0.66382	25.5	13111	100
2025-5-11 11:11:16.258	WTBenchPress#5(CEA7A127C8E8)	0.040	-1.023	0.108	-1.404	-0.427	-0.183	-85.74	-2.60	131.98	6.566	18.326	-8.722	0.31232	-0.26099	-0.62735	0.66382	25.5	13111	100
2025-5-11 11:11:16.258	WTBenchPress#5(CEA7A127C8E8)	0.040	-1.022	0.108	-1.221	-0.427	-0.183	-85.75	-2.60	131.98	6.566	18.326	-8.722	0.31232	-0.26099	-0.62735	0.66382	25.5	13111	100
2025-5-11 11:11:16.287	WTBenchPress#5(CEA7A127C8E8)	0.040	-1.021	0.108	-1.038	-0.427	-0.244	-85.75	-2.60	131.98	6.566	18.326	-8.722	0.31232	-0.26099	-0.62735	0.66382	25.5	13111	100
2025-5-11 11:11:16.287	WTBenchPress#5(CEA7A127C8E8)	0.040	-1.022	0.108	-0.854	-0.488	-0.244	-85.74	-2.60	131.97	6.566	18.326	-8.722	0.31232	-0.26099	-0.62735	0.66382	25.5	13111	100
2025-5-11 11:11:16.349	WTBenchPress#5(CEA7A127C8E8)	0.040	-1.022	0.108	-0.549	-0.488	-0.244	-85.74	-2.60	131.97	6.762	18.326	-8.428	0.31232	-0.26099	-0.62735	0.66382	25.5	13111	100
2025-5-11 11:11:16.349	WTBenchPress#5(CEA7A127C8E8)	0.041	-1.023	0.108	-0.244	-0.488	-0.183	-85.73	-2.60	131.97	6.762	18.326	-8.428	0.31232	-0.26099	-0.62735	0.66382	25.5	13111	100
2025-5-11 11:11:16.377	WTBenchPress#5(CEA7A127C8E8)	0.041	-1.022	0.107	0.061	-0.488	-0.183	-85.70	-2.60	131.97	6.762	18.326	-8.428	0.31232	-0.26099	-0.62735	0.66382	25.5	13111	100
2025-5-11 11:11:16.377	WTBenchPress#5(CEA7A127C8E8)	0.041	-1.021	0.109	0.427	-0.488	-0.122	-85.68	-2.60	131.96	6.762	18.326	-8.428	0.31232	-0.26099	-0.62735	0.66382	25.5	13111	100
2025-5-11 11:11:16.408	WTBenchPress#5(CEA7A127C8E8)	0.041	-1.022	0.108	0.732	-0.488	-0.122	-85.65	-2.60	131.95	6.762	18.326	-8.428	0.31232	-0.26099	-0.62735	0.66382	25.5	13111	100
2025-5-11 11:11:16.408	WTBenchPress#5(CEA7A127C8E8)	0.041	-1.023	0.110	0.793	-0.488	-0.183	-85.61	-2.60	131.95	6.762	18.326	-8.428	0.31232	-0.26099	-0.62735	0.66382	25.5	13111	100
2025-5-11 11:11:16.469	WTBenchPress#5(CEA7A127C8E8)	0.041	-1.022	0.110	0.854	-0.488	-0.183	-85.58	-2.60	131.95	6.762	18.326	-8.428	0.31232	-0.26099	-0.62735	0.66382	25.5	13111	100
2025-5-11 11:11:16.469	WTBenchPress#5(CEA7A127C8E8)	0.040	-1.022	0.110	0.793	-0.488	-0.122	-85.54	-2.60	131.95	6.762	18.326	-8.428	0.31232	-0.26099	-0.62735	0.66382	25.5	13111	100
2025-5-11 11:11:16.498	WTBenchPress#5(CEA7A127C8E8)	0.040	-1.022	0.110	0.793	-0.549	-0.122	-85.51	-2.60	131.95	6.762	18.326	-8.428	0.31232	-0.26099	-0.62735	0.66382	25.5	13111	100
2025-5-11 11:11:16.499	WTBenchPress#5(CEA7A127C8E8)	0.040	-1.021	0.109	0.854	-0.549	-0.122	-85.47	-2.60	131.95	6.762	18.326	-8.428	0.31305	-0.26093	-0.62634	0.66446	25.5	13111	100
2025-5-11 11:11:16.545	WTBenchPress#5(CEA7A127C8E8)	0.040	-1.023	0.110	0.977	-0.488	-0.122	-85.44	-2.60	131.95	6.762	18.326	-8.428	0.31305	-0.26093	-0.62634	0.66446	25.5	13111	100
2025-5-11 11:11:16.545	WTBenchPress#5(CEA7A127C8E8)	0.040	-1.023	0.109	1.099	-0.549	-0.122	-85.40	-2.60	131.95	6.762	18.326	-8.428	0.31305	-0.26093	-0.62634	0.66446	25.5	13111	100
2025-5-11 11:11:16.587	WTBenchPress#5(CEA7A127C8E8)	0.040	-1.022	0.110	1.160	-0.488	-0.122	-85.35	-2.60	131.96	6.762	18.326	-8.428	0.31305	-0.26093	-0.62634	0.66446	25.5	13111	100
2025-5-11 11:11:16.587	WTBenchPress#5(CEA7A127C8E8)	0.039	-1.022	0.111	1.099	-0.488	-0.122	-85.31	-2.60	131.97	6.762	18.326	-8.428	0.31305	-0.26093	-0.62634	0.66446	25.5	13111	100
2025-5-11 11:11:16.618	WTBenchPress#5(CEA7A127C8E8)	0.039	-1.022	0.112	0.916	-0.488	-0.183	-85.28	-2.60	131.98	6.762	18.326	-8.428	0.31305	-0.26093	-0.62634	0.66446	25.5	13111	100
2025-5-11 11:11:16.618	WTBenchPress#5(CEA7A127C8E8)	0.039	-1.022	0.112	0.488	-0.488	-0.183	-85.25	-2.60	131.99	6.762	18.326	-8.428	0.31305	-0.26093	-0.62634	0.66446	25.5	13111	100
2025-5-11 11:11:16.649	WTBenchPress#5(CEA7A127C8E8)	0.039	-1.022	0.113	0.000	-0.488	-0.183	-85.23	-2.60	132.00	6.762	18.326	-8.428	0.31305	-0.26093	-0.62634	0.66446	25.5	13111	100
2025-5-11 11:11:16.649	WTBenchPress#5(CEA7A127C8E8)	0.039	-1.023	0.112	-0.427	-0.488	-0.183	-85.22	-2.60	132.01	6.762	18.326	-8.428	0.31305	-0.26093	-0.62634	0.66446	25.5	13111	100
2025-5-11 11:11:16.707	WTBenchPress#5(CEA7A127C8E8)	0.039	-1.021	0.111	-0.671	-0.488	0.000	-85.21	-2.59	132.02	6.762	18.326	-8.428	0.31305	-0.26093	-0.62634	0.66446	25.5	13111	100
2025-5-11 11:11:16.707	WTBenchPress#5(CEA7A127C8E8)	0.040	-1.023	0.111	-0.793	-0.427	0.000	-85.20	-2.59	132.02	6.762	18.326	-8.428	0.31305	-0.26093	-0.62634	0.66446	25.5	13111	100
2025-5-11 11:11:16.746	WTBenchPress#5(CEA7A127C8E8)	0.039	-1.023	0.111	-0.854	-0.427	0.000	-85.20	-2.59	132.02	6.664	18.228	-8.624	0.31305	-0.26093	-0.62634	0.66446	25.5	13111	100
2025-5-11 11:11:16.746	WTBenchPress#5(CEA7A127C8E8)	0.040	-1.022	0.111	-0.916	-0.427	0.000	-85.20	-2.58	132.03	6.664	18.228	-8.624	0.31305	-0.26093	-0.62634	0.66446	25.5	13111	100
2025-5-11 11:11:16.767	WTBenchPress#5(CEA7A127C8E8)	0.040	-1.022	0.112	-1.160	-0.427	0.000	-85.21	-2.58	132.03	6.664	18.228	-8.624	0.31305	-0.26093	-0.62634	0.66446	25.5	13111	100
2025-5-11 11:11:16.767	WTBenchPress#5(CEA7A127C8E8)	0.040	-1.021	0.112	-1.526	-0.427	0.000	-85.22	-2.58	132.04	6.664	18.228	-8.624	0.31305	-0.26093	-0.62634	0.66446	25.5	13111	100
2025-5-11 11:11:16.828	WTBenchPress#5(CEA7A127C8E8)	0.041	-1.022	0.112	-1.892	-0.427	-0.305	-85.24	-2.58	132.04	6.664	18.228	-8.624	0.31305	-0.26093	-0.62634	0.66446	25.5	13111	100
2025-5-11 11:11:16.828	WTBenchPress#5(CEA7A127C8E8)	0.040	-1.023	0.112	-2.380	-0.427	-0.244	-85.27	-2.58	132.04	6.664	18.228	-8.624	0.31305	-0.26093	-0.62634	0.66446	25.5	13111	100
2025-5-11 11:11:16.856	WTBenchPress#5(CEA7A127C8E8)	0.041	-1.022	0.111	-2.686	-0.427	-0.244	-85.30	-2.58	132.05	6.664	18.228	-8.624	0.31305	-0.26093	-0.62634	0.66446	25.5	13111	100
2025-5-11 11:11:16.856	WTBenchPress#5(CEA7A127C8E8)	0.041	-1.022	0.109	-2.747	-0.366	-0.305	-85.34	-2.58	132.06	6.664	18.228	-8.624	0.31305	-0.26093	-0.62634	0.66446	25.5	13111	100
2025-5-11 11:11:16.888	WTBenchPress#5(CEA7A127C8E8)	0.041	-1.022	0.110	-2.686	-0.366	-0.305	-85.37	-2.58	132.06	6.664	18.228	-8.624	0.31305	-0.26093	-0.62634	0.66446	25.5	13111	100
2025-5-11 11:11:16.888	WTBenchPress#5(CEA7A127C8E8)	0.041	-1.023	0.110	-2.625	-0.366	-0.305	-85.41	-2.59	132.06	6.664	18.228	-8.624	0.31305	-0.26093	-0.62634	0.66446	25.5	13111	100
2025-5-11 11:11:16.948	WTBenchPress#5(CEA7A127C8E8)	0.041	-1.023	0.111	-2.625	-0.366	-0.305	-85.44	-2.59	132.06	6.664	18.228	-8.624	0.31235	-0.26041	-0.62659	0.66473	25.5	13111	100
2025-5-11 11:11:16.948	WTBenchPress#5(CEA7A127C8E8)	0.041	-1.022	0.110	-2.686	-0.366	-0.305	-85.47	-2.59	132.05	6.664	18.228	-8.624	0.31235	-0.26041	-0.62659	0.66473	25.5	13111	100
2025-5-11 11:11:17.7	WTBenchPress#5(CEA7A127C8E8)	0.040	-1.022	0.110	-2.869	-0.366	-0.305	-85.51	-2.59	132.05	6.664	18.228	-8.624	0.31235	-0.26041	-0.62659	0.66473	25.5	13111	100
2025-5-11 11:11:17.7	WTBenchPress#5(CEA7A127C8E8)	0.041	-1.022	0.110	-2.991	-0.427	-0.305	-85.55	-2.60	132.04	6.664	18.228	-8.624	0.31235	-0.26041	-0.62659	0.66473	25.5	13111	100
2025-5-11 11:11:17.9	WTBenchPress#5(CEA7A127C8E8)	0.040	-1.023	0.110	-3.052	-0.427	-0.366	-85.59	-2.60	132.04	6.664	18.228	-8.624	0.31235	-0.26041	-0.62659	0.66473	25.5	13111	100
2025-5-11 11:11:17.9	WTBenchPress#5(CEA7A127C8E8)	0.040	-1.023	0.108	-2.930	-0.427	-0.305	-85.63	-2.60	132.03	6.664	18.228	-8.624	0.31235	-0.26041	-0.62659	0.66473	25.5	13111	100
2025-5-11 11:11:17.69	WTBenchPress#5(CEA7A127C8E8)	0.040	-1.023	0.108	-2.686	-0.427	-0.305	-85.66	-2.60	132.03	6.664	18.228	-8.624	0.31235	-0.26041	-0.62659	0.66473	25.5	13111	100
2025-5-11 11:11:17.70	WTBenchPress#5(CEA7A127C8E8)	0.039	-1.022	0.106	-2.258	-0.427	-0.244	-85.69	-2.61	132.02	6.664	18.228	-8.624	0.31235	-0.26041	-0.62659	0.66473	25.5	13111	100
2025-5-11 11:11:17.100	WTBenchPress#5(CEA7A127C8E8)	0.039	-1.023	0.107	-1.831	-0.427	-0.305	-85.70	-2.61	132.01	6.664	18.228	-8.624	0.31235	-0.26041	-0.62659	0.66473	25.5	13111	100
2025-5-11 11:11:17.100	WTBenchPress#5(CEA7A127C8E8)	0.039	-1.023	0.109	-1.526	-0.427	-0.244	-85.72	-2.61	132.01	6.664	18.326	-8.428	0.31235	-0.26041	-0.62659	0.66473	25.5	13111	100
2025-5-11 11:11:17.140	WTBenchPress#5(CEA7A127C8E8)	0.039	-1.022	0.109	-1.343	-0.488	-0.244	-85.72	-2.61	132.00	6.664	18.326	-8.428	0.31235	-0.26041	-0.62659	0.66473	25.5	13111	100
2025-5-11 11:11:17.140	WTBenchPress#5(CEA7A127C8E8)	0.039	-1.022	0.109	-1.282	-0.427	-0.244	-85.73	-2.61	132.00	6.664	18.326	-8.428	0.31235	-0.26041	-0.62659	0.66473	25.5	13111	100
